#   13.000  -0.086   2.206 ;Mean Elev.(m), Avg Gradient(m/km), RMS Gradient(m/km) - SRTM1     
#   -0.802  -0.326   3.660 ;Mean Elev.(m), Avg Gradient(m/km), RMS Gradient(m/km) - ASTER GDEM
#   13.852  -0.099   2.237 ;Mean Elev.(m), Avg Gradient(m/km), RMS Gradient(m/km) - GMTED2010 
  8 268.401649  31.262570    12.272    12.272  2 52492.68563161 18.436
 10 268.398826  31.262475    11.632    11.632  2 52562.68565642 12.320
 12 268.395659  31.262957    12.867    12.867  2 52632.68561959 20.613
 13 268.392415  31.264349    10.346    10.346  2 52667.68563705 25.787
 14 268.403632  31.261873    16.573    16.573  2 52702.68561122 37.058
 16 268.393604  31.262295    12.769    12.769  2 52772.68561525 23.887
 17 268.394811  31.262568    14.357    14.357  2 52807.68567515 34.979
 18 268.396668  31.262496    12.191    12.191  2 52842.68573338 23.425
 19 268.394000  31.263491     9.111     9.043  3 52877.68577172 34.259
 20 268.398449  31.262846    11.694    11.694  2 52912.68573009 11.809
 21 268.403485  31.262250     7.171     7.171  2 52947.68568754 41.335
 23 268.392145  31.264359    12.916    12.916  2 53017.68571674 43.828
 24 268.399959  31.262007    15.343    15.343  2 53052.68569764 38.417
 25 268.384198  31.265946    16.042    16.042  2 53087.68573427 35.035
 26 268.395560  31.262103    13.172    13.172  2 53122.68570447 26.317
 27 268.389119  31.263996    12.332    12.332  2 53157.68576107 23.443
 28 268.398211  31.262390    15.983    15.983  2 53192.68575448 33.004
 30 268.387931  31.263748     9.868     9.868  2 53262.68572632 23.335
 31 268.387155  31.264698    10.516    10.516  2 53297.68576426 12.541
 33 268.393588  31.263766    16.473    16.473  2 53367.68568026 38.611
 34 268.395683  31.263201    18.339    18.339  2 53402.68570912 35.264
 35 268.393052  31.263595    15.558    15.558  2 53437.68569801 33.485
 36 268.392284  31.263426    14.653    14.653  2 53472.68575247 28.255
 37 268.392335  31.264061    11.671    11.689  3 53507.68577967 51.482
 38 268.390373  31.263772    11.240    11.206  3 53542.68578860 51.658
 39 268.390697  31.264456     8.359     8.359  2 53577.68577404 20.427
 42 268.388297  31.265275     6.752     6.752  2 53682.68574714 30.768
 43 268.394702  31.262900     8.266     8.266  2 53717.68567465 45.953
 44 268.403787  31.262547    14.699    14.699  2 53752.68559460 16.871
 45 268.397437  31.263398    12.368    12.368  2 53787.68562473 23.026
 46 268.402209  31.260593    14.878    14.878  2 53822.68557944 32.781
 47 268.391745  31.262848    12.544    12.544  2 53857.68567137 22.111
 48 268.399037  31.261403    11.376    11.376  2 53892.68568532 19.917
 49 268.384762  31.264872     7.976     7.976  2 53927.68574426 25.260
 50 268.386234  31.265416     5.891     5.928  3 53962.68572758 28.013
 51 268.402046  31.261365     6.216     6.216  2 53997.68567391 17.444
 52 268.398305  31.261874     8.074     8.074  2 54032.68572432 16.830
 54 268.390858  31.263906    12.470    12.470  2 54102.68567752 36.134
 55 268.395951  31.263053    15.742    15.835  3 54137.68564658 38.012
 56 268.391407  31.263640    13.976    14.036  3 54172.68565519 29.171
 57 268.395291  31.263503    14.360    14.360  2 54207.68565211 47.568
 58 268.395017  31.263585    14.307    14.307  2 54242.68568400 29.785
 59 268.394800  31.263291    11.790    11.863  3 54277.68569798 22.708
 60 268.395422  31.263209    11.180    11.180  2 54312.68569857 49.643
 61 268.392296  31.264129     8.774     8.770  3 54347.68567029 25.300
 62 268.396604  31.262506    10.241    10.241  2 54382.68563607 13.717
 63 268.392266  31.263640     7.855     7.855  2 54417.68561994 44.829
 64 268.397257  31.262254     9.815     9.815  2 54452.68560581 43.346
 65 268.395408  31.263644    12.699    12.699  2 54487.68561754 26.554
 66 268.396935  31.262336    15.879    15.946  3 54522.68561902 37.293
 67 268.392054  31.262913    17.864    17.864  2 54557.68562751 39.039
 68 268.394626  31.263991    18.984    18.984  2 54592.68561445 39.493
 69 268.393549  31.263509    15.818    15.818  2 54627.68563016 35.122
 70 268.392596  31.263067    16.623    16.623  2 54662.68563765 47.310
 71 268.393839  31.264459    12.372    12.372  2 54697.68561186 22.611
 72 268.396273  31.262507    12.525    12.525  2 54732.68559458 30.968
 73 268.394419  31.263041     9.564     9.564  2 54767.68559201 21.583
 74 268.395381  31.263195     7.448     7.560  3 54802.68558842 37.214
 75 268.394314  31.262966    14.152    14.152  2 54837.68558457 28.200
 76 268.395732  31.263147    12.231    12.155  3 54872.68558762 23.362
 77 268.389918  31.264570    12.681    12.657  3 54907.68559191 26.890
 78 268.394913  31.262569    15.931    16.034  3 54942.68558000 35.815
 79 268.393314  31.263273    19.353    19.269  3 54977.68560764 38.414
 80 268.393481  31.264103    15.467    15.467  2 55012.68561490 32.936
 81 268.395210  31.263068    12.569    12.645  3 55047.68560718 22.551
 82 268.391585  31.263782     9.129     9.108  3 55082.68557825 25.188
 83 268.396756  31.261617    12.611    12.611  2 55117.68553973 47.936
 84 268.392507  31.263455    16.825    16.720  3 55152.68553678 34.974
 85 268.395639  31.262929    15.368    15.368  2 55187.68552674 31.369
 86 268.392996  31.263761    14.329    13.608  3 55222.68553564 25.136
 87 268.395658  31.262219    15.234    15.234  2 55257.68552310 31.701
 88 268.391658  31.264947    16.961    16.961  2 55292.68552273 36.394
 89 268.392467  31.263149    15.536    15.536  2 55327.68550630 33.602
 90 268.392931  31.263927    14.465    14.465  2 55362.68550221 29.325
 91 268.395793  31.262576    14.378    14.378  2 55397.68551030 30.216
 92 268.396206  31.263442    12.213    12.213  2 55432.68551736 47.941
 93 268.391877  31.263469    10.227    10.227  2 55467.68547615 20.523
