-300780.177    96.957     0.00   19.49
-300406.404    91.770   -13.87   21.55
-300032.606    82.665   -24.35   16.18
-299658.783    85.247     6.91   22.87
-299284.935    90.117    13.02   25.58
-298911.062    93.789     9.82   24.30
-298537.165    99.193    14.45   21.18
-298163.243    97.130    -5.51   17.71
-297789.296    89.955   -19.18   17.62
-297415.324    86.372    -9.58   17.75
-297041.327    74.236   -32.44   15.73
-296667.305    69.161   -13.57   16.21
-296293.259    71.346     5.84   18.89
-295919.187    77.363    16.08   20.67
-295545.091    85.366    21.39   19.34
-295170.969    94.617    24.72   13.67
-294796.823    95.645     2.74   12.49
-294422.652    94.811    -2.23    9.78
-294048.456    92.685    -5.68    9.57
-293674.235    87.910   -12.76    8.99
-293299.989    83.531   -11.70    7.69
-292925.718    78.726   -12.83    7.93
-292551.422    72.622   -16.30   10.22
-292177.102    66.604   -16.07   11.96
-291802.756    59.330   -19.42   12.15
-291428.385    55.024   -11.50   14.63
-291053.990    55.155     0.35   14.90
-290679.569    53.161    -5.32   12.02
-290305.123    56.146     7.97   11.11
-289930.653    58.386     5.98   12.57
-289556.157    60.435     5.47   12.87
-289181.636    59.563    -2.33   13.35
-288807.090    58.073    -3.98   12.84
-288432.520    53.497   -12.21   11.11
-288057.924    51.258    -5.98    9.81
-287683.303    46.428   -12.89   11.39
-287308.657    44.726    -4.54   12.48
-286933.986    41.522    -8.55   13.29
-286559.290    36.971   -12.14   13.21
-286184.569    33.685    -8.77   13.61
-285809.823    27.330   -16.95   13.25
-285435.052    24.960    -6.32   13.78
-285060.256    22.769    -5.85   13.66
-284685.434    21.194    -4.20   14.70
-284310.588    17.372   -10.19   14.87
-283935.716    13.849    -9.40   15.86
-283560.819    10.018   -10.22   14.84
-283185.898     7.810    -5.89   15.46
-282810.951     5.024    -7.43   15.42
-282435.978     7.486     6.56   17.81
-282060.981     7.574     0.23   19.27
-281685.959     8.018     1.18   20.76
-281310.911     9.450     3.82   20.88
-280935.838     5.226   -11.26   20.62
-280560.740    -3.947   -24.45   20.41
-280185.617   -11.784   -20.89   16.36
-279810.469   -16.891   -13.61   14.71
-279435.295   -17.636    -1.98   13.94
-279060.097   -12.070    14.83   16.81
-278684.873    -2.961    24.27   17.69
-278309.624     3.835    18.11   14.75
-277934.349    13.706    26.30   12.82
-277559.050    21.193    19.94   13.61
-277183.725    27.020    15.52   11.88
-276808.375    28.860     4.90    9.96
-276433.000    22.787   -16.17   14.50
-276057.599    16.596   -16.49   13.24
-275682.173    13.828    -7.37   11.70
-275306.722    14.769     2.50   11.75
-274931.246    19.726    13.20   10.67
-274555.744    22.580     7.60   11.40
-274180.217    25.531     7.85   11.60
-273804.665    29.875    11.57   11.47
-273429.087    36.012    16.34   12.84
-273053.484    44.770    23.31   12.52
-272677.856    50.420    15.04   11.74
-272302.203    52.408     5.29   11.03
-271926.524    49.216    -8.49   11.61
-271550.819    44.400   -12.82   12.16
-271175.090    40.461   -10.48   13.20
-270799.335    33.580   -18.31   11.84
-270423.555    30.522    -8.14   11.87
-270047.749    28.982    -4.10   14.30
-269671.918    28.415    -1.51   15.29
-269296.061    24.152   -11.34   17.72
-268920.180    18.122   -16.04   20.48
-268544.272    10.039   -21.50   15.96
-268168.340     4.502   -14.72   10.08
-267792.382     3.748    -2.00    9.49
-267416.398     5.806     5.47   10.21
-267040.389    10.113    11.45   10.38
-266664.355    14.306    11.15   10.85
-266288.295    18.683    11.63   13.45
-265912.210    26.726    21.38   17.40
-265536.099    37.620    28.96   20.06
-265159.963    51.857    37.84   23.96
-264783.802    61.556    25.78   20.30
-264407.615    64.444     7.67   18.63
-264031.402    63.914    -1.41   19.77
-263655.164    58.705   -13.84   20.50
-263278.900    61.922     8.55   24.63
-262902.611    74.645    33.80   28.63
-262526.297    82.593    21.12   27.26
-262149.957    92.589    26.55   25.48
-261773.591   100.357    20.63   21.27
-261397.200    96.196   -11.05   18.65
-261020.783    91.560   -12.31   18.98
-260644.341    87.164   -11.67   21.55
-260267.873    80.645   -17.31   24.52
-259891.380    75.857   -12.71   25.88
-259514.861    72.918    -7.80   25.25
-259138.316    68.461   -11.83   24.42
-258761.746    64.997    -9.20   23.18
-258385.150    62.893    -5.59   24.46
-258008.529    58.875   -10.67   26.12
-257631.882    54.286   -12.18   25.23
-257255.210    49.139   -13.66   26.63
-256878.512    44.869   -11.33   27.14
-256501.788    41.247    -9.61   25.47
-256125.038    35.705   -14.71   25.59
-255748.263    29.461   -16.57   28.34
-255371.463    19.407   -26.68   27.35
-254994.636     8.599   -28.68   24.78
-254617.784     3.088   -14.62   21.80
-254240.907     2.828    -0.69   22.74
-253864.003     4.930     5.58   26.36
-253487.074     9.518    12.17   27.76
-253110.119    14.114    12.19   28.47
-252733.139     9.009   -13.54   26.06
-252356.133     5.889    -8.27   24.14
-251979.101     1.247   -12.31   22.79
-251602.043    -7.396   -22.92   16.23
-251224.960    -7.743    -0.92   16.41
-250847.851    -8.232    -1.30   18.33
-250470.716   -11.190    -7.84   17.04
-250093.556   -10.665     1.39   17.49
-249716.369   -10.457     0.55   17.17
-249339.157   -14.014    -9.43   16.87
-248961.920   -17.804   -10.05   15.73
-248584.656   -22.539   -12.55   10.56
-248207.367   -24.040    -3.98   10.78
-247830.051   -18.997    13.36   17.23
-247452.710    -5.128    36.75   26.24
-247075.933     6.828    31.73   27.08
-246703.642    20.787    37.49   24.01
-246331.325    18.828    -5.26   24.60
-245958.984    10.420   -22.58   28.16
-245586.617     2.577   -21.06   30.22
-245214.225    -6.234   -23.65   30.37
-244841.808   -17.665   -30.69   21.79
-244469.366   -23.498   -15.66   14.14
-244096.899   -26.649    -8.46    5.52
-243724.407   -26.961    -0.84    3.66
-243351.889   -25.232     4.64    4.12
-242979.347   -20.906    11.61   14.53
-242606.779   -16.086    12.93   18.33
-242234.186   -11.600    12.04   18.64
-241861.568   -11.593     0.02   15.28
-241488.925   -13.295    -4.57   12.64
-241116.256   -16.947    -9.80    9.07
-240743.563   -22.560   -15.05    6.91
-240370.844   -26.376   -10.24    5.32
-239998.100   -29.232    -7.66    4.22
-239625.331   -28.315     2.46    6.34
-239252.536   -18.434    26.50   19.45
-238879.717    -5.817    33.83   25.06
-238506.872    13.706    52.35   29.00
-238134.002    34.164    54.85   22.74
-237761.106    41.205    18.88   23.22
-237388.186    50.997    26.25   19.04
-237015.240    57.440    17.27   16.05
-236642.269    61.726    11.49   11.59
-236269.272    64.237     6.73    7.14
-235896.251    61.833    -6.44    7.69
-235523.204    59.556    -6.10    7.75
-235150.131    59.094    -1.24    7.53
-234777.034    56.372    -7.29    8.82
-234403.911    52.914    -9.27   11.24
-234030.763    51.930    -2.63   11.18
-233657.589    53.896     5.27   10.97
-233284.391    57.206     8.87    9.58
-232911.166    60.857     9.78    7.01
-232537.917    59.286    -4.21    9.65
-232164.642    57.216    -5.55    8.72
-231791.342    53.543    -9.84    9.77
-231418.016    49.830    -9.94   11.47
-231044.665    46.997    -7.59   10.86
-230671.289    41.828   -13.84   11.53
-230297.887    39.704    -5.69   11.93
-229924.460    36.556    -8.43   13.40
-229551.008    36.351    -0.55   13.75
-229177.530    35.012    -3.59   13.51
-228804.027    29.289   -15.32   15.38
-228430.498    19.622   -25.87   19.17
-228056.944     8.298   -30.31   15.28
-227683.364     7.322    -2.61   15.30
-227309.759     7.216    -0.28   14.27
-226936.129     6.726    -1.31   16.14
-226562.473    -3.934   -28.52   20.80
-226188.792   -18.316   -38.48   14.16
-225815.085   -24.315   -16.05    8.11
-225441.353   -25.070    -2.02    5.68
-225067.595   -23.870     3.21    4.56
-224693.812   -22.920     2.54    4.14
-224320.003   -23.361    -1.18    3.18
-223946.169   -24.003    -1.72    3.11
-223572.309   -23.420     1.56    3.37
-223198.423   -23.213     0.55    3.05
-222824.513   -21.600     4.31    7.95
-222450.576   -15.678    15.83   13.22
-222076.614    -6.714    23.97   15.76
-221702.627     3.272    26.69   12.43
-221328.614     9.334    16.21    7.55
-220954.575    11.726     6.39    6.06
-220580.511    13.583     4.96    5.53
-220206.422    14.833     3.34    4.53
-219832.306    14.277    -1.48    5.26
-219458.165    13.094    -3.16    6.06
-219083.999    10.122    -7.94    6.41
-218709.807     7.155    -7.93    7.02
-218335.589     1.935   -13.95    7.55
-217961.346    -3.519   -14.57    8.79
-217587.077    -8.784   -14.07    7.33
-217212.782   -11.690    -7.76    5.04
-216838.462   -13.539    -4.94    5.50
-216464.116   -15.252    -4.57    5.48
-216089.745   -15.980    -1.94    5.29
-215715.348   -15.706     0.73    5.93
-215340.925   -12.014     9.86    6.98
-214966.476    -8.361     9.75    6.73
-214592.002    -5.274     8.24    5.39
-214217.502    -2.253     8.06    5.73
-213842.977     1.279     9.43    7.13
-213468.426     7.789    17.38    9.27
-213093.849    13.117    14.22    8.56
-212719.246    15.810     7.18    6.58
-212344.617    17.067     3.35    5.42
-211969.963    14.420    -7.06    7.46
-211595.283     9.298   -13.67    7.92
-211220.578     3.857   -14.52    8.93
-210845.846    -0.214   -10.86    7.83
-210471.089    -0.637    -1.13    7.73
-210096.306     3.026     9.77    8.94
-209721.497     6.813    10.10    6.57
-209346.663     7.767     2.54    5.83
-208971.803     6.101    -4.44    6.00
-208596.917     2.024   -10.87    7.63
-208222.005    -1.399    -9.13    6.88
-207847.067    -4.883    -9.29    7.27
-207472.103    -7.315    -6.49    6.71
-207097.114   -11.690   -11.66    8.16
-206722.099   -14.662    -7.92    8.14
-206347.058   -16.927    -6.04    7.13
-205971.991   -18.487    -4.16    5.89
-205596.898   -18.614    -0.34    5.03
-205221.780   -19.683    -2.85    4.95
-204846.635   -18.554     3.01    5.40
-204471.465   -15.997     6.81    6.21
-204096.269   -15.294     1.87    6.20
-203721.047   -16.315    -2.72    7.26
-203345.799   -17.649    -3.55    7.77
-202970.525   -19.524    -5.00    8.18
-202595.225   -19.383     0.38    9.99
-202219.899   -20.440    -2.82   11.17
-201844.547   -22.815    -6.33   10.46
-201469.170   -24.498    -4.48    9.72
-201093.766   -27.498    -7.99    8.40
-200718.337   -28.529    -2.75    7.05
-200342.881   -29.614    -2.89    5.96
-199967.400   -29.718    -0.28    5.57
-199591.892   -29.614     0.28    4.11
-199216.359   -29.572     0.11    3.41
-198840.799   -29.784    -0.57    3.71
-198465.214   -30.376    -1.58    3.70
-198089.603   -30.440    -0.17    3.86
-197713.965   -29.940     1.33    3.84
-197338.302   -29.839     0.27    3.31
-196962.612   -29.982    -0.38    3.13
-196586.897   -30.274    -0.78    2.95
-196211.155   -30.274     0.00    2.84
-195835.388   -30.560    -0.76    3.16
-195459.594   -29.870     1.84    3.18
-195083.775   -30.254    -1.02    3.14
-194707.929   -30.796    -1.44    2.73
-194332.057   -30.814    -0.05    2.49
-193956.159   -30.848    -0.09    1.84
-193580.235   -29.857     2.64    5.78
-193204.285   -27.621     5.95    9.36
-192828.309   -24.128     9.29   12.55
-192452.307   -22.614     4.03   13.78
-192076.278   -19.339     8.71   13.72
-191700.224   -18.233     2.94   11.49
-191324.143   -18.845    -1.63    8.33
-190948.036   -19.795    -2.52    6.13
-190571.903   -20.213    -1.11    5.74
-190195.744   -19.550     1.76    5.64
-189819.559   -17.666     5.01    6.16
-189443.347   -14.955     7.21    5.95
-189067.110   -11.641     8.81    6.58
-188690.846    -6.854    12.72    6.55
-188314.556    -3.294     9.46    5.80
-187938.240    -1.600     4.50    6.02
-187561.897    -1.817    -0.58    8.12
-187185.529    -4.912    -8.22    9.64
-186809.134    -6.968    -5.46    9.00
-186432.713    -6.094     2.32    7.63
-186056.265    -3.131     7.87    8.82
-185679.792     3.101    16.55   10.55
-185303.292    10.826    20.51   12.19
-184926.766    17.704    18.26   11.49
-184550.213    25.646    21.09   11.81
-184173.635    32.393    17.91   10.07
-183797.030    34.461     5.49   11.32
-183420.399    33.053    -3.74   14.01
-183043.741    27.400   -15.01   17.12
-182667.057    18.833   -22.74   16.50
-182290.347    13.944   -12.98   13.57
-181913.611     9.126   -12.78   11.65
-181536.848     2.849   -16.66   11.89
-181160.059    -2.094   -13.11   13.31
-180783.243    -8.192   -16.18   11.93
-180406.402    -9.167    -2.59   11.72
-180029.533    -5.539     9.63   12.92
-179652.639     0.109    14.98   14.50
-179275.718     7.971    20.85   15.96
-178898.771    16.563    22.79   15.12
-178521.797    24.828    21.92   11.27
-178144.797    29.400    12.12   10.86
-177767.771    35.944    17.35    9.42
-177390.718    41.726    15.33    9.29
-177013.638    46.205    11.88    9.47
-176636.533    43.461    -7.28   12.52
-176259.401    37.053   -16.99   15.40
-175882.242    32.955   -10.86   16.32
-175505.057    26.747   -16.46   12.78
-175127.846    27.835     2.88   15.44
-174750.608    30.746     7.72   17.63
-174373.343    31.706     2.54   19.62
-173996.052    35.486    10.02   19.23
-173618.735    48.257    33.84   24.29
-173241.391    60.487    32.41   24.95
-172864.021    61.866     3.65   20.85
-172486.624    59.497    -6.28   19.12
-172109.857    46.747   -33.83   18.45
-171737.646    34.126   -33.90   18.82
-171365.410    26.400   -20.75   17.70
-170993.148    17.665   -23.46   13.09
-170620.860    10.364   -19.61    7.54
-170248.546     5.875   -12.06    8.30
-169876.207     0.552   -14.29    8.45
-169503.842    -5.294   -15.70    7.43
-169131.451    -5.503    -0.56    9.00
-168759.034     2.497    21.48   19.10
-168386.591    16.114    36.55   21.61
-168014.123    26.747    28.54   18.93
-167641.628    35.546    23.62   20.34
-167269.108    38.270     7.31   22.14
-166896.562    45.393    19.12   23.63
-166523.991    43.896    -4.02   20.85
-166151.393    39.645   -11.41   23.47
-165778.769    32.492   -19.19   21.23
-165406.120    28.400   -10.98   16.31
-165033.445    27.604    -2.14   14.11
-164660.744    28.601     2.68   12.75
-164288.017    24.351   -11.40   15.46
-163915.264    16.052   -22.26   14.78
-163542.485     6.414   -25.85   12.03
-163169.680    -0.891   -19.59   10.17
-162796.850    -6.213   -14.27   10.35
-162423.993   -13.866   -20.52    6.76
-162051.111   -16.784    -7.83    4.48
-161678.202   -17.641    -2.30    3.08
-161305.268   -16.317     3.55    3.39
-160932.308   -13.509     7.53    4.76
-160559.322    -9.137    11.72    6.05
-160186.309     0.257    25.18   13.97
-159813.271    14.922    39.31   22.75
-159440.207    32.583    47.33   27.21
-159067.117    46.810    38.12   23.99
-158694.001    47.645     2.24   22.85
-158320.858    38.539   -24.40   29.02
-157947.690    21.583   -45.43   30.24
-157574.496     0.580   -56.27   23.39
-157201.276   -13.912   -38.82   16.02
-156828.030   -20.315   -17.15   12.41
-156454.757   -25.172   -13.01    1.64
-156081.459   -25.774    -1.61    1.13
-155708.135   -25.417     0.96    3.39
-155334.784   -25.991    -1.54    2.59
-154961.408   -26.313    -0.86    1.55
-154588.005   -26.387    -0.20    1.59
-154214.577   -26.294     0.25    1.51
-153841.122   -26.122     0.46    1.46
-153467.641   -26.274    -0.41    1.46
-153094.134   -26.172     0.27    1.77
-152720.601   -24.815     3.63    5.68
-152347.042   -22.940     5.02    8.56
-151973.456   -19.763     8.50   10.77
-151599.845   -17.682     5.57   12.87
-151226.207   -12.086    14.97   16.89
-150852.544    -5.947    16.43   23.04
-150478.854    -8.764    -7.54   24.16
-150105.138   -13.316   -12.18   23.42
-149731.395   -20.376   -18.89   19.82
-149357.627   -26.955   -17.60    4.97
-148983.832   -27.980    -2.74    1.33
-148610.012   -28.253    -0.73    1.13
-148236.165   -28.234     0.05    1.23
-147862.291   -28.107     0.34    1.37
-147488.392   -27.814     0.78    1.40
-147114.466   -26.641     3.14    2.88
-146740.514   -26.024     1.65    2.76
-146366.536   -25.836     0.50    2.83
-145992.532   -25.209     1.68    3.19
-145618.501   -23.906     3.48    3.93
-145244.444   -22.845     2.84    4.05
-144870.361   -21.968     2.35    4.34
-144496.252   -20.417     4.15    4.32
-144122.116   -19.628     2.11    4.25
-143747.954   -20.614    -2.63    4.45
-143373.766   -22.013    -3.74    4.43
-142999.551   -24.054    -5.45    4.24
-142625.310   -25.149    -2.93    3.64
-142251.043   -26.070    -2.46    3.05
-141876.750   -26.764    -1.85    2.22
-141502.430   -26.866    -0.27    1.84
-141128.084   -26.702     0.44    1.66
-140753.711   -26.687     0.04    1.60
-140379.312   -26.674     0.03    1.87
-140004.887   -26.699    -0.07    1.89
-139630.435   -26.694     0.01    1.94
-139255.957   -26.234     1.23    2.03
-138881.452   -25.845     1.04    1.66
-138506.922   -25.574     0.72    1.76
-138132.364   -25.550     0.06    1.84
-137757.781   -25.636    -0.23    1.41
-137383.171   -25.274     0.97    1.50
-137008.534   -24.825     1.20    1.39
-136633.871   -24.723     0.27    1.23
-136259.182   -24.194     1.41    1.40
-135884.466   -23.804     1.04    1.19
-135509.724   -23.503     0.80    1.42
-135134.955   -22.999     1.34    1.42
-134760.160   -22.426     1.53    1.48
-134385.338   -22.114     0.83    1.33
-134010.490   -20.742     3.66    5.88
-133635.615   -16.457    11.43   14.52
-133260.714    -6.355    26.94   23.74
-132885.787     1.951    22.15   27.36
-132510.832    13.604    31.07   28.33
-132135.852    23.726    26.99   23.17
-131760.844    29.164    14.50   18.20
-131385.811    35.094    15.81   13.33
-131010.750    39.918    12.86   12.93
-130635.663    44.032    10.97   11.80
-130260.550    49.444    14.42    9.05
-129885.410    53.236    10.11    8.26
-129510.243    53.340     0.28    8.17
-129135.050    52.155    -3.16    9.12
-128759.831    50.335    -4.85   11.63
-128384.584    47.073    -8.69   14.72
-128009.311    47.563     1.31   13.34
-127634.012    49.386     4.86   10.99
-127258.686    51.134     4.66    8.63
-126883.333    53.854     7.24    7.56
-126507.953    56.830     7.93    6.68
-126132.547    58.543     4.56    6.64
-125757.114    56.497    -5.45    8.30
-125381.655    56.583     0.23    8.97
-125006.169    53.664    -7.77   11.96
-124630.656    52.726    -2.50   11.41
-124255.117    54.465     4.63   10.27
-123879.551    56.126     4.42    9.48
-123503.958    60.018    10.36    7.77
-123128.338    61.006     2.63    6.73
-122752.692    61.266     0.69    6.01
-122377.019    58.914    -6.26    5.95
-122001.320    57.518    -3.71    6.22
-121625.593    53.400   -10.96    9.13
-121249.840    46.046   -19.57   13.14
-120874.060    42.266   -10.06   12.76
-120498.253    42.166    -0.27   12.12
-120122.420    44.053     5.02   12.22
-119746.560    50.450    17.02   11.35
-119370.673    56.226    15.37    7.16
-118994.759    60.003    10.05    5.40
-118618.818    63.886    10.33    5.98
-118242.851    67.766    10.32    5.91
-117866.857    69.666     5.05    5.91
-117490.836    71.326     4.41    5.81
-117114.788    71.982     1.74    6.90
-116738.713    72.511     1.41    7.71
-116362.612    73.833     3.51    6.92
-115986.484    73.026    -2.14    6.24
-115610.328    71.686    -3.56    5.90
-115234.146    68.808    -7.65    6.51
-114857.937    67.461    -3.58    6.47
-114481.702    69.896     6.47    7.52
-114105.439    70.622     1.93    6.39
-113729.149    70.851     0.61    5.02
-113352.833    68.747    -5.59    7.04
-112976.489    62.236   -17.30    9.87
-112600.119    57.194   -13.40   11.46
-112223.722    49.966   -19.20   13.82
-111847.297    40.509   -25.12   14.96
-111470.846    32.687   -20.78   15.35
-111094.368    24.939   -20.58   10.72
-110717.863    21.400    -9.40    5.15
-110341.331    22.706     3.47    5.74
-109964.772    26.143     9.13    7.42
-109588.186    32.247    16.21    9.37
-109211.573    39.906    20.33   12.24
-108834.933    45.060    13.68   11.41
-108458.266    52.114    18.73   10.19
-108081.572    56.580    11.86    9.01
-107704.851    61.175    12.20    8.33
-107328.103    65.471    11.40    7.06
-106951.328    65.687     0.57    6.04
-106574.526    64.193    -3.96    6.68
-106197.697    58.685   -14.61    7.72
-105820.841    52.067   -17.56    6.99
-105443.957    47.666   -11.67    6.72
-105067.047    43.440   -11.21    6.25
-104690.110    40.875    -6.81    6.55
-104313.145    40.830    -0.12    7.30
-103936.154    39.747    -2.87    8.45
-103559.135    37.166    -6.84    8.41
-103182.089    35.546    -4.30    8.63
-102805.016    36.935     3.68    9.44
-102427.916    42.086    13.66   10.41
-102050.789    48.531    17.09    7.64
-101673.634    52.166     9.64    5.57
-101296.453    54.420     5.97    4.81
-100919.244    55.787     3.62    5.40
-100542.008    54.206    -4.19    6.89
-100164.745    52.810    -3.70    7.24
 -99787.455    52.966     0.42    7.82
 -99410.138    52.918    -0.13    8.47
 -99032.793    52.446    -1.25    8.86
 -98655.421    53.586     3.02    8.82
 -98278.022    53.298    -0.76    6.80
 -97900.596    56.046     7.28    6.05
 -97523.143    59.878    10.15    6.97
 -97146.346    62.955     8.17    7.20
 -96774.212    66.789    10.30    6.74
 -96402.052    69.175     6.41    7.01
 -96029.865    72.286     8.36    6.90
 -95657.652    75.869     9.62    6.85
 -95285.412    79.889    10.80    6.72
 -94913.146    82.789     7.79    5.37
 -94540.854    83.883     2.94    5.13
 -94168.535    83.226    -1.76    5.57
 -93796.190    81.393    -4.92    6.07
 -93423.818    79.854    -4.13    6.23
 -93051.419    78.787    -2.86    6.56
 -92678.994    77.364    -3.82    7.10
 -92306.543    76.624    -1.99    6.83
 -91934.065    74.126    -6.71    7.45
 -91561.561    73.497    -1.69    6.97
 -91189.030    73.624     0.34    5.80
 -90816.472    72.767    -2.30    5.40
 -90443.888    71.481    -3.45    6.50
 -90071.277    69.216    -6.08    7.20
 -89698.640    69.146    -0.19    5.89
 -89325.976    67.032    -5.67    5.75
 -88953.286    66.643    -1.04    5.25
 -88580.569    65.526    -3.00    5.10
 -88207.825    65.322    -0.55    5.27
 -87835.055    64.942    -1.02    4.27
 -87462.259    64.357    -1.57    4.04
 -87089.435    62.886    -3.94    4.35
 -86716.585    61.318    -4.21    4.44
 -86343.709    59.706    -4.32    4.41
 -85970.805    58.461    -3.34    4.58
 -85597.875    57.951    -1.37    4.35
 -85224.919    56.066    -5.05    5.13
 -84851.936    53.878    -5.87    5.33
 -84478.926    51.846    -5.45    5.76
 -84105.889    49.101    -7.36    6.33
 -83732.826    47.412    -4.53    6.56
 -83359.736    45.086    -6.23    6.81
 -82986.619    44.604    -1.29    6.58
 -82613.476    43.146    -3.91    7.28
 -82240.306    43.185     0.10    7.10
 -81867.109    45.226     5.47    6.61
 -81493.885    47.335     5.65    6.33
 -81120.635    49.440     5.64    4.71
 -80747.358    50.966     4.09    3.10
 -80374.054    51.606     1.71    2.67
 -80000.724    51.624     0.05    2.52
 -79627.366    51.101    -1.40    2.41
 -79253.982    49.746    -3.63    4.39
 -78880.571    48.813    -2.50    4.65
 -78507.133    47.373    -3.86    6.24
 -78133.669    45.386    -5.32    7.70
 -77760.178    42.869    -6.74    9.77
 -77386.660    37.748   -13.71   10.43
 -77013.115    34.849    -7.76    8.85
 -76639.543    34.486    -0.97    8.18
 -76265.944    37.502     8.07    8.80
 -75892.319    41.706    11.25    7.89
 -75518.667    43.893     5.85    7.50
 -75144.987    43.646    -0.66    7.85
 -74771.281    43.406    -0.64    7.16
 -74397.548    43.586     0.48    7.10
 -74023.789    44.298     1.90    6.57
 -73650.002    45.080     2.09    6.56
 -73276.188    46.586     4.03    5.48
 -72902.348    46.596     0.03    5.31
 -72528.480    47.706     2.97    5.02
 -72154.586    48.560     2.28    5.01
 -71780.665    49.126     1.52    5.05
 -71406.717    49.966     2.25    5.00
 -71032.741    52.966     8.02    4.26
 -70658.739    56.686     9.95    5.58
 -70284.710    60.982    11.48    6.41
 -69910.654    63.986     8.03    5.41
 -69536.571    66.067     5.56    4.50
 -69162.461    66.126     0.16    4.34
 -68788.324    64.338    -4.78    3.53
 -68414.160    63.326    -2.71    2.51
 -68039.969    62.026    -3.47    1.68
 -67665.751    61.247    -2.08    1.98
 -67291.506    59.828    -3.79    2.05
 -66917.234    58.811    -2.72    1.75
 -66542.935    58.502    -0.83    2.04
 -66168.609    56.306    -5.86    4.30
 -65794.255    53.986    -6.20    5.59
 -65419.875    51.073    -7.78    4.65
 -65045.468    48.577    -6.67    4.13
 -64671.033    48.020    -1.49    4.33
 -64296.572    47.885    -0.36    4.39
 -63922.083    44.922    -7.91    7.05
 -63547.567    41.960    -7.91    7.94
 -63173.025    40.685    -3.40    7.34
 -62798.455    40.893     0.55    6.46
 -62423.858    43.406     6.71    5.06
 -62049.233    44.400     2.65    2.85
 -61674.582    43.279    -2.99    3.21
 -61299.904    42.155    -3.00    2.91
 -60925.198    41.664    -1.31    2.63
 -60550.465    42.406     1.98    2.74
 -60175.705    43.706     3.47    2.26
 -59800.918    44.175     1.25    1.95
 -59426.104    43.246    -2.48    3.48
 -59051.262    42.109    -3.03    3.60
 -58676.393    41.707    -1.07    3.58
 -58301.497    41.173    -1.42    3.20
 -57926.574    40.746    -1.14    2.90
 -57551.624    39.626    -2.99    2.95
 -57176.646    38.886    -1.97    3.05
 -56801.641    39.177     0.78    3.47
 -56426.609    40.960     4.75    3.26
 -56051.550    42.648     4.50    2.48
 -55676.463    43.769     2.99    1.82
 -55301.349    44.146     1.01    1.59
 -54926.208    44.268     0.32    1.76
 -54551.039    43.606    -1.76    2.87
 -54175.843    41.175    -6.48    4.83
 -53800.620    39.767    -3.75    4.92
 -53425.370    39.440    -0.87    4.45
 -53050.092    40.236     2.12    4.07
 -52674.787    41.366     3.01    4.11
 -52299.455    42.787     3.79    3.65
 -51924.095    44.130     3.58    2.33
 -51548.708    44.298     0.45    1.90
 -51173.293    43.790    -1.35    3.07
 -50797.852    42.275    -4.03    4.28
 -50422.382    41.400    -2.33    4.38
 -50046.886    41.866     1.24    4.66
 -49671.362    43.018     3.07    3.93
 -49295.810    44.826     4.81    2.41
 -48920.232    45.606     2.08    1.06
 -48544.625    45.372    -0.62    1.14
 -48168.992    45.257    -0.31    1.67
 -47793.331    44.641    -1.64    2.04
 -47417.642    42.946    -4.51    4.00
 -47041.926    42.486    -1.22    3.87
 -46666.183    42.786     0.80    3.84
 -46290.412    43.236     1.20    3.33
 -45914.614    44.322     2.89    1.51
 -45538.788    43.986    -0.89    1.47
 -45162.934    42.854    -3.01    2.19
 -44787.054    41.646    -3.21    2.50
 -44411.145    40.086    -4.15    2.65
 -44035.210    39.926    -0.43    2.73
 -43659.246    40.236     0.83    2.52
 -43283.255    40.918     1.81    2.26
 -42907.237    41.334     1.11    1.72
 -42531.191    40.492    -2.24    2.17
 -42155.118    40.338    -0.41    2.61
 -41779.016    40.833     1.31    2.69
 -41402.888    41.400     1.51    2.18
 -41026.732    41.686     0.76    1.75
 -40650.548    41.707     0.05    1.83
 -40274.337    41.106    -1.60    3.04
 -39898.098    39.604    -3.99    4.31
 -39521.831    38.146    -3.87    5.70
 -39145.537    37.155    -2.63    5.53
 -38769.215    35.705    -3.85    5.54
 -38392.866    35.386    -0.85    5.13
 -38016.488    36.813     3.79    3.65
 -37640.084    36.942     0.34    3.12
 -37263.651    35.310    -4.34    3.83
 -36887.191    33.546    -4.68    4.79
 -36510.704    32.426    -2.97    4.74
 -36134.188    31.787    -1.70    4.38
 -35757.645    32.491     1.87    3.72
 -35381.074    34.400     5.07    2.76
 -35004.476    35.177     2.06    3.24
 -34627.850    35.951     2.05    3.42
 -34251.196    35.546    -1.07    3.10
 -33874.514    34.886    -1.75    3.38
 -33497.805    33.787    -2.92    4.02
 -33121.068    29.826   -10.51    6.82
 -32744.303    25.003   -12.80    6.84
 -32367.510    23.808    -3.17    5.74
 -31990.690    25.366     4.14    7.26
 -31613.842    29.386    10.67    7.16
 -31236.966    35.012    14.93    5.07
 -30860.062    38.185     8.42    3.92
 -30483.130    39.648     3.88    3.57
 -30106.171    40.684     2.75    2.73
 -29729.184    39.726    -2.54    3.51
 -29352.169    39.216    -1.35    3.15
 -28975.126    39.828     1.62    3.35
 -28598.055    41.566     4.61    3.11
 -28220.957    42.851     3.41    2.56
 -27843.830    44.175     3.51    1.60
 -27466.676    44.626     1.20    1.68
 -27089.494    44.569    -0.15    2.16
 -26712.284    44.466    -0.27    2.22
 -26335.046    45.060     1.57    2.22
 -25957.780    46.086     2.72    2.23
 -25580.487    47.248     3.08    1.76
 -25203.165    48.177     2.46    1.71
 -24825.816    48.787     1.62    1.45
 -24448.438    49.066     0.74    1.55
 -24071.033    49.824     2.01    1.65
 -23693.600    50.364     1.43    1.54
 -23316.138    50.805     1.17    1.45
 -22938.649    51.024     0.58    1.44
 -22561.132    50.808    -0.57    1.54
 -22184.272    50.666    -0.38    1.49
 -21812.225    50.806     0.38    1.45
 -21440.151    51.338     1.43    1.27
 -21068.050    51.400     0.16    1.20
 -20695.921    51.665     0.71    1.18
 -20323.766    51.646    -0.05    1.18
 -19951.583    51.586    -0.16    1.25
 -19579.373    51.018    -1.53    1.34
 -19207.136    50.466    -1.48    1.16
 -18834.872    49.951    -1.38    0.98
 -18462.580    49.643    -0.83    0.99
 -18090.261    49.502    -0.38    1.07
 -17717.916    48.893    -1.64    1.45
 -17345.542    47.491    -3.76    2.53
 -16973.142    46.335    -3.10    2.69
 -16600.715    45.006    -3.57    2.34
 -16228.260    44.601    -1.09    1.89
 -15855.778    45.406     2.16    2.01
 -15483.269    46.186     2.09    2.23
 -15110.732    47.226     2.79    2.02
 -14738.168    48.177     2.55    1.62
 -14365.577    48.386     0.56    1.63
 -13992.959    48.295    -0.24    1.47
 -13620.313    48.074    -0.59    1.59
 -13247.640    47.826    -0.66    1.43
 -12874.940    47.830     0.01    1.32
 -12502.213    47.828    -0.01    1.28
 -12129.458    47.805    -0.06    1.45
 -11756.676    47.526    -0.75    1.74
 -11383.866    47.686     0.43    1.70
 -11011.029    48.040     0.95    2.02
 -10638.165    48.826     2.11    1.56
 -10265.274    49.197     0.99    1.35
  -9892.355    49.118    -0.21    1.36
  -9519.408    48.426    -1.86    1.30
  -9146.435    48.006    -1.13    1.21
  -8773.434    47.604    -1.08    1.01
  -8400.405    47.393    -0.57    1.06
  -8027.349    47.386    -0.02    1.10
  -7654.266    47.444     0.15    1.33
  -7281.155    47.086    -0.96    1.84
  -6908.017    47.268     0.49    2.05
  -6534.851    47.118    -0.40    2.25
  -6161.658    46.686    -1.16    2.18
  -5788.438    46.486    -0.54    2.30
  -5415.190    45.569    -2.46    2.60
  -5041.914    45.535    -0.09    3.09
  -4668.612    46.197     1.77    2.88
  -4295.281    46.770     1.53    2.98
  -3921.923    47.766     2.67    1.83
  -3548.538    47.497    -0.72    2.12
  -3175.125    46.196    -3.49    3.16
  -2801.685    44.275    -5.14    5.94
  -2428.217    38.226   -16.20   14.88
  -2054.721    23.806   -38.61   22.68
  -1681.198    10.466   -35.71   20.92
  -1307.647    -0.154   -28.43   12.05
   -934.069    -3.714    -9.53    1.46
   -560.464    -3.529     0.50    1.04
   -186.830     0.826    11.66   11.77
    186.830     7.106    16.81   17.11
    560.519    17.624    28.15   19.58
    934.235    29.893    32.83   18.25
   1307.979    38.530    23.11   15.15
   1681.750    45.944    19.83    8.78
   2055.549    49.706    10.07    5.48
   2429.375    50.787     2.89    4.22
   2803.229    52.026     3.31    2.87
   3177.111    51.986    -0.11    3.38
   3551.021    52.583     1.60    2.72
   3924.958    51.826    -2.02    3.48
   4298.923    49.726    -5.62    3.92
   4672.915    46.079    -9.75    6.44
   5046.935    42.914    -8.46    6.53
   5420.983    40.277    -7.05    6.17
   5795.059    37.786    -6.66    5.99
   6169.162    37.906     0.32    6.13
   6543.293    38.457     1.47    5.13
   6917.451    38.883     1.14    4.66
   7291.638    40.226     3.59    4.26
   7665.852    42.275     5.48    4.52
   8040.094    44.186     5.11    3.89
   8414.364    43.746    -1.18    5.58
   8788.661    42.666    -2.89    7.50
   9162.986    40.257    -6.44    8.62
   9537.339    40.226    -0.08    8.36
   9911.720    38.166    -5.50    8.52
  10286.129    36.748    -3.79    8.07
  10660.565    35.626    -3.00    7.66
  11035.029    35.134    -1.31    6.98
  11409.521    38.286     8.42    7.17
  11784.041    43.686    14.42    6.81
  12158.589    48.338    12.42    5.96
  12533.164    51.986     9.74    4.57
  12907.768    53.052     2.85    3.72
  13282.399    51.526    -4.07    5.17
  13657.058    49.768    -4.69    5.24
  14031.745    49.951     0.49    4.51
  14406.460    52.186     5.97    4.42
  14781.203    54.286     5.60    3.46
  15155.974    53.099    -3.17    5.47
  15530.772    50.146    -7.88    7.57
  15905.599    46.366   -10.08    7.85
  16280.453    42.257   -10.96    6.74
  16655.336    39.046    -8.56    6.68
  17030.246    30.906   -21.71   13.06
  17405.185    22.481   -22.47   15.25
  17780.151    14.266   -21.91   12.74
  18155.145    10.407   -10.29    9.64
  18530.167    12.314     5.09   11.00
  18905.218    18.237    15.79   14.47
  19280.296    27.138    23.73   14.79
  19655.402    36.086    23.86   12.21
  20030.536    41.746    15.09    8.09
  20405.698    45.726    10.61    7.07
  20780.889    49.101     9.00    5.94
  21156.107    51.805     7.21    5.39
  21531.353    54.639     7.55    3.10
  21906.628    55.286     1.72    2.33
  22281.930    54.997    -0.77    2.66
  22657.261    52.624    -6.32    5.06
  23032.619    50.726    -5.06    4.99
  23408.006    49.126    -4.26    5.38
  23783.421    48.966    -0.43    5.47
  24158.864    50.766     4.79    5.45
  24534.334    51.526     2.02    4.04
  24909.834    51.386    -0.37    3.85
  25285.361    50.826    -1.49    3.45
  25660.916    50.926     0.27    3.12
  26036.500    53.226     6.12    3.83
  26412.111    54.866     4.37    3.46
  26787.751    57.074     5.88    3.00
  27163.419    58.118     2.78    1.88
  27539.115    58.926     2.15    1.81
  27914.840    59.266     0.90    1.51
  28290.592    59.546     0.75    1.78
  28666.373    57.768    -4.73    4.37
  29042.182    56.863    -2.41    4.66
  29418.019    57.031     0.44    5.28
  29793.884    57.266     0.63    5.93
  30169.778    57.997     1.94    5.72
  30545.700    57.706    -0.77    5.57
  30921.650    57.611    -0.25    5.02
  31297.628    59.126     4.03    4.20
  31673.635    60.566     3.83    4.13
  32049.669    62.706     5.69    3.32
  32425.733    64.646     5.16    3.06
  32801.824    66.506     4.95    2.43
  33177.944    68.026     4.04    2.31
  33554.092    68.946     2.45    2.31
  33930.268    69.875     2.47    2.60
  34306.473    69.805    -0.19    2.51
  34682.706    69.641    -0.43    2.13
  35058.967    69.158    -1.29    2.97
  35435.257    70.001     2.24    3.63
  35811.575    71.286     3.42    4.95
  36187.922    74.099     7.47    5.56
  36564.296    75.790     4.49    4.29
  36940.700    76.001     0.56    3.56
  37317.131    73.893    -5.60    4.51
  37693.591    70.440    -9.17    4.92
  38070.080    67.206    -8.59    4.60
  38446.596    63.645    -9.46    4.93
  38823.142    59.976    -9.74    5.18
  39199.715    57.526    -6.51    3.94
  39576.317    56.566    -2.55    2.31
  39952.948    56.930     0.97    1.61
  40329.607    57.550     1.64    1.24
  40706.294    57.946     1.05    1.25
  41083.010    58.114     0.45    1.10
  41459.755    58.166     0.14    0.86
  41836.528    57.857    -0.82    1.17
  42213.329    57.452    -1.07    1.46
  42590.159    56.706    -1.98    1.75
  42967.017    56.665    -0.11    1.76
  43343.904    57.426     2.02    1.98
  43720.820    57.872     1.18    1.83
  44097.764    58.452     1.54    1.43
  44474.736    58.835     1.02    1.25
  44851.738    59.206     0.98    1.33
  45228.767    59.257     0.13    1.42
  45605.826    59.400     0.38    1.68
  45982.912    59.515     0.30    1.64
  46360.028    59.946     1.14    1.76
  46737.172    60.006     0.16    1.74
  47114.345    60.338     0.88    1.53
  47491.546    60.646     0.82    1.19
  47868.776    60.786     0.37    1.17
  48246.034    61.086     0.80    1.06
  48623.322    61.373     0.76    1.25
  49000.637    61.444     0.19    1.29
  49377.982    61.452     0.02    1.27
  49755.355    60.991    -1.22    1.50
  50132.757    60.646    -0.92    1.79
  50510.187    60.666     0.05    1.62
  50887.647    60.461    -0.54    1.79
  51265.135    60.206    -0.67    2.09
  51642.651    59.183    -2.71    3.04
  52020.197    57.366    -4.81    3.38
  52397.771    56.522    -2.24    3.65
  52774.740    56.073    -1.19    4.03
  53146.701    56.245     0.46    4.27
  53518.691    56.746     1.35    4.27
  53890.707    57.550     2.16    3.06
  54262.752    57.086    -1.25    2.83
  54634.825    56.166    -2.47    3.26
  55006.926    55.155    -2.72    3.38
  55379.054    55.256     0.27    3.73
  55751.210    56.099     2.27    3.69
  56123.394    57.079     2.63    2.44
  56495.607    57.566     1.31    2.13
  56867.847    57.086    -1.29    2.60
  57240.115    56.158    -2.49    2.91
  57612.410    55.258    -2.42    3.53
  57984.734    52.589    -7.17    5.31
  58357.086    48.767   -10.26    6.46
  58729.466    46.515    -6.05    5.34
  59101.873    43.786    -7.33    3.57
  59474.309    43.177    -1.64    3.28
  59846.772    43.420     0.65    3.22
  60219.264    44.298     2.36    4.35
  60591.783    47.706     9.15    5.95
  60964.331    51.270     9.57    5.88
  61336.906    52.118     2.28    5.30
  61709.510    51.226    -2.39    5.76
  62082.142    50.765    -1.24    5.62
  62454.801    51.326     1.50    5.73
  62827.489    53.765     6.55    5.00
  63200.205    56.256     6.68    3.45
  63572.948    57.522     3.40    2.71
  63945.720    58.706     3.18    2.33
  64318.520    59.161     1.22    1.87
  64691.348    59.628     1.25    1.78
  65064.204    59.955     0.88    1.72
  65437.088    59.828    -0.34    1.34
  65810.000    58.889    -2.52    2.44
  66182.941    57.808    -2.90    2.86
  66555.909    57.688    -0.32    2.81
  66928.906    58.166     1.28    2.86
  67301.930    58.346     0.48    3.46
  67674.983    56.806    -4.13    5.31
  68048.064    54.314    -6.68    5.37
  68421.174    52.946    -3.67    4.51
  68794.311    52.866    -0.21    3.90
  69167.476    54.486     4.34    4.10
  69540.670    56.186     4.56    3.72
  69913.892    57.981     4.81    2.67
  70287.142    58.601     1.66    2.38
  70660.421    58.530    -0.19    2.42
  71033.727    58.583     0.14    2.74
  71407.062    58.511    -0.20    3.04
  71780.425    57.746    -2.05    3.76
  72153.816    54.957    -7.47    6.97
  72527.236    49.910   -13.52    9.03
  72900.684    46.166   -10.03    8.15
  73274.160    45.569    -1.60    7.48
  73647.664    45.944     1.00    7.39
  74021.197    50.471    12.12    7.68
  74394.757    55.080    12.34    6.23
  74768.347    57.306     5.96    4.92
  75141.964    59.206     5.09    3.98
  75515.610    60.334     3.02    3.55
  75889.284    60.491     0.42    3.07
  76262.987    61.101     1.63    3.07
  76636.717    61.765     1.78    2.54
  77010.477    61.509    -0.69    3.13
  77384.264    62.126     1.65    3.23
  77758.080    62.747     1.66    3.31
  78131.924    63.546     2.14    2.95
  78505.797    64.438     2.38    2.45
  78879.698    65.177     1.98    2.49
  79253.628    65.966     2.11    2.10
  79627.586    65.886    -0.21    2.65
  80001.572    65.686    -0.53    3.00
  80375.587    65.889     0.54    3.08
  80749.630    66.506     1.65    2.71
  81123.701    66.486    -0.05    2.55
  81497.801    65.126    -3.64    4.23
  81871.930    61.412    -9.93    7.40
  82246.087    55.643   -15.42    9.48
  82620.272    53.245    -6.41    9.07
  82994.486    51.435    -4.84    8.89
  83368.729    52.295     2.30    9.39
  83743.000    56.511    11.26    7.44
  84117.299    55.446    -2.84    6.63
  84491.627    53.440    -5.36    7.33
  84865.984    52.828    -1.64    7.97
  85240.369    50.040    -7.45    9.31
  85614.782    50.205     0.44    9.68
  85989.225    49.412    -2.12    8.65
  86363.695    49.143    -0.72    8.53
  86738.195    49.646     1.34    7.49
  87112.722    51.286     4.38    7.90
  87487.279    55.946    12.44    7.41
  87861.864    59.961    10.72    7.35
  88236.478    62.726     7.38    7.13
  88611.120    64.844     5.65    6.41
  88985.791    66.455     4.30    5.23
  89360.490    66.726     0.72    4.54
  89735.218    65.846    -2.35    4.94
  90109.975    64.306    -4.11    6.62
  90484.761    61.418    -7.71    7.72
  90859.575    59.040    -6.35    7.59
  91234.417    55.766    -8.73    9.05
  91609.289    51.412   -11.61   11.02
  91984.189    49.443    -5.25   10.01
  92359.118    50.986     4.12   10.91
  92734.075    56.566    14.88   11.49
  93109.062    63.026    17.23    7.16
  93484.077    65.851     7.53    3.66
  93859.120    65.106    -1.99    4.97
  94234.193    63.422    -4.49    6.44
  94609.294    59.569   -10.27    7.06
  94984.424    54.981   -12.23    8.05
  95359.583    50.606   -11.66    9.62
  95734.770    43.006   -20.26    9.44
  96109.986    36.560   -17.18    7.53
  96485.231    32.746   -10.16    4.95
  96860.505    30.497    -5.99    3.22
  97235.808    32.942     6.51    5.97
  97611.139    37.236    11.44    8.86
  97986.500    42.606    14.31   10.03
  98361.889    49.284    17.79    9.12
  98737.307    52.886     9.60    8.14
  99112.754    54.226     3.57    8.15
  99488.229    54.465     0.64    7.78
  99863.734    55.609     3.04    7.11
 100239.267    58.216     6.94    7.64
 100614.830    60.766     6.79    6.26
 100990.421    59.926    -2.24    6.85
 101366.041    58.106    -4.85    7.19
 101741.690    57.765    -0.91    6.77
 102117.368    60.526     7.35    7.77
 102493.075    63.446     7.77    5.36
 102868.811    63.275    -0.46    5.78
 103244.575    62.915    -0.96    5.40
 103620.369    62.786    -0.34    5.20
 103996.192    62.481    -0.81    6.25
 104372.043    62.026    -1.21    7.32
 104747.924    56.357   -15.09   11.04
 105123.833    50.926   -14.45    9.94
 105499.772    49.563    -3.63    8.09
 105875.740    51.186     4.32    8.38
 106251.736    52.366     3.14    8.29
 106627.762    49.706    -7.08    9.23
 107003.816    48.466    -3.30    8.37
 107379.900    49.009     1.44    7.76
 107756.013    53.687    12.44    8.12
 108132.155    57.338     9.71    6.01
 108508.326    55.563    -4.72    7.13
 108884.525    54.368    -3.18    7.09
 109260.755    55.361     2.64    7.21
 109637.013    57.707     6.24    6.40
 110013.300    58.146     1.17    6.31
 110389.616    54.245   -10.37    9.20
 110765.962    48.166   -16.16    9.41
 111142.336    43.942   -11.22    8.80
 111518.740    40.746    -8.49    7.67
 111895.173    38.666    -5.53    3.77
 112271.635    38.457    -0.56    2.59
 112648.126    40.351     5.03    4.86
 113024.646    42.961     6.93    6.10
 113401.196    45.981     8.02    7.00
 113777.774    48.303     6.17    7.11
 114154.382    51.175     7.63    6.99
 114531.019    54.026     7.57    9.03
 114907.685    55.687     4.41    9.15
 115284.381    59.683    10.61    7.89
 115661.106    60.066     1.02    8.27
 116037.860    59.624    -1.17    7.76
 116414.643    59.530    -0.25    6.93
 116791.455    60.197     1.77    7.09
 117168.297    60.205     0.02    6.98
 117545.168    62.589     6.33    6.88
 117922.068    66.535    10.47    7.87
 118298.998    70.609    10.81    7.20
 118675.957    72.186     4.19    6.41
 119052.945    71.846    -0.90    7.12
 119429.962    67.839   -10.63    8.42
 119807.009    63.366   -11.87    7.49
 120184.085    58.806   -12.09    7.56
 120561.191    56.586    -5.89    6.76
 120938.326    58.745     5.73    8.50
 121315.490    63.806    13.42    9.43
 121692.684    68.583    12.67    6.72
 122069.907    69.785     3.19    6.08
 122447.159    66.335    -9.15    8.66
 122824.441    58.805   -19.96   10.74
 123201.752    54.106   -12.45   10.40
 123579.092    52.726    -3.66    7.96
 123956.462    55.326     6.89    9.06
 124333.862    60.767    14.42    8.29
 124711.291    68.295    19.95    8.11
 125088.749    72.164    10.25    6.75
 125466.237    72.826     1.76    6.45
 125843.754    72.053    -2.05    6.67
 126221.301    70.586    -3.88    5.96
 126598.877    70.026    -1.48    4.97
 126976.483    70.481     1.21    4.40
 127354.118    71.842     3.60    3.54
 127731.251    72.768     2.46    3.45
 128103.127    73.040     0.73    4.72
 128475.032    71.646    -3.75    5.30
 128846.965    69.786    -5.00    5.55
 129218.927    66.942    -7.65    4.68
 129590.917    66.216    -1.95    4.88
 129962.936    63.630    -6.95    5.13
 130334.983    61.466    -5.82    4.78
 130707.060    59.046    -6.50    4.07
 131079.164    57.001    -5.50    2.91
 131451.298    56.130    -2.34    3.62
 131823.460    53.550    -6.93    4.74
 132195.650    51.006    -6.83    5.26
 132567.869    47.686    -8.92    3.88
 132940.117    45.747    -5.21    1.76
 133312.394    44.726    -2.74    1.94
 133684.699    44.455    -0.73    2.04
 134057.033    44.275    -0.48    1.98
 134429.396    44.246    -0.08    2.28
 134801.787    44.226    -0.05    2.34
 135174.207    47.286     8.22    8.17
 135546.656    53.467    16.60   13.18
 135919.134    64.828    30.51   16.71
 136291.640    76.277    30.74   15.16
 136664.175    85.506    24.78   13.10
 137036.739    90.204    12.61   10.79
 137409.331    90.216     0.03   11.50
 137781.953    90.301     0.23   12.86
 138154.603    87.118    -8.54   11.88
 138527.282    85.726    -3.74    9.97
 138899.989    83.393    -6.26    8.45
 139272.726    82.946    -1.20    7.56
 139645.491    82.060    -2.38    6.53
 140018.285    81.166    -2.40    5.23
 140391.108    81.268     0.27    4.12
 140763.960    83.942     7.17    5.05
 141136.841    86.026     5.59    5.38
 141509.750    86.216     0.51    5.32
 141882.689    86.266     0.13    5.99
 142255.656    86.806     1.45    5.95
 142628.652    87.079     0.73    5.82
 143001.677    88.746     4.47    5.58
 143374.731    90.550     4.84    4.92
 143747.814    92.965     6.48    4.30
 144120.926    95.177     5.93    3.80
 144494.066    96.122     2.53    3.43
 144867.236    96.186     0.17    4.09
 145240.434    95.334    -2.28    4.33
 145613.662    93.844    -3.99    4.21
 145986.918    91.953    -5.07    5.14
 146360.204    89.386    -6.88    5.98
 146733.518    84.784   -12.33    6.54
 147106.862    80.966   -10.23    5.93
 147480.234    76.938   -10.79    6.36
 147853.636    73.166   -10.10    6.28
 148227.066    69.126   -10.82    5.66
 148600.525    66.452    -7.16    4.19
 148974.014    65.569    -2.36    3.60
 149347.531    69.803    11.34    9.40
 149721.078    73.746    10.56   10.28
 150094.654    78.534    12.82    9.23
 150468.258    83.393    13.01    7.60
 150841.892    85.707     6.20    5.99
 151215.555    88.226     6.74    4.81
 151589.247    90.236     5.38    4.51
 151962.968    91.726     3.99    4.43
 152336.718    92.991     3.39    4.36
 152710.497    95.020     5.43    5.11
 153084.305    96.465     3.87    4.20
 153458.143    97.207     1.98    4.10
 153832.010    98.146     2.51    3.92
 154205.905    97.034    -2.98    4.51
 154579.830    95.606    -3.82    5.20
 154953.784    91.906    -9.90    9.11
 155327.768    86.298   -15.00   10.07
 155701.780    81.787   -12.06    9.71
 156075.822    76.060   -15.32    7.21
 156449.893    73.662    -6.41    7.12
 156823.993    71.903    -4.70    6.73
 157198.122    70.101    -4.82    7.04
