#   40.000  -0.086   4.469 ;Mean Elev.(m), Avg Gradient(m/km), RMS Gradient(m/km) - SRTM1     
#   34.000  -0.132   6.130 ;Mean Elev.(m), Avg Gradient(m/km), RMS Gradient(m/km) - ASTER GDEM
#   40.737  -0.130   4.559 ;Mean Elev.(m), Avg Gradient(m/km), RMS Gradient(m/km) - GMTED2010 
  8 269.263969  34.307046    42.016    42.113  3 52492.68503368 26.922
 10 269.262894  34.311840    43.156    43.162  4 52562.68505752 24.544
 12 269.260732  34.315557    48.421    48.357  4 52632.68502004 30.357
 13 269.257203  34.316987    45.780    46.744  4 52667.68503750 23.073
 14 269.265403  34.302963    51.051    51.069  3 52702.68501393 39.836
 16 269.258943  34.318387    50.216    50.197  4 52772.68501506 32.012
 17 269.260451  34.316818    48.384    48.353  3 52807.68507528 29.921
 18 269.261770  34.315113    46.673    46.195  4 52842.68513383 29.211
 19 269.259426  34.317781    45.071    44.983  4 52877.68517185 29.658
 20 269.261955  34.312277    44.850    44.169  4 52912.68513119 26.250
 21 269.265457  34.303329    41.759    41.781  3 52947.68509024 35.183
 23 269.256702  34.317093    48.257    48.243  4 53017.68511719 28.738
 24 269.263147  34.308007    49.346    49.354  4 53052.68509939 37.966
 25 269.251577  34.328476    48.411    48.411  2 53087.68513279 30.311
 26 269.260609  34.314787    48.162    48.158  4 53122.68510493 29.016
 27 269.255029  34.319929    48.282    48.266  4 53157.68516088 27.997
 28 269.262006  34.311755    47.533    47.388  4 53192.68515558 29.562
 30 269.254694  34.324691    47.499    47.025  3 53262.68512516 27.927
 31 269.254088  34.323863    46.756    46.756  2 53297.68516342 25.213
 33 269.258435  34.318098    48.340    48.392  3 53367.68508039 24.377
 34 269.260634  34.315805    51.892    51.867  4 53402.68510957 33.062
 35 269.258005  34.317929    48.029    47.893  3 53437.68509814 29.064
 36 269.258252  34.319357    49.376    49.384  4 53472.68515228 31.528
 37 269.257625  34.318436    43.816    43.819  4 53507.68517980 49.875
 38 269.255597  34.318070    46.021    45.619  4 53542.68518873 39.953
 39 269.255726  34.318771    44.958    45.322  5 53577.68517417 31.959
 42 269.254431  34.322839    40.429    40.381  3 53682.68514663 30.185
 43 269.259627  34.317233    45.228    45.694  3 53717.68507478 18.951
 44 269.265130  34.302014    46.004    46.004  2 53752.68499763 24.019
 45 269.261153  34.312777    43.369    43.360  4 53787.68502583 32.925
 46 269.264730  34.303374    47.093    47.069  4 53822.68498182 45.929
 47 269.257670  34.318782    47.128    47.075  4 53857.68507117 25.551
 48 269.262973  34.310813    44.201    44.093  4 53892.68508642 40.702
 49 269.252494  34.327414    44.468    44.468  2 53927.68514277 31.370
 50 269.253208  34.326299    41.007    41.007  2 53962.68512642 23.398
 51 269.264155  34.302514    41.841    41.846  3 53997.68507661 27.706
 52 269.262335  34.311190    42.936    42.941  4 54032.68512541 25.734
 54 269.256231  34.319952    46.759    46.662  4 54102.68507732 26.542
 55 269.260983  34.315685    47.493    47.617  3 54137.68504703 23.981
 56 269.256405  34.317924    48.871    48.877  4 54172.68505532 45.069
 57 269.260369  34.316168    47.316    47.247  4 54207.68505256 38.071
 58 269.259843  34.316310    47.054    46.945  4 54242.68508445 26.859
 59 269.259613  34.315912    43.909    42.365  3 54277.68509843 26.946
 60 269.260182  34.315865    42.389    41.098  4 54312.68509902 34.995
 61 269.257226  34.318517    43.768    43.788  4 54347.68507042 24.376
 62 269.261594  34.315128    40.179    40.183  4 54382.68503651 24.509
 63 269.257790  34.319613    41.433    41.430  4 54417.68501974 27.972
 64 269.261927  34.313225    47.233    47.786  3 54452.68500658 17.027
 65 269.260139  34.316293    47.086    47.103  4 54487.68501799 28.344
 66 269.261405  34.313319    49.431    49.374  4 54522.68501979 29.254
 67 269.257547  34.318940    53.079    53.061  4 54557.68502731 34.952
 68 269.259976  34.318312    49.588    49.574  3 54592.68501458 39.517
 69 269.258748  34.317772    48.260    48.225  3 54627.68503029 29.272
 70 269.258395  34.319018    48.926    48.867  4 54662.68503746 41.313
 71 269.258373  34.317202    42.803    42.778  4 54697.68501232 45.749
 72 269.261310  34.315080    47.245    47.175  4 54732.68499503 28.362
 73 269.259616  34.317283    44.913    46.559  3 54767.68499214 23.608
 74 269.260454  34.315841    44.477    45.656  3 54802.68498887 21.825
 75 269.259546  34.317264    49.054    49.027  3 54837.68498470 26.988
 76 269.260724  34.315684    47.932    47.731  3 54872.68498807 21.343
 77 269.254850  34.318933    47.332    47.310  4 54907.68499204 44.207
 78 269.259943  34.315287    49.922    49.918  3 54942.68498045 44.928
 79 269.258578  34.317558    52.603    52.604  4 54977.68500777 38.596
 80 269.258690  34.318383    47.946    47.913  3 55012.68501503 28.740
 81 269.260044  34.315782    45.064    45.090  3 55047.68500764 32.170
 82 269.256465  34.318134    43.935    43.970  4 55082.68497838 35.562
 83 269.261742  34.314171    45.966    45.549  4 55117.68494018 26.370
 84 269.257668  34.317775    48.070    48.043  4 55152.68493691 28.847
 85 269.260693  34.315551    48.325    48.316  4 55187.68492719 26.198
 86 269.258147  34.317996    48.009    48.005  4 55222.68493577 34.857
 87 269.260539  34.314852    47.462    47.477  4 55257.68492355 26.425
 88 269.256157  34.317754    50.986    50.992  4 55292.68492318 31.138
 89 269.258234  34.319095    51.929    51.876  4 55327.68490611 32.272
 90 269.258023  34.318207    47.583    47.470  3 55362.68490234 25.893
 91 269.260827  34.315242    47.585    47.559  4 55397.68491075 25.266
 92 269.260516  34.314494    46.530    46.502  3 55432.68491814 43.563
 93 269.257149  34.319432    46.700    46.631  4 55467.68487596 25.613
