-198334.567    21.000     0.00    1.51
-197958.155    20.892    -0.29    2.27
-197581.763    20.570    -0.85    2.93
-197205.392    20.257    -0.83    4.10
-196829.041    21.279     2.72    5.52
-196452.710    23.212     5.14    6.29
-196076.400    24.904     4.50    6.16
-195700.110    22.996    -5.07    6.79
-195323.841    19.415    -9.52    6.39
-194947.592    16.194    -8.56    4.41
-194571.363    14.148    -5.44    0.00
-194195.155    14.171     0.06    0.15
-193818.967    14.084    -0.23    0.25
-193442.799    16.518     6.47    5.66
-193066.652    19.300     7.40    6.64
-192690.525    22.415     8.28    6.49
-192314.418    24.055     4.36    5.46
-191938.332    23.459    -1.58    6.18
-191562.266    22.343    -2.97    6.80
-191186.220    23.126     2.08    7.03
-190810.195    25.012     5.02    6.97
-190434.190    26.944     5.14    5.70
-190058.205    28.015     2.85    5.15
-189682.241    27.706    -0.82    4.68
-189306.296    27.262    -1.18    3.92
-188930.373    26.672    -1.57    4.31
-188554.469    25.637    -2.75    5.48
-188178.586    23.739    -5.05    6.31
-187802.723    23.285    -1.21    6.10
-187426.880    21.837    -3.85    5.36
-187051.058    20.709    -3.00    4.48
-186675.255    20.148    -1.49    3.56
-186299.474    19.807    -0.91    2.80
-185923.712    19.037    -2.05    2.31
-185547.970    18.648    -1.04    2.27
-185172.249    18.866     0.58    2.54
-184796.548    18.489    -1.00    2.66
-184420.867    18.264    -0.60    2.91
-184045.207    18.257    -0.02    3.11
-183669.567    18.307     0.13    3.08
-183293.946    18.637     0.88    3.22
-182918.347    19.170     1.42    2.58
-182542.767    18.800    -0.98    2.86
-182167.207    19.255     1.21    3.25
-181791.668    20.015     2.02    3.50
-181416.149    21.126     2.96    4.31
-181040.650    21.057    -0.18    4.21
-180665.171    20.444    -1.63    3.94
-180289.713    19.822    -1.66    3.08
-179914.274    20.535     1.90    3.74
-179538.856    20.387    -0.39    3.43
-179163.458    21.366     2.61    4.32
-178788.080    21.387     0.06    3.50
-178412.722    21.830     1.18    3.66
-178037.384    21.543    -0.76    3.28
-177662.067    22.059     1.37    3.59
-177286.769    21.291    -2.05    3.73
-176911.492    20.648    -1.71    4.12
-176536.235    21.375     1.94    4.23
-176160.998    21.770     1.05    3.87
-175785.781    22.859     2.90    3.09
-175410.584    22.648    -0.56    2.70
-175035.407    21.012    -4.36    2.91
-174660.251    19.773    -3.30    2.36
-174285.114    18.615    -3.09    1.50
-173909.998    18.009    -1.62    1.47
-173534.901    18.015     0.02    2.04
-173159.825    17.859    -0.41    2.14
-172784.769    17.458    -1.07    1.80
-172409.733    17.671     0.57    1.75
-172034.717    17.288    -1.02    1.37
-171659.720    17.080    -0.55    1.15
-171284.744    17.348     0.72    1.18
-170909.788    17.262    -0.23    1.13
-170534.852    17.083    -0.48    1.18
-170159.937    16.830    -0.67    1.14
-169785.041    16.779    -0.14    1.10
-169410.165    16.672    -0.28    1.19
-169035.309    16.637    -0.09    1.25
-168660.473    16.431    -0.55    1.39
-168285.657    16.279    -0.41    1.26
-167910.861    16.366     0.23    1.67
-167536.086    16.262    -0.28    1.78
-167161.330    15.931    -0.88    1.74
-166786.594    15.875    -0.15    1.77
-166411.878    16.015     0.37    1.42
-166037.182    15.875    -0.37    1.59
-165662.506    15.966     0.24    1.45
-165287.850    16.018     0.14    1.56
-164913.214    15.875    -0.38    1.59
-164538.598    15.909     0.09    1.46
-164164.002    16.061     0.41    1.59
-163789.426    16.626     1.51    1.82
-163414.870    16.748     0.33    1.94
-163040.333    16.853     0.28    1.90
-162665.817    16.844    -0.02    2.25
-162291.321    17.057     0.57    2.28
-161916.844    16.850    -0.55    1.76
-161542.388    16.779    -0.19    1.68
-161167.951    16.474    -0.81    1.48
-160793.534    16.421    -0.14    1.35
-160419.137    16.357    -0.17    1.50
-160044.760    16.393     0.09    1.64
-159670.403    16.053    -0.91    1.69
-159296.066    15.822    -0.62    1.71
-158921.749    15.437    -1.03    1.58
-158547.451    15.061    -1.00    1.64
-158173.174    14.474    -1.57    1.84
-157798.916    13.850    -1.67    2.14
-157424.678    13.348    -1.34    2.17
-157050.460    13.123    -0.60    2.11
-156676.262    13.459     0.90    2.11
-156302.084    13.966     1.36    1.37
-155927.925    14.081     0.31    1.37
-155553.786    14.193     0.30    1.36
-155179.668    13.869    -0.86    1.35
-154805.569    13.625    -0.65    1.41
-154431.490    13.601    -0.07    1.64
-154057.430    13.557    -0.12    1.66
-153683.391    13.529    -0.08    1.72
-153309.371    13.437    -0.25    1.78
-152935.371    13.104    -0.89    1.87
-152561.391    12.823    -0.75    1.89
-152187.430    12.970     0.40    1.68
-151813.490    13.098     0.34    1.71
-151439.569    13.330     0.62    1.42
-151065.668    13.404     0.20    1.54
-150691.787    13.548     0.39    1.68
-150317.925    13.557     0.02    1.80
-149944.084    13.466    -0.24    1.86
-149570.262    13.467     0.00    1.53
-149196.459    13.246    -0.59    1.59
-148822.677    13.104    -0.38    1.46
-148448.914    13.077    -0.07    1.31
-148075.171    13.059    -0.05    1.24
-147701.448    12.909    -0.40    1.06
-147327.744    12.926     0.05    1.08
-146954.061    12.859    -0.18    1.10
-146580.396    12.694    -0.44    1.09
-146206.752    12.474    -0.59    1.08
-145833.127    12.410    -0.17    1.15
-145459.522    12.281    -0.34    1.22
-145085.937    12.557     0.74    1.42
-144712.371    12.748     0.51    1.44
-144338.825    13.059     0.83    1.43
-143965.299    13.437     1.01    1.52
-143591.792    13.866     1.15    1.41
-143218.306    14.194     0.88    1.52
-142844.838    14.059    -0.36    1.33
-142471.391    13.966    -0.25    1.39
-142097.963    13.785    -0.49    1.45
-141724.554    13.948     0.44    1.31
-141351.166    13.670    -0.75    1.24
-140977.797    13.548    -0.33    1.19
-140604.447    13.285    -0.71    1.05
-140229.582    13.213    -0.19    1.18
-139852.293    14.035     2.18    2.55
-139475.024    14.037     0.01    2.60
-139097.775    14.366     0.87    3.29
-138720.547    14.103    -0.70    2.93
-138343.338    13.893    -0.56    2.94
-137966.149    14.083     0.50    2.78
-137588.981    14.192     0.29    2.38
-137211.832    14.535     0.91    2.90
-136834.704    15.053     1.37    3.69
-136457.596    14.148    -2.40    2.84
-136080.507    13.172    -2.59    1.44
-135703.439    13.083    -0.24    1.31
-135326.390    13.194     0.29    1.18
-134949.362    13.330     0.36    1.02
-134572.354    13.307    -0.06    1.12
-134195.365    13.172    -0.36    1.16
-133818.397    12.898    -0.73    1.33
-133441.448    12.846    -0.14    1.47
-133064.520    12.704    -0.38    1.25
-132687.611    12.770     0.18    1.30
-132310.723    12.869     0.26    1.26
-131933.854    12.762    -0.28    1.37
-131557.006    12.416    -0.92    1.63
-131180.177    12.421     0.01    1.88
-130803.369    12.757     0.89    1.84
-130426.580    12.807     0.13    1.66
-130049.811    12.952     0.39    1.56
-129673.062    12.776    -0.47    1.57
-129296.333    12.366    -1.09    1.46
-128919.624    12.450     0.23    1.50
-128542.935    12.304    -0.39    1.36
-128166.266    12.170    -0.36    1.42
-127789.617    11.996    -0.46    1.56
-127412.987    11.726    -0.72    1.54
-127036.378    13.421     4.50    4.81
-126659.788    16.822     9.03    6.56
-126283.219    19.512     7.14    6.42
-125906.669    21.807     6.10    5.02
-125530.139    21.735    -0.19    4.68
-125153.629    20.671    -2.83    4.59
-124777.139    20.496    -0.46    4.14
-124400.668    20.126    -0.98    3.81
-124024.218    18.061    -5.49    5.11
-123647.787    15.326    -7.27    5.22
-123271.377    12.288    -8.07    3.56
-122894.986    10.974    -3.49    1.68
-122518.615    12.601     4.32    3.59
-122142.263    15.713     8.27    5.56
-121765.932    19.421     9.85    5.15
-121389.620    21.539     5.63    3.83
-121013.329    22.785     3.31    4.10
-120637.057    22.831     0.12    4.41
-120260.805    22.785    -0.12    4.32
-119884.572    22.672    -0.30    4.08
-119508.360    21.704    -2.57    3.75
-119132.167    20.926    -2.07    3.77
-118755.994    20.520    -1.08    4.18
-118379.841    20.830     0.82    3.48
-118003.707    21.696     2.30    3.21
-117627.594    22.239     1.44    2.52
-117251.500    21.334    -2.41    2.91
-116875.426    20.148    -3.15    4.55
-116499.371    18.348    -4.79    5.35
-116123.337    17.124    -3.25    6.03
-115747.322    16.148    -2.60    5.37
-115371.327    15.315    -2.22    4.52
-114995.351    15.970     1.74    4.19
-114619.396    16.952     2.61    3.69
-114243.460    17.039     0.23    3.73
-113867.544    16.326    -1.90    4.23
-113491.647    16.381     0.15    5.57
-113115.770    16.800     1.12    5.94
-112739.913    16.171    -1.67    6.17
-112364.076    15.793    -1.01    5.97
-111988.258    14.481    -3.49    6.06
-111612.460    14.474    -0.02    5.93
-111236.682    14.570     0.26    5.94
-110860.923    14.671     0.27    5.58
-110485.184    16.326     4.41    5.27
-110109.465    17.057     1.95    4.79
-109733.765    18.681     4.32    3.63
-109358.085    20.059     3.67    2.14
-108982.425    21.281     3.25    2.32
-108606.785    19.659    -4.32    5.20
-108231.164    17.512    -5.72    6.62
-107855.562    14.059    -9.19    6.03
-107479.981    11.694    -6.30    4.15
-107104.418    10.557    -3.03    2.68
-106728.876    10.393    -0.44    1.65
-106353.353    10.195    -0.53    1.81
-105977.850    11.518     3.52    3.82
-105602.366    12.704     3.16    4.63
-105226.902    13.496     2.11    4.94
-104851.458    13.557     0.16    4.53
-104476.033    12.548    -2.69    4.00
-104100.628    10.993    -4.14    2.54
-103725.242    10.098    -2.38    1.62
-103349.876     9.770    -0.87    1.72
-102974.530     9.262    -1.36    1.62
-102599.203     9.057    -0.55    1.67
-102223.896     9.012    -0.12    1.49
-101848.608     8.567    -1.19    1.48
-101473.340     7.762    -2.15    1.98
-101098.091     6.873    -2.37    2.33
-100722.862     6.615    -0.69    2.25
-100347.652     6.520    -0.25    2.54
 -99972.462     6.748     0.61    2.69
 -99597.292     7.326     1.54    2.53
 -99222.141     7.529     0.54    2.61
 -98847.009     8.012     1.29    2.45
 -98471.897     8.404     1.05    2.22
 -98096.805     8.603     0.53    2.28
 -97721.732     8.944     0.91    1.95
 -97346.679     8.921    -0.06    2.12
 -96971.645     8.704    -0.58    2.19
 -96596.630     8.101    -1.61    2.35
 -96221.635     8.326     0.60    2.27
 -95846.660     8.339     0.03    2.20
 -95471.704     8.393     0.14    1.94
 -95096.767     9.081     1.84    1.51
 -94721.850     8.807    -0.73    1.52
 -94346.953     9.726     2.45    2.50
 -93972.075    12.288     6.83    4.08
 -93597.216    14.192     5.08    4.02
 -93222.377    15.823     4.35    3.18
 -92847.557    16.215     1.05    3.14
 -92472.757    14.837    -3.68    3.69
 -92097.976    14.148    -1.84    4.25
 -91723.214    13.193    -2.55    4.82
 -91348.472    12.444    -2.00    4.91
 -90973.750    13.192     2.00    5.09
 -90599.047    14.671     3.95    5.09
 -90224.363    16.304     4.36    4.58
 -89849.698    17.262     2.56    3.19
 -89475.053    17.859     1.59    3.52
 -89100.428    16.104    -4.69    4.39
 -88725.821    13.875    -5.95    5.32
 -88351.235    11.504    -6.33    4.59
 -87976.667    10.307    -3.19    2.49
 -87602.119    10.993     1.83    2.76
 -87227.590    12.281     3.44    2.55
 -86853.081    12.489     0.55    2.74
 -86478.591    12.105    -1.03    2.94
 -86104.120    11.966    -0.37    3.16
 -85729.669    11.881    -0.23    3.06
 -85355.237    12.757     2.34    2.70
 -84980.825    13.648     2.38    2.51
 -84606.431    13.504    -0.39    2.81
 -84232.057    13.450    -0.14    3.05
 -83857.703    12.800    -1.74    3.23
 -83483.367    11.660    -3.05    3.04
 -83109.052    11.793     0.35    3.42
 -82734.755    11.170    -1.66    3.36
 -82360.477    10.735    -1.16    3.25
 -81986.219     9.593    -3.05    2.48
 -81611.981     8.339    -3.35    1.58
 -81237.761     8.037    -0.81    1.65
 -80863.561     7.791    -0.66    1.91
 -80489.380     7.539    -0.67    1.93
 -80115.218     7.080    -1.23    1.66
 -79741.076     6.974    -0.28    1.42
 -79366.953     7.307     0.89    1.38
 -78992.849     7.294    -0.03    1.46
 -78618.765     7.171    -0.33    1.30
 -78244.699     6.929    -0.65    1.27
 -77870.653     7.370     1.18    1.13
 -77496.626     7.830     1.23    1.20
 -77122.619     8.353     1.40    1.79
 -76748.630     8.370     0.05    1.81
 -76374.661     8.458     0.23    1.91
 -76000.711     8.444    -0.04    2.05
 -75626.781     8.148    -0.79    2.09
 -75252.869     8.215     0.18    2.09
 -74878.977     7.706    -1.36    1.72
 -74505.104     7.770     0.17    1.64
 -74131.250     7.437    -0.89    1.59
 -73757.415     7.458     0.06    1.62
 -73383.600     7.375    -0.22    1.44
 -73009.804     7.490     0.31    1.48
 -72636.027     7.466    -0.06    1.49
 -72262.269     7.427    -0.10    1.47
 -71888.530     7.281    -0.39    1.14
 -71514.810     7.170    -0.30    0.97
 -71141.110     7.567     1.06    2.55
 -70767.429     8.625     2.83    3.46
 -70393.766    10.123     4.01    4.21
 -70020.123    11.080     2.56    4.18
 -69646.500    11.567     1.30    3.84
 -69272.895    10.615    -2.55    4.13
 -68899.309     9.853    -2.04    4.00
 -68525.743     8.520    -3.57    3.15
 -68152.195     7.304    -3.26    1.48
 -67778.667     7.098    -0.55    1.08
 -67405.158     6.853    -0.66    1.02
 -67031.668     6.767    -0.23    1.38
 -66658.197     6.171    -1.60    1.37
 -66284.745     5.948    -0.60    1.29
 -65911.313     6.103     0.41    1.10
 -65537.899     6.366     0.70    1.25
 -65162.574     6.743     1.01    1.25
 -64785.340     6.770     0.07    1.27
 -64408.125     6.683    -0.23    1.18
 -64030.930     6.427    -0.68    1.05
 -63653.754     6.659     0.62    2.44
 -63276.598     6.104    -1.47    2.80
 -62899.461     5.648    -1.21    2.02
 -62522.344     5.601    -0.13    1.99
 -62145.246     5.459    -0.37    1.64
 -61768.167     5.012    -1.19    1.58
 -61391.108     4.348    -1.76    2.48
 -61014.069     3.770    -1.53    2.72
 -60637.049     3.648    -0.32    2.91
 -60260.048     3.148    -1.33    2.97
 -59883.067     3.444     0.78    2.96
 -59506.105     4.898     3.86    3.70
 -59129.163     6.326     3.79    4.43
 -58752.240     6.512     0.49    4.71
 -58375.336     6.681     0.45    5.21
 -57998.452     5.822    -2.28    5.20
 -57621.588     4.459    -3.62    4.61
 -57244.742     3.739    -1.91    3.57
 -56867.917     4.427     1.83    4.48
 -56491.110     6.904     6.57    5.77
 -56114.323     9.553     7.03    4.97
 -55737.555    11.279     4.58    3.30
 -55360.807    11.875     1.58    2.37
 -54984.078    11.444    -1.15    2.90
 -54607.369    12.330     2.35    3.27
 -54230.678    13.124     2.11    2.77
 -53854.007    12.989    -0.36    3.25
 -53477.356    11.434    -4.13    4.53
 -53100.724     8.859    -6.84    4.13
 -52724.111     6.504    -6.25    3.08
 -52347.517     5.032    -3.91    1.14
 -51970.943     4.694    -0.90    1.00
 -51594.388     4.958     0.70    0.99
 -51217.853     5.125     0.45    1.00
 -50841.337     5.307     0.48    0.99
 -50464.840     5.353     0.12    0.93
 -50088.362     5.437     0.22    0.82
 -49711.904     5.601     0.43    1.29
 -49335.465     5.853     0.67    1.42
 -48959.045     6.538     1.82    1.61
 -48582.645     6.898     0.96    1.60
 -48206.264     7.213     0.84    1.48
 -47829.902     6.739    -1.26    1.81
 -47453.560     6.844     0.28    2.49
 -47077.236     7.148     0.81    3.17
 -46700.932     7.793     1.71    3.79
 -46324.648     7.683    -0.29    3.73
 -45948.382     8.171     1.30    3.45
 -45572.136     7.993    -0.47    2.80
 -45195.909     7.300    -1.84    1.62
 -44819.701     7.512     0.56    1.92
 -44443.513     7.694     0.48    2.17
 -44067.343     8.348     1.74    3.39
 -43691.193     8.262    -0.23    4.31
 -43315.063     8.921     1.75    5.15
 -42938.951     9.326     1.08    5.10
 -42562.858     9.489     0.43    5.73
 -42186.785    10.015     1.40    6.14
 -41810.731     9.637    -1.00    6.06
 -41434.696    11.035     3.72    5.82
 -41058.681    10.104    -2.48    5.98
 -40682.684     9.012    -2.90    5.47
 -40306.707     6.887    -5.65    5.52
 -39930.749     5.353    -4.08    4.97
 -39554.810     5.081    -0.72    4.52
 -39178.890     5.512     1.14    4.36
 -38802.990     5.603     0.24    3.99
 -38427.109     5.859     0.68    3.28
 -38051.246     6.577     1.91    2.65
 -37675.403     7.235     1.75    3.22
 -37299.579     8.304     2.84    3.46
 -36923.774     9.437     3.02    3.35
 -36547.989    10.009     1.52    2.80
 -36172.222     9.080    -2.47    2.31
 -35796.475     9.194     0.30    2.31
 -35420.746     8.873    -0.85    2.86
 -35045.037     7.193    -4.47    3.35
 -34669.347     5.285    -5.08    3.66
 -34293.676     4.194    -2.90    2.65
 -33918.024     3.262    -2.48    1.81
 -33542.391     2.880    -1.02    1.72
 -33166.778     2.375    -1.34    1.29
 -32791.183     2.392     0.04    1.24
 -32415.608     2.548     0.42    1.39
 -32040.051     2.989     1.17    1.40
 -31664.514     3.625     1.69    1.30
 -31288.995     3.904     0.74    1.19
 -30913.496     4.099     0.52    1.09
 -30538.016     4.535     1.16    1.33
 -30162.555     4.709     0.47    1.34
 -29787.113     4.830     0.32    1.16
 -29411.690     4.875     0.12    1.25
 -29036.285     4.739    -0.36    1.45
 -28660.900     4.704    -0.09    1.65
 -28285.535     4.023    -1.81    1.40
 -27910.188     3.830    -0.51    1.27
 -27534.860     3.529    -0.80    1.13
 -27159.551     3.171    -0.95    1.34
 -26784.261     2.948    -0.59    1.29
 -26408.990     2.762    -0.50    1.28
 -26033.738     2.648    -0.30    1.41
 -25658.505     2.392    -0.68    1.30
 -25283.291     2.281    -0.29    1.38
 -24908.096     2.012    -0.72    1.47
 -24532.920     1.916    -0.26    1.39
 -24157.763     1.637    -0.74    1.52
 -23782.625     1.459    -0.47    1.46
 -23407.506     1.148    -0.83    1.05
 -23032.406     1.053    -0.25    1.23
 -22657.325     1.148     0.25    1.22
 -22282.263     1.989     2.24    1.84
 -21907.220     1.875    -0.30    2.06
 -21532.195     2.459     1.56    2.48
 -21157.190     2.444    -0.04    2.53
 -20782.204     1.830    -1.64    2.16
 -20407.236     1.762    -0.18    2.10
 -20032.287     1.593    -0.45    1.94
 -19657.358     2.489     2.39    2.81
 -19282.447     3.330     2.24    2.96
 -18907.555     3.012    -0.85    3.75
 -18532.682     3.466     1.21    4.71
 -18157.828     2.148    -3.52    4.40
 -17782.993     1.548    -1.60    3.87
 -17408.177     1.421    -0.34    3.49
 -17033.380     2.415     2.65    4.00
 -16658.601     4.944     6.75    5.34
 -16283.841     7.504     6.83    5.79
 -15909.101     8.989     3.96    5.51
 -15534.379     8.837    -0.41    6.23
 -15159.676     6.526    -6.17    6.92
 -14784.992     5.285    -3.31    6.58
 -14410.326     3.681    -4.28    5.93
 -14035.680     2.892    -2.11    5.05
 -13661.052     2.409    -1.29    4.40
 -13286.443     2.716     0.82    4.73
 -12911.854     3.648     2.49    4.59
 -12537.282     3.148    -1.33    4.17
 -12162.730     3.148     0.00    3.72
 -11788.197     2.898    -0.67    2.71
 -11413.682     2.696    -0.54    2.33
 -11039.186     1.800    -2.39    2.25
 -10664.709     1.362    -1.17    2.18
 -10290.251     1.037    -0.87    1.90
  -9915.811     0.739    -0.80    1.34
  -9541.391     0.948     0.56    1.08
  -9166.989     1.148     0.53    1.11
  -8792.606     1.124    -0.06    1.07
  -8418.241     1.215     0.24    1.30
  -8043.896     0.916    -0.80    1.43
  -7669.569     0.748    -0.45    1.44
  -7295.261     0.875     0.34    1.45
  -6920.972     0.593    -0.76    1.10
  -6546.701     0.375    -0.58    1.22
  -6172.449     0.246    -0.35    1.07
  -5798.216     0.421     0.47    2.71
  -5424.002     0.339    -0.22    2.35
  -5049.807     0.037    -0.81    1.30
  -4675.630     0.444     1.09    1.64
  -4301.472     0.785     0.91    1.67
  -3927.332     1.557     2.07    2.79
  -3553.212     2.099     1.45    3.04
  -3179.110     1.807    -0.78    2.13
  -2805.026     2.648     2.25    2.19
  -2430.962     2.481    -0.45    2.12
  -2056.916     2.535     0.14    2.41
  -1682.889     2.830     0.79    2.27
  -1308.880     2.966     0.36    2.43
   -934.890     2.831    -0.36    3.13
   -560.919     2.375    -1.22    3.71
   -186.967     1.148    -3.28    3.48
    186.967     1.216     0.18    3.96
    560.882     3.035     4.86    4.83
    934.778     5.648     6.99    5.25
   1308.656     8.570     7.82    4.20
   1682.515     8.807     0.63    3.66
   2056.356     8.353    -1.21    3.45
   2430.178     7.124    -3.29    3.62
   2803.981     5.770    -3.62    3.64
   3177.766     5.239    -1.42    4.19
   3551.532     5.148    -0.24    4.66
   3925.279     4.615    -1.43    4.93
   4299.008     3.758    -2.29    5.27
   4672.718     2.285    -3.94    4.88
   5046.409     0.636    -4.41    3.20
   5420.082     0.926     0.78    2.53
   5793.737     1.875     2.54    2.49
   6167.372     2.815     2.51    2.23
   6540.990     3.603     2.11    1.85
   6914.588     4.648     2.80    3.39
   7288.168     6.603     5.23    4.25
   7661.729     7.973     3.67    3.79
   8035.272     7.625    -0.93    3.91
   8408.797     6.035    -4.26    4.05
   8782.302     5.926    -0.29    4.32
   9155.789     6.481     1.49    4.62
   9529.258     5.505    -2.61    4.53
   9905.034     4.444    -2.83    3.71
  10282.226     2.855    -4.21    2.60
  10659.399     1.853    -2.66    2.14
  11036.554     1.216    -1.69    2.20
  11413.689     0.785    -1.14    2.35
  11790.805     1.474     1.83    2.56
  12167.903     2.553     2.86    3.19
  12544.982     2.993     1.17    3.08
  12922.041     2.730    -0.70    2.61
  13299.082     3.520     2.10    2.79
  13676.104     4.148     1.67    2.78
  14053.107     4.853     1.87    3.05
  14430.091     4.713    -0.37    3.10
  14807.057     5.220     1.34    3.16
  15184.003     5.104    -0.31    3.17
  15560.931     4.989    -0.30    2.74
  15937.839     4.881    -0.29    2.73
  16314.729     4.015    -2.30    3.68
  16691.600     2.171    -4.89    3.67
  17068.452     0.815    -3.60    3.07
  17445.285    -0.034    -2.25    2.58
  17822.100     0.948     2.61    3.27
  18198.895     2.875     5.11    4.01
  18575.672     4.450     4.18    3.75
  18952.430     6.671     5.89    2.99
  19329.169     7.692     2.71    2.67
  19705.889     8.215     1.39    2.86
  20082.590     8.993     2.06    2.43
  20459.273     9.055     0.17    2.30
  20835.937     9.018    -0.10    2.13
  21212.582     9.362     0.92    2.03
  21589.208     9.580     0.58    1.95
  21965.815     9.081    -1.32    3.03
  22342.404     6.404    -7.11    4.94
  22718.974     3.659    -7.29    5.14
  23095.525     1.434    -5.91    3.62
  23472.057     0.757    -1.80    2.92
  23848.570     0.921     0.44    2.79
  24225.065     0.535    -1.03    1.66
  24601.541     0.966     1.15    1.79
  24977.998     1.734     2.04    2.46
  25354.437     2.694     2.55    3.02
  25730.856     3.223     1.41    3.13
  26107.257     2.059    -3.09    2.91
  26483.639     1.875    -0.49    2.30
  26860.003     0.625    -3.32    1.70
  27236.348     1.625     2.66    3.47
  27612.674     4.002     6.31    6.41
  27988.981     5.921     5.10    7.94
  28365.269     7.743     4.84    8.07
  28741.539     7.637    -0.28    8.32
  29117.791     6.459    -3.13    7.34
  29494.023     8.264     4.80    7.68
  29870.237    11.535     8.69    6.87
  30246.432    12.423     2.36    6.80
  30622.608    11.489    -2.48    7.31
  30998.766     8.830    -7.07    7.11
  31374.905     6.057    -7.37    5.96
  31751.025     4.194    -4.95    4.02
  32127.127     2.601    -4.24    3.17
  32503.210     3.080     1.27    4.15
  32879.275     4.270     3.16    5.13
  33255.320     4.785     1.37    5.14
  33631.347     5.375     1.57    4.90
  34007.356     5.466     0.24    4.57
  34383.346     4.970    -1.32    5.15
  34759.317     5.005     0.09    5.58
  35135.269     6.237     3.28    5.18
  35511.203     8.241     5.33    4.29
  35887.119     8.489     0.66    3.35
  36263.015     8.081    -1.08    2.66
  36638.893     7.415    -1.77    2.27
  37014.753     8.393     2.60    4.82
  37390.594     9.172     2.07    5.20
  37766.416     8.489    -1.82    5.25
  38142.220     7.489    -2.66    5.48
  38518.005     4.603    -7.68    3.93
  38893.771     3.148    -3.87    3.58
  39269.519     2.489    -1.75    3.50
  39645.248     2.375    -0.30    3.71
  40020.959     2.262    -0.30    3.61
  40396.651     1.504    -2.02    3.03
  40772.325     1.785     0.75    3.24
  41147.980     0.853    -2.48    1.77
  41523.617     0.785    -0.18    1.48
  41899.235     0.694    -0.24    1.30
  42274.834     0.580    -0.30    1.35
  42650.415     0.103    -1.27    1.43
  43025.977    -0.102    -0.54    1.50
  43401.521    -0.274    -0.46    1.60
  43777.047    -0.056     0.58    1.89
  44152.553    -0.125    -0.18    2.05
  44528.042     0.239     0.97    2.18
  44903.512     1.694     3.87    3.85
  45278.963     1.830     0.36    4.09
  45654.396     2.080     0.67    4.12
  46029.810     1.830    -0.67    4.16
  46405.206     0.450    -3.67    2.73
  46780.583     0.307    -0.38    2.96
  47155.942     1.083     2.07    3.77
  47531.282     1.126     0.11    3.79
  47906.604     0.966    -0.43    3.34
  48281.908     1.241     0.73    3.15
  48657.193     2.059     2.18    3.30
  49032.459     2.577     1.38    3.19
  49407.707     3.015     1.17    3.40
  49782.937     2.637    -1.01    3.63
  50158.148     1.815    -2.19    3.52
  50533.341     0.357    -3.88    3.20
  50908.515    -0.804    -3.10    2.42
  51283.671    -1.141    -0.90    1.96
  51658.808    -1.388    -0.66    2.28
  52033.927    -1.607    -0.58    2.61
  52409.028    -1.352     0.68    2.61
  52784.110    -1.329     0.06    3.10
  53159.174     0.648     5.27    5.06
  53534.219     1.977     3.54    5.61
  53909.246     2.875     2.39    5.35
  54284.255     1.696    -3.15    4.42
  54659.245    -0.170    -4.98    3.35
  55034.217    -1.511    -3.58    3.15
  55409.170    -1.715    -0.55    3.37
  55784.105    -0.170     4.12    5.18
  56159.022     1.514     4.49    5.16
  56533.920     0.785    -1.95    5.10
  56908.800    -0.114    -2.40    5.02
  57283.662    -1.474    -3.63    4.30
  57658.505    -1.341     0.36    3.96
  58033.330    -0.875     1.24    4.58
  58408.137    -1.193    -0.85    4.53
  58782.925    -1.477    -0.76    4.72
  59157.695    -1.306     0.45    4.56
  59532.446    -1.457    -0.40    4.09
  59907.180    -0.874     1.55    4.25
  60281.895    -0.585     0.77    4.02
  60656.591    -1.852    -3.38    3.09
  61031.269    -2.329    -1.27    2.65
  61405.929    -2.519    -0.51    2.63
  61780.571    -2.602    -0.22    2.85
  62155.195    -3.503    -2.41    3.05
  62529.800    -4.207    -1.88    2.99
  62904.386    -5.385    -3.14    2.11
  63278.955    -5.209     0.47    2.96
  63653.505    -2.397     7.51    5.32
  64028.037    -0.194     5.88    5.37
  64402.551     1.262     3.89    4.75
  64777.046     1.613     0.94    3.98
  65151.524     1.170    -1.18    3.82
  65525.982     0.193    -2.61    3.99
  65900.423     0.434     0.64    4.93
  66274.846    -0.625    -2.83    4.73
  66649.250    -2.152    -4.08    4.38
  67023.636    -1.306     2.26    4.38
  67398.003    -0.420     2.37    4.27
  67772.353     0.057     1.27    4.46
  68146.684     0.615     1.49    3.64
  68520.997     1.291     1.81    3.02
  68895.292     0.785    -1.35    3.06
  69269.569     0.148    -1.70    3.22
  69643.827    -1.147    -3.46    3.76
  70018.067    -1.852    -1.88    3.84
  70392.289    -2.556    -1.88    3.90
  70766.493    -3.363    -2.16    3.75
  71140.679    -3.995    -1.69    3.18
  71514.846    -3.352     1.72    4.60
  71888.995    -2.559     2.12    5.22
  72263.127    -2.965    -1.09    5.03
  72637.240    -3.647    -1.82    4.25
  73011.334    -4.965    -3.52    2.98
  73385.411    -5.474    -1.36    2.40
  73759.469    -5.376     0.26    2.76
  74133.510    -2.965     6.44    5.58
  74507.532     0.343     8.85    6.21
  74881.536     2.944     6.95    5.44
  75255.522     6.078     8.38    2.15
  75629.489     5.080    -2.67    2.93
  76003.439     3.875    -3.22    3.37
  76377.370     2.553    -3.54    3.58
  76751.284     0.194    -6.31    3.94
  77125.179    -0.023    -0.58    3.10
  77499.056     0.671     1.85    3.53
  77872.915     2.055     3.70    3.57
  78246.756     3.330     3.41    2.90
  78620.579     4.125     2.13    2.15
  78994.384     3.458    -1.79    2.19
  79368.170     2.466    -2.65    2.39
  79741.939     1.612    -2.29    2.45
  80115.689     1.262    -0.94    2.06
  80489.422     1.288     0.07    1.95
  80863.136     1.171    -0.31    1.89
  81236.832     0.421    -2.01    2.91
  81610.511    -0.376    -2.13    3.57
  81984.171    -1.829    -3.89    3.49
  82357.813    -1.852    -0.06    2.85
  82731.437    -0.988     2.31    3.41
  83105.043     1.307     6.14    3.78
  83478.631     3.398     5.60    3.31
  83852.201     3.726     0.88    3.08
  84225.753     2.481    -3.33    3.37
  84599.287     0.785    -4.54    3.26
  84975.522    -0.376    -3.08    3.10
  85352.663    -0.852    -1.26    3.02
  85729.785    -1.738    -2.35    3.07
  86106.890    -2.420    -1.81    2.99
  86483.975    -3.125    -1.87    3.25
  86861.043    -4.280    -3.07    2.85
  87238.092    -2.919     3.61    4.20
  87615.123    -0.433     6.59    5.17
  87992.135     1.739     5.76    4.44
  88369.129     3.057     3.50    2.99
  88746.105     2.353    -1.87    3.57
  89123.062     2.330    -0.06    3.61
  89500.001     2.450     0.32    3.71
  89876.921     3.015     1.50    3.85
  90253.824     2.807    -0.55    3.40
  90630.708     2.437    -0.98    3.38
  91007.573     0.966    -3.90    4.03
  91384.421    -1.079    -5.43    3.14
  91761.250    -2.170    -2.89    3.56
  92138.060    -2.715    -1.45    3.00
  92514.853    -3.363    -1.72    3.12
  92891.627    -3.511    -0.39    3.02
  93268.382    -4.061    -1.46    3.23
  93645.120    -4.625    -1.50    3.46
  94021.839    -5.007    -1.02    3.55
  94398.540    -5.443    -1.16    3.43
  94775.223    -3.896     4.11    4.04
  95151.887    -3.363     1.41    3.72
  95528.533    -1.395     5.23    2.82
  95905.161    -1.061     0.89    3.42
  96281.771    -3.602    -6.75    4.86
  96658.362    -6.805    -8.51    5.45
  97034.935    -8.920    -5.62    4.17
  97411.490   -10.519    -4.24    2.00
  97788.026    -9.559     2.55    3.20
  98164.545    -8.917     1.71    3.69
  98541.045    -8.806     0.29    4.14
  98917.527    -9.579    -2.05    4.06
  99293.990   -10.284    -1.87    3.81
  99670.436    -9.437     2.25    4.39
 100046.863    -9.375     0.17    4.15
 100423.272    -9.328     0.12    3.83
 100799.663    -9.534    -0.55    3.24
 101176.036    -9.602    -0.18    2.93
 101552.390    -8.619     2.61    3.56
 101928.726    -8.034     1.56    3.67
 102305.044    -7.627     1.08    3.63
 102681.344    -7.579     0.13    3.74
 103057.626    -8.177    -1.59    2.63
 103433.889    -7.511     1.77    2.74
 103810.135    -7.170     0.91    2.86
 104186.362    -7.047     0.33    2.64
 104562.571    -6.465     1.55    2.68
 104938.762    -5.071     3.71    3.09
 105314.934    -4.185     2.36    3.58
 105691.089    -3.875     0.83    2.96
 106067.225    -3.689     0.49    3.11
 106443.344    -3.385     0.81    3.62
 106819.444    -3.527    -0.38    3.94
 107195.526    -3.670    -0.38    3.71
 107571.590    -4.096    -1.13    3.55
 107947.636    -3.943     0.41    3.56
 108323.663    -4.375    -1.15    2.99
 108699.673    -5.177    -2.13    3.80
 109075.664    -5.670    -1.31    3.72
 109451.638    -6.227    -1.48    3.77
 109827.593    -6.670    -1.18    3.65
 110203.530    -7.317    -1.72    3.36
 110579.449    -8.375    -2.81    2.73
 110955.350    -8.329     0.12    2.19
 111331.233    -8.042     0.76    2.21
 111707.098    -7.761     0.75    2.18
 112082.945    -7.145     1.64    1.63
 112458.774    -7.193    -0.13    1.71
 112834.584    -7.317    -0.33    1.71
 113210.377    -7.261     0.15    1.76
 113586.151    -6.763     1.33    1.86
 113961.908    -5.852     2.42    2.38
 114337.646    -5.011     2.24    2.84
 114713.367    -4.247     2.03    2.80
 115089.069    -3.947     0.80    2.75
 115464.754    -3.284     1.77    2.45
 115840.420    -3.102     0.48    2.18
 116216.068    -3.591    -1.30    2.42
 116591.699    -3.614    -0.06    2.89
 116967.311    -4.341    -1.94    2.94
 117342.905    -4.736    -1.05    3.30
 117718.481    -4.852    -0.31    4.01
 118094.040    -6.079    -3.27    4.07
 118469.580    -6.566    -1.30    4.12
 118845.102    -6.330     0.63    4.14
 119220.607    -4.503     4.87    5.33
 119596.093    -3.420     2.88    5.24
 119971.561    -3.061     0.96    5.63
 120347.012    -4.221    -3.09    5.31
 120722.444    -3.556     1.77    4.91
 121097.859    -2.280     3.40    4.51
 121473.255    -1.474     2.15    3.96
 121848.634    -0.875     1.60    3.54
 122223.994    -2.807    -5.15    4.66
 122599.337    -3.238    -1.15    4.73
 122974.662    -3.178     0.16    4.73
 123349.969    -1.920     3.35    5.16
 123725.258     0.101     5.38    3.66
 124100.529     0.853     2.00    2.97
 124475.782     1.285     1.15    2.76
 124851.017     0.762    -1.39    3.25
 125226.234     0.512    -0.67    2.74
 125601.433     0.216    -0.79    3.64
 125976.615    -0.011    -0.61    4.01
 126351.778     0.535     1.45    4.16
 126726.924     0.489    -0.12    4.40
 127102.051     0.466    -0.06    4.36
 127477.161     0.262    -0.55    4.94
 127852.253    -1.102    -3.64    5.10
 128227.327    -1.193    -0.24    5.29
 128602.383    -1.215    -0.06    4.64
 128977.422    -1.488    -0.73    3.75
 129352.442    -0.647     2.24    3.93
 129727.445    -0.738    -0.24    3.52
 130102.430    -0.602     0.36    3.70
 130477.397     0.398     2.67    4.02
 130852.346    -0.261    -1.76    4.21
 131227.277    -0.579    -0.85    3.73
 131602.190     0.080     1.76    3.43
 131977.086    -0.647    -1.94    3.45
 132351.963    -0.443     0.55    3.49
 132726.823     0.104     1.46    3.80
 133101.665    -0.125    -0.61    3.87
 133476.490    -1.011    -2.36    3.99
 133851.296    -2.306    -3.46    3.43
 134226.085    -3.397    -2.91    2.72
 134600.856    -3.619    -0.59    2.72
 134975.609    -3.420     0.53    2.77
 135350.344    -3.852    -1.15    2.02
 135725.061    -4.084    -0.62    1.74
 136099.761    -3.569     1.37    1.63
 136474.443    -3.352     0.58    2.17
 136849.107    -3.074     0.74    2.43
 137223.754    -3.154    -0.21    2.36
 137598.382    -3.154     0.00    2.44
 137972.993    -4.161    -2.69    2.49
 138347.586    -4.920    -2.03    2.47
 138722.161    -5.941    -2.72    2.27
 139096.719    -6.922    -2.62    2.45
 139471.259    -7.719    -2.13    2.32
 139845.781    -7.852    -0.36    2.97
 140220.285    -8.563    -1.90    2.78
 140594.772    -8.733    -0.45    3.00
 140969.241    -8.988    -0.68    3.04
 141343.692    -8.541     1.19    3.53
 141718.126    -7.689     2.27    4.08
 142092.541    -5.807     5.02    5.10
 142466.939    -3.852     5.22    4.99
 142841.320    -0.874     7.95    3.97
 143215.682     0.055     2.48    4.39
 143590.027     0.603     1.46    3.58
 143964.355    -1.920    -6.74    5.45
 144338.664    -4.193    -6.07    6.05
 144712.956    -6.207    -5.38    5.17
 145087.230    -7.573    -3.65    4.50
 145461.487    -7.602    -0.08    3.72
 145835.726    -7.829    -0.61    3.64
 146209.947    -7.443     1.03    4.04
 146584.150    -7.125     0.85    4.24
 146958.336    -6.443     1.82    4.41
 147332.505    -5.897     1.46    4.57
 147706.655    -6.138    -0.64    4.23
 148080.788    -7.284    -3.06    3.91
 148454.903    -8.666    -3.69    3.55
 148829.001   -10.038    -3.67    2.51
 149203.081   -11.011    -2.60    1.76
 149577.144   -10.988     0.06    1.97
 149951.188   -10.784     0.55    2.13
 150325.216   -10.923    -0.37    2.12
 150699.225   -11.375    -1.21    1.87
 151073.217   -11.457    -0.22    1.75
 151447.191   -11.526    -0.19    1.69
 151821.148   -11.715    -0.51    2.08
 152195.087   -11.897    -0.49    2.16
 152569.009   -11.988    -0.24    2.28
 152942.913   -12.233    -0.65    1.87
 153316.799   -12.420    -0.50    1.69
 153690.668   -12.488    -0.18    1.50
 154064.519   -12.534    -0.12    1.49
 154438.353   -12.715    -0.49    1.36
 154812.169   -12.875    -0.43    1.13
 155185.968   -12.784     0.24    1.26
 155559.749   -12.542     0.65    1.39
 155933.512   -12.488     0.14    1.30
 156307.258   -12.474     0.04    1.35
 156680.987   -12.625    -0.40    1.33
 157054.697   -12.738    -0.30    1.13
 157428.391   -12.488     0.67    1.42
 157802.066   -12.147     0.91    1.59
 158175.725   -12.042     0.28    2.39
 158549.365   -11.693     0.94    2.63
 158922.989   -11.563     0.35    2.57
 159296.594   -11.602    -0.10    1.70
 159670.182   -11.443     0.43    1.73
 160046.864   -11.759    -0.84    1.72
 160423.960   -12.056    -0.79    1.65
 160801.037   -12.257    -0.53    1.40
 161178.097   -12.579    -0.86    1.02
 161555.138   -12.296     0.75    1.16
 161932.162   -12.177     0.32    1.34
 162309.168   -11.829     0.92    1.45
 162686.156   -12.066    -0.63    1.37
 163063.127   -12.287    -0.58    1.31
 163440.079   -12.108     0.47    1.54
 163817.014   -11.875     0.62    1.55
 164193.931   -12.185    -0.82    1.30
 164570.830   -12.233    -0.13    1.21
 164947.711   -12.215     0.05    1.18
 165324.575   -12.202     0.04    1.33
 165701.421   -11.666     1.42    1.58
 166078.249   -11.784    -0.31    1.72
 166455.059   -11.503     0.74    2.21
 166831.851   -12.193    -1.83    1.93
 167208.626   -12.291    -0.26    2.23
 167585.383   -11.965     0.86    2.06
 167962.122   -11.828     0.36    1.94
 168338.843   -12.284    -1.21    1.73
 168715.547   -12.306    -0.06    1.84
 169092.232   -13.031    -1.92    1.47
 169468.900   -13.534    -1.33    1.01
 169845.551   -13.852    -0.84    0.00
 170222.183   -13.852     0.00    0.00
 170598.798   -13.852     0.00    0.00
 170975.395   -13.852     0.00    0.00
 171351.975   -13.852     0.00    0.00
 171728.536   -13.852     0.00    0.00
 172105.080   -13.852     0.00    0.00
 172481.606   -13.852     0.00    0.00
 172858.115   -13.852     0.00    0.00
 173234.606   -13.852     0.00    0.00
 173611.079   -13.852     0.00    0.00
 173987.534   -13.852     0.00    0.00
 174363.972   -13.852     0.00    0.00
 174740.392   -13.852     0.00    0.00
 175116.795   -13.852     0.00    0.00
 175493.179   -13.852     0.00    0.00
 175869.546   -13.852     0.00    0.00
 176245.896   -13.852     0.00    0.00
 176622.227   -13.852     0.00    0.00
 176998.541   -13.852     0.00    0.00
 177374.838   -13.852     0.00    0.00
 177751.116   -13.852     0.00    0.00
 178127.378   -13.852     0.00    0.00
 178503.621   -13.852     0.00    0.00
 178879.847   -13.852     0.00    0.00
 179256.055   -13.852     0.00    0.00
 179632.245   -13.852     0.00    0.00
 180008.418   -13.852     0.00    0.00
 180384.574   -13.852     0.00    0.00
 180760.711   -13.852     0.00    0.00
 181136.831   -13.852     0.00    0.00
 181512.934   -13.852     0.00    0.00
 181889.019   -13.852     0.00    0.00
 182265.086   -13.852     0.00    0.00
 182641.136   -13.852     0.00    0.00
 183017.168   -13.852     0.00    0.00
 183393.182   -13.852     0.00    0.00
 183769.179   -13.852     0.00    0.00
 184145.158   -13.852     0.00    0.00
 184521.120   -13.852     0.00    0.00
 184897.064   -13.852     0.00    0.00
 185272.991   -13.852     0.00    0.00
 185648.900   -13.852     0.00    0.00
 186024.792   -13.852     0.00    0.00
 186400.665   -13.643     0.56    0.80
 186776.522   -12.995     1.72    1.51
 187152.361   -12.465     1.41    1.69
 187528.182   -12.193     0.73    1.54
 187903.986   -11.852     0.91    1.27
 188279.772   -12.230    -1.01    1.03
 188655.541   -12.526    -0.79    0.75
 189031.292   -12.423     0.27    1.27
 189407.026   -12.550    -0.34    1.52
 189782.742   -12.652    -0.27    1.77
 190158.441   -11.761     2.37    2.44
 190534.122   -11.590     0.46    2.27
 190909.786   -11.306     0.75    1.80
 191285.432   -10.897     1.09    1.45
 191661.061   -11.666    -2.05    1.50
 192036.672   -12.443    -2.07    1.56
 192412.266   -13.280    -2.23    1.23
 192787.842   -13.830    -1.46    0.15
 193163.401   -13.852    -0.06    0.00
 193538.942   -13.852     0.00    0.00
 193914.466   -13.852     0.00    0.00
 194289.972   -13.852     0.00    0.00
 194665.461   -13.852     0.00    0.00
 195040.933   -13.852     0.00    0.00
 195416.387   -13.852     0.00    0.00
 195791.823   -13.852     0.00    0.00
 196167.242   -13.852     0.00    0.00
 196542.644   -13.852     0.00    0.00
 196918.029   -13.852     0.00    0.00
 197293.395   -13.852     0.00    0.00
 197668.745   -13.852     0.00    0.00
 198044.077   -13.852     0.00    0.00
 198419.392   -13.852     0.00    0.00
 198794.689   -13.852     0.00    0.00
 199169.969   -13.852     0.00    0.00
 199545.231   -13.852     0.00    0.00
 199920.476   -13.852     0.00    0.00
 200295.704   -13.852     0.00    0.00
 200670.914   -13.852     0.00    0.00
 201046.107   -13.852     0.00    0.00
 201421.282   -13.852     0.00    0.00
 201796.441   -13.852     0.00    0.00
 202171.581   -13.852     0.00    0.00
 202546.705   -13.852     0.00    0.00
 202921.811   -13.852     0.00    0.00
 203296.899   -13.852     0.00    0.00
 203671.971   -13.852     0.00    0.00
 204047.025   -13.852     0.00    0.00
 204422.061   -13.852     0.00    0.00
 204797.081   -13.852     0.00    0.00
 205172.083   -13.852     0.00    0.00
 205547.067   -13.852     0.00    0.00
 205922.035   -13.852     0.00    0.00
 206296.985   -13.852     0.00    0.00
 206671.917   -13.852     0.00    0.00
 207046.833   -13.852     0.00    0.00
 207421.731   -13.852     0.00    0.00
 207796.611   -13.852     0.00    0.00
 208171.475   -13.852     0.00    0.00
 208546.321   -13.852     0.00    0.00
 208921.150   -13.852     0.00    0.00
 209295.961   -13.852     0.00    0.00
 209670.756   -13.852     0.00    0.00
 210045.533   -13.852     0.00    0.00
 210420.292   -13.852     0.00    0.00
 210795.035   -13.852     0.00    0.00
 211169.760   -13.852     0.00    0.00
 211544.468   -13.852     0.00    0.00
 211919.159   -13.852     0.00    0.00
 212293.832   -13.852     0.00    0.00
 212668.488   -13.852     0.00    0.00
 213043.127   -13.852     0.00    0.00
 213417.749   -13.852     0.00    0.00
 213792.353   -13.852     0.00    0.00
 214166.941   -13.852     0.00    0.00
 214541.511   -13.852     0.00    0.00
 214916.063   -13.852     0.00    0.00
 215290.599   -13.852     0.00    0.00
 215665.117   -13.852     0.00    0.00
 216039.618   -13.852     0.00    0.00
 216414.102   -13.852     0.00    0.00
 216788.569   -13.852     0.00    0.00
 217163.019   -13.852     0.00    0.00
 217537.451   -13.852     0.00    0.00
 217911.866   -13.852     0.00    0.00
 218286.264   -13.852     0.00    0.00
 218660.645   -13.852     0.00    0.00
 219035.008   -13.852     0.00    0.00
 219409.355   -13.852     0.00    0.00
 219783.684   -13.852     0.00    0.00
 220157.996   -13.852     0.00    0.00
 220532.291   -13.852     0.00    0.00
 220906.569   -13.852     0.00    0.00
 221280.829   -13.852     0.00    0.00
 221655.073   -13.852     0.00    0.00
 222029.299   -13.852     0.00    0.00
 222403.508   -13.852     0.00    0.00
 222777.701   -13.852     0.00    0.00
 223151.875   -13.852     0.00    0.00
 223526.033   -13.852     0.00    0.00
 223900.174   -13.852     0.00    0.00
 224274.298   -13.852     0.00    0.00
 224648.404   -13.852     0.00    0.00
 225022.493   -13.852     0.00    0.00
 225396.566   -13.852     0.00    0.00
 225770.621   -13.852     0.00    0.00
 226144.659   -13.852     0.00    0.00
 226518.680   -13.852     0.00    0.00
 226892.684   -13.852     0.00    0.00
 227266.670   -13.852     0.00    0.00
 227640.640   -13.852     0.00    0.00
 228014.593   -13.852     0.00    0.00
 228388.528   -13.852     0.00    0.00
 228762.447   -13.852     0.00    0.00
 229136.348   -13.852     0.00    0.00
 229510.232   -13.852     0.00    0.00
 229884.100   -13.852     0.00    0.00
 230257.950   -13.852     0.00    0.00
 230631.783   -13.852     0.00    0.00
 231005.599   -13.852     0.00    0.00
 231379.399   -13.852     0.00    0.00
 231753.181   -13.852     0.00    0.00
 232126.946   -13.852     0.00    0.00
 232500.694   -13.852     0.00    0.00
 232874.425   -13.852     0.00    0.00
 233248.139   -13.852     0.00    0.00
 233621.836   -13.852     0.00    0.00
 233995.516   -13.852     0.00    0.00
 234369.179   -13.852     0.00    0.00
 234742.885   -13.852     0.00    0.00
 235119.949   -13.852     0.00    0.00
 235496.997   -13.852     0.00    0.00
 235874.027   -13.852     0.00    0.00
 236251.039   -13.852     0.00    0.00
 236628.035   -13.852     0.00    0.00
 237005.013   -13.852     0.00    0.00
 237381.974   -13.852     0.00    0.00
 237758.917   -13.852     0.00    0.00
 238135.843   -13.852     0.00    0.00
 238512.752   -13.852     0.00    0.00
 238889.644   -13.852     0.00    0.00
 239266.518   -13.852     0.00    0.00
 239643.375   -13.852     0.00    0.00
 240020.215   -13.852     0.00    0.00
 240397.038   -13.852     0.00    0.00
 240773.843   -13.852     0.00    0.00
 241150.631   -13.852     0.00    0.00
 241527.402   -13.852     0.00    0.00
 241904.155   -13.852     0.00    0.00
 242280.891   -13.852     0.00    0.00
 242657.610   -13.852     0.00    0.00
 243034.312   -13.852     0.00    0.00
 243410.997   -13.852     0.00    0.00
 243787.664   -13.852     0.00    0.00
 244164.314   -13.852     0.00    0.00
 244540.947   -13.852     0.00    0.00
 244917.562   -13.852     0.00    0.00
 245294.161   -13.852     0.00    0.00
 245670.742   -13.852     0.00    0.00
 246047.306   -13.852     0.00    0.00
 246423.853   -13.852     0.00    0.00
 246800.382   -13.852     0.00    0.00
 247176.895   -13.852     0.00    0.00
 247553.390   -13.852     0.00    0.00
 247929.868   -13.852     0.00    0.00
 248306.329   -13.852     0.00    0.00
 248682.772   -13.852     0.00    0.00
 249059.199   -13.852     0.00    0.00
 249435.608   -13.852     0.00    0.00
 249812.000   -13.852     0.00    0.00
 250188.375   -13.852     0.00    0.00
 250564.733   -13.852     0.00    0.00
 250941.074   -13.852     0.00    0.00
 251317.398   -13.852     0.00    0.00
 251693.704   -13.852     0.00    0.00
 252069.993   -13.852     0.00    0.00
 252446.265   -13.852     0.00    0.00
 252822.520   -13.852     0.00    0.00
 253198.758   -13.852     0.00    0.00
 253574.979   -13.852     0.00    0.00
 253951.183   -13.852     0.00    0.00
 254327.369   -13.852     0.00    0.00
 254703.539   -13.852     0.00    0.00
 255079.691   -13.852     0.00    0.00
 255455.826   -13.852     0.00    0.00
 255831.944   -13.852     0.00    0.00
 256208.045   -13.852     0.00    0.00
 256584.129   -13.852     0.00    0.00
 256960.196   -13.852     0.00    0.00
 257336.246   -13.852     0.00    0.00
 257712.279   -13.852     0.00    0.00
 258088.294   -13.852     0.00    0.00
