#   13.000   0.142   2.192 ;Mean Elev.(m), Avg Gradient(m/km), RMS Gradient(m/km) - SRTM1     
#   -0.999   0.183   5.283 ;Mean Elev.(m), Avg Gradient(m/km), RMS Gradient(m/km) - ASTER GDEM
#   13.816   0.184   2.251 ;Mean Elev.(m), Avg Gradient(m/km), RMS Gradient(m/km) - GMTED2010 
  8 268.388506  31.214937     9.117     7.820  3 52492.68564096 24.432
 10 268.386134  31.216485    11.926    11.770  4 52562.68566545 20.803
 12 268.383416  31.218610    14.441    13.098  3 52632.68562829 18.835
 13 268.380175  31.220001    13.140    12.551  3 52667.68564575 23.122
 14 268.390480  31.214241    16.211    16.238  3 52702.68562057 43.142
 16 268.381823  31.219586    12.507    12.507  2 52772.68562363 20.534
 17 268.382566  31.218221    13.905    13.937  3 52807.68568386 47.867
 18 268.384424  31.218149    11.667    11.513  3 52842.68574208 25.791
 19 268.381761  31.219143    11.621    11.621  2 52877.68578042 21.169
 20 268.385764  31.216856    10.783    11.650  4 52912.68573912 22.969
 21 268.390333  31.214619     8.101     6.311  3 52947.68569688 27.966
 23 268.380360  31.221651    12.433    12.433  2 53017.68572512 46.322
 24 268.387262  31.216018    14.704    14.688  4 53052.68570667 25.686
 25 268.373318  31.226525    15.440    15.440  2 53087.68574201 35.059
 26 268.383318  31.217755    13.161    13.186  3 53122.68571318 22.800
 27 268.377330  31.221291    14.971    14.971  2 53157.68576945 22.196
 28 268.385520  31.216400    15.579    15.581  4 53192.68576351 26.442
 30 268.377053  31.224326    13.057    13.057  2 53262.68573406 19.729
 33 268.381354  31.219417    16.269    16.268  3 53367.68568897 36.514
 34 268.383442  31.218854    18.232    18.262  3 53402.68571782 48.674
 35 268.380815  31.219247    15.206    15.169  3 53437.68570671 33.889
 36 268.380495  31.220720    14.386    14.386  2 53472.68576085 30.263
 37 268.380100  31.219713    12.375    12.375  2 53507.68578838 22.665
 38 268.379044  31.222708    11.249    11.249  2 53542.68579666 26.627
 39 268.378912  31.221750     8.026     8.026  2 53577.68578242 32.865
 42 268.376514  31.222570     5.681     5.681  2 53682.68575552 30.425
 43 268.382466  31.218551     9.059     7.959  3 53717.68568335 20.054
 44 268.390637  31.214915    13.266    14.883  3 53752.68560395 21.457
 45 268.384292  31.215764    10.609    10.593  3 53787.68563408 47.385
 46 268.389962  31.216246    14.443    14.459  3 53822.68558814 44.911
 47 268.379956  31.220142    12.831    12.831  2 53857.68567975 20.161
 48 268.386345  31.215411     9.848     9.865  4 53892.68569435 31.706
 49 268.373882  31.225452    10.162    10.162  2 53927.68575200 27.937
 50 268.374901  31.224352     5.709     5.709  2 53962.68573564 47.480
 51 268.388890  31.213733     6.056     5.803  3 53997.68568326 18.712
 52 268.385611  31.215884     8.004     8.032  4 54032.68573335 42.009
 54 268.379076  31.221198    11.797    11.797  2 54102.68568590 22.612
 55 268.383258  31.217063    15.026    15.007  3 54137.68565561 25.076
 56 268.379624  31.220936    13.417    13.389  3 54172.68566357 23.289
 57 268.383048  31.219155    13.654    13.683  3 54207.68566082 38.760
 58 268.382780  31.219235    13.445    13.532  3 54242.68569270 20.992
 59 268.382563  31.218943    12.236    12.236  2 54277.68570669 17.464
 60 268.383186  31.218860    10.753    10.755  3 54312.68570727 39.389
 61 268.380062  31.219778     8.644     8.644  2 54347.68567899 32.423
 62 268.384363  31.218159     9.699    11.095  3 54382.68564477 30.477
 63 268.380480  31.220933     7.407     7.407  2 54417.68562832 30.369
 64 268.385013  31.217907    11.781    11.727  3 54452.68561451 18.210
 65 268.383169  31.219296    12.254    12.321  3 54487.68562625 38.939
 66 268.384241  31.216347    15.060    15.293  3 54522.68562804 27.928
 67 268.380272  31.220205    17.066    17.066  2 54557.68563589 36.287
 68 268.382391  31.219642    18.508    18.562  3 54592.68562315 38.822
 69 268.381310  31.219163    15.678    15.709  3 54627.68563886 41.668
 70 268.380813  31.220361    15.309    15.309  2 54662.68564603 25.208
 71 268.381606  31.220108    12.794    12.593  3 54697.68562057 18.052
 72 268.384031  31.218161    12.664    12.583  3 54732.68560329 18.578
 73 268.382180  31.218694    12.366    12.354  3 54767.68560072 19.525
 74 268.382684  31.217205    12.615    12.597  3 54802.68559745 16.832
 75 268.382075  31.218618    13.791    13.802  3 54837.68559328 43.529
 76 268.383036  31.217159    12.750    12.424  3 54872.68559665 16.636
 77 268.378591  31.223506    12.288    12.288  2 54907.68559997 36.160
 78 268.383126  31.219861    15.577    15.505  3 54942.68558838 30.544
 79 268.381531  31.220567    18.676    18.638  3 54977.68561602 38.831
 80 268.381243  31.219756    14.990    14.885  3 55012.68562360 25.771
 81 268.382520  31.217076    11.025    11.055  3 55047.68561621 36.282
 82 268.379807  31.221074    12.293    12.258  3 55082.68558663 21.590
 83 268.384512  31.217271    11.870    11.887  3 55117.68554843 33.488
 84 268.380725  31.220750    16.712    16.769  3 55152.68554516 29.137
 85 268.383399  31.218582    14.786    14.758  3 55187.68553544 26.537
 86 268.380759  31.219415    13.244    13.244  2 55222.68554434 32.158
 87 268.383416  31.217871    15.419    15.047  3 55257.68553180 27.197
 88 268.379426  31.220595    16.350    16.319  3 55292.68553143 30.989
 89 268.380686  31.220443    14.626    14.626  2 55327.68551468 24.865
 90 268.380694  31.219580    14.351    14.347  3 55362.68551092 50.414
 91 268.383551  31.218228    13.951    13.926  3 55397.68551900 23.576
 92 268.383972  31.219092    11.624    11.604  3 55432.68552607 33.236
 93 268.380100  31.220763     9.011     9.011  2 55467.68548454 43.421
