-161423.584    56.838     0.00    2.57
-161048.986    58.287     3.87    2.99
-160674.414    58.946     1.76    2.79
-160299.866    59.466     1.39    2.99
-159925.344    59.967     1.34    3.10
-159550.846    60.838     2.32    3.55
-159176.373    61.423     1.56    3.35
-158801.925    59.405    -5.39    5.35
-158427.502    56.076    -8.89    6.74
-158053.104    51.670   -11.77    5.64
-157678.731    48.595    -8.22    3.88
-157304.382    47.359    -3.30    4.41
-156930.058    46.743    -1.64    5.20
-156555.760    45.141    -4.28    5.56
-156181.486    43.403    -4.64    5.23
-155807.236    41.892    -4.04    4.46
-155433.012    41.054    -2.24    4.01
-155058.812    40.300    -2.02    4.06
-154684.638    39.424    -2.34    4.00
-154310.488    38.566    -2.30    4.13
-153936.363    37.059    -4.03    3.07
-153562.262    35.262    -4.81    3.88
-153188.187    34.275    -2.64    3.73
-152814.136    33.196    -2.89    3.11
-152440.110    32.612    -1.56    2.41
-152066.108    33.300     1.84    2.43
-151692.132    34.404     2.95    2.81
-151318.180    35.033     1.68    3.10
-150944.253    35.552     1.39    2.78
-150570.351    36.084     1.42    2.51
-150196.473    36.946     2.31    2.73
-149822.620    38.078     3.03    2.67
-149448.792    38.772     1.86    3.11
-149074.988    41.696     7.82    5.71
-148701.210    44.722     8.10    6.57
-148327.456    47.275     6.83    6.77
-147953.726    48.511     3.31    6.34
-147580.021    47.446    -2.85    6.31
-147206.341    43.978    -9.28    6.84
-146832.686    40.467    -9.40    6.26
-146459.055    36.821    -9.76    4.57
-146085.449    35.533    -3.45    4.48
-145711.868    34.946    -1.57    5.37
-145338.311    34.014    -2.49    5.76
-144964.778    33.226    -2.11    5.23
-144591.271    31.989    -3.31    3.91
-144217.788    32.711     1.93    4.86
-143844.330    33.807     2.94    5.16
-143470.896    33.758    -0.13    4.93
-143097.487    34.382     1.67    4.52
-142724.102    34.233    -0.40    3.59
-142350.742    33.362    -2.33    2.83
-141977.407    32.402    -2.57    2.25
-141604.096    32.293    -0.29    2.67
-141230.809    31.854    -1.18    3.05
-140857.548    33.120     3.39    3.59
-140484.310    34.731     4.32    4.13
-140111.098    35.685     2.55    3.68
-139737.910    37.210     4.09    4.07
-139364.746    38.718     4.04    4.22
-138991.607    40.286     4.20    4.66
-138618.492    42.098     4.86    4.47
-138245.402    43.568     3.94    3.97
-137872.337    44.488     2.47    3.97
-137499.296    45.071     1.56    4.24
-137126.279    46.935     5.00    4.63
-136753.287    48.880     5.22    4.94
-136380.319    48.706    -0.47    4.88
-136007.376    49.275     1.53    5.04
-135634.457    48.966    -0.83    5.29
-135261.563    49.446     1.29    5.57
-134888.693    50.008     1.51    5.55
-134515.848    52.529     6.76    5.91
-134143.027    54.488     5.26    6.33
-133770.230    56.425     5.20    6.68
-133397.458    57.924     4.02    7.35
-133024.711    56.221    -4.57    8.53
-132651.987    54.383    -4.93    8.61
-132279.288    51.654    -7.32    6.39
-131906.614    48.904    -7.38    3.62
-131533.964    48.041    -2.32    3.21
-131161.338    47.216    -2.21    3.30
-130788.737    47.595     1.01    3.41
-130416.160    49.063     3.94    4.59
-130042.506    50.956     5.07    5.74
-129665.029    51.711     2.00    5.73
-129287.578    53.190     3.92    6.19
-128910.151    52.696    -1.31    5.50
-128532.749    50.987    -4.53    4.74
-128155.372    49.924    -2.82    5.22
-127778.021    47.190    -7.25    6.19
-127400.694    44.743    -6.49    5.77
-127023.392    42.946    -4.77    4.24
-126646.115    41.821    -2.98    3.18
-126268.864    43.163     3.56    4.00
-125891.637    45.186     5.36    4.35
-125514.435    45.809     1.65    4.05
-125137.258    46.548     1.96    4.39
-124760.106    47.076     1.40    5.23
-124382.980    48.425     3.58    5.15
-124005.878    50.228     4.78    4.33
-123628.801    52.157     5.11    3.42
-123251.748    52.154    -0.01    3.86
-122874.721    51.779    -0.99    4.26
-122497.719    52.946     3.09    4.52
-122120.742    54.099     3.06    4.26
-121743.789    55.315     3.23    4.59
-121366.862    58.166     7.56    5.96
-120989.959    61.173     7.98    7.25
-120613.081    65.006    10.17    7.40
-120236.228    69.620    12.24    8.42
-119859.400    75.154    14.69    9.91
-119482.597    80.595    14.44   10.67
-119105.819    85.359    12.65    9.67
-118729.065    88.859     9.29    8.67
-118352.337    92.850    10.60    7.72
-117975.633    96.548     9.82    7.36
-117598.954   101.612    13.45    7.16
-117222.300   106.531    13.06    8.38
-116845.671   109.160     6.98    7.37
-116469.066   107.712    -3.84    9.84
-116092.486   107.383    -0.87   10.37
-115715.931   107.008    -1.00   10.05
-115339.401   109.216     5.87   11.54
-114962.896   113.658    11.80   10.98
-114586.415   117.425    10.01   11.96
-114209.960   119.487     5.48   11.59
-113833.529   120.359     2.32   12.16
-113457.122   122.425     5.49   13.27
-113080.741   125.446     8.03   13.34
-112704.384   128.341     7.70   13.16
-112328.052   131.883     9.41   11.98
-111951.745   135.237     8.91   11.39
-111575.462   140.914    15.09   10.86
-111199.204   145.337    11.76    8.60
-110822.971   146.091     2.01   10.27
-110446.762   143.300    -7.42   12.87
-110070.578   134.967   -22.15   14.54
-109694.419   125.344   -25.59   15.29
-109318.285   118.846   -17.28   13.92
-108942.175   110.877   -21.19   11.96
-108566.090   100.228   -28.32   19.86
-108190.029    83.486   -44.52   28.43
-107813.994    67.989   -41.22   27.00
-107437.983    54.874   -34.88   17.19
-107061.996    47.946   -18.43    8.22
-106686.034    49.491     4.11    9.02
-106310.097    51.382     5.03    9.51
-105934.184    54.054     7.11   11.22
-105558.296    56.084     5.40   10.97
-105182.433    59.758     9.78    9.87
-104806.594    63.337     9.52   10.07
-104430.780    67.546    11.20    9.73
-104054.990    72.377    12.86    7.27
-103679.225    72.126    -0.67    7.58
-103303.484    67.380   -12.63   12.30
-102927.768    59.029   -22.23   15.24
-102552.077    50.871   -21.72   14.22
-102176.410    44.862   -16.00   10.65
-101800.768    39.765   -13.57    5.23
-101425.150    39.076    -1.83    5.44
-101049.557    37.300    -4.73    5.10
-100673.988    36.904    -1.05    5.24
-100298.444    38.807     5.07    7.36
 -99922.924    41.871     8.16    9.40
 -99547.429    47.758    15.68   11.49
 -99171.958    51.807    10.79   10.08
 -98796.512    55.946    11.02    9.39
 -98421.090    59.862    10.43    9.01
 -98045.693    64.956    13.57    9.36
 -97670.320    68.956    10.66    7.49
 -97294.972    67.466    -3.97    8.74
 -96919.648    66.359    -2.95    9.80
 -96544.349    66.706     0.92    9.83
 -96169.074    70.650    10.51   10.31
 -95793.823    75.017    11.64   10.56
 -95418.597    75.380     0.97   12.64
 -95043.395    73.216    -5.77   17.14
 -94668.218    65.552   -20.43   17.89
 -94293.065    58.380   -19.12   16.04
 -93917.937    53.360   -13.38   12.17
 -93542.833    49.855    -9.35   11.21
 -93167.753    53.033     8.47   11.29
 -92792.698    59.793    18.03    9.73
 -92417.667    60.185     1.05   10.24
 -92042.660    55.425   -12.69   12.05
 -91667.678    50.011   -14.44   12.47
 -91292.720    42.171   -20.91   11.65
 -90917.787    37.105   -13.51    7.85
 -90542.878    34.650    -6.55    7.39
 -90167.993    33.293    -3.62    5.42
 -89793.132    34.508     3.24    7.04
 -89418.296    38.779    11.39    8.08
 -89043.484    42.318     9.44    9.29
 -88668.697    46.509    11.18    9.08
 -88293.934    50.576    10.85    7.61
 -87919.195    52.571     5.32    6.02
 -87544.480    53.765     3.19    5.33
 -87169.790    53.175    -1.57    5.97
 -86795.124    50.850    -6.21    7.31
 -86420.482    47.987    -7.64    8.76
 -86045.864    46.956    -2.75    9.51
 -85671.271    43.772    -8.50    9.72
 -85296.702    41.362    -6.43   10.82
 -84922.157    37.424   -10.51   11.19
 -84547.636    31.620   -15.50    9.28
 -84173.140    27.050   -12.20    7.93
 -83798.668    23.315    -9.97    4.55
 -83424.220    22.206    -2.96    4.11
 -83049.796    21.923    -0.76    3.94
 -82675.397    21.846    -0.21    3.78
 -82301.022    21.293    -1.48    4.05
 -81926.670    20.341    -2.54    2.68
 -81552.344    19.591    -2.00    1.98
 -81178.041    19.212    -1.01    2.31
 -80803.762    18.924    -0.77    2.44
 -80429.508    18.196    -1.95    2.46
 -80055.278    16.837    -3.63    2.26
 -79681.071    16.598    -0.64    2.42
 -79306.889    17.403     2.15    3.65
 -78932.732    20.925     9.41    6.05
 -78558.598    24.033     8.31    6.96
 -78184.488    26.099     5.52    6.51
 -77810.403    28.900     7.49    5.45
 -77436.342    28.166    -1.96    5.89
 -77062.304    26.554    -4.31    5.53
 -76688.291    26.633     0.21    6.16
 -76314.302    28.663     5.43    6.99
 -75940.337    29.800     3.04    6.63
 -75566.396    28.862    -2.51    6.84
 -75192.479    26.084    -7.43    6.51
 -74818.587    24.424    -4.44    5.86
 -74444.718    26.509     5.58    8.33
 -74070.873    31.154    12.42   10.66
 -73697.053    35.169    10.74   10.73
 -73323.256    36.279     2.97   10.12
 -72949.484    37.237     2.56   10.91
 -72575.735    39.105     5.00   11.52
 -72202.011    39.228     0.33   10.90
 -71828.310    41.598     6.34    9.73
 -71454.634    42.554     2.56    7.95
 -71080.981    45.800     8.69    6.95
 -70707.353    47.750     5.22    6.64
 -70333.748    48.404     1.75    6.62
 -69960.168    48.902     1.33    5.97
 -69586.611    48.966     0.17    6.09
 -69213.079    48.673    -0.78    5.63
 -68839.570    46.926    -4.68    6.32
 -68466.085    45.902    -2.74    6.90
 -68092.625    42.935    -7.94    8.31
 -67719.188    38.206   -12.66    9.48
 -67345.775    33.529   -12.53    9.39
 -66972.386    30.576    -7.91    6.41
 -66599.021    32.046     3.94    7.83
 -66225.680    38.315    16.79   10.80
 -65852.363    43.846    14.82    9.60
 -65479.070    47.779    10.54    7.74
 -65105.800    51.050     8.76    5.73
 -64732.555    50.228    -2.20    5.68
 -64359.333    47.466    -7.40    6.66
 -63986.136    44.663    -7.51    7.74
 -63612.962    40.654   -10.74    8.72
 -63239.812    36.859   -10.17    8.60
 -62866.686    33.341    -9.43    8.30
 -62493.583    31.258    -5.58    7.72
 -62120.505    29.148    -5.66    6.86
 -61747.450    28.675    -1.27    7.33
 -61374.420    27.956    -1.93    9.14
 -61001.413    25.527    -6.51   10.44
 -60628.429    22.400    -8.38   11.00
 -60255.470    18.160   -11.37    8.83
 -59882.535    14.033   -11.07    2.89
 -59509.623    13.675    -0.96    2.78
 -59136.735    13.533    -0.38    2.96
 -58763.871    13.029    -1.35    3.62
 -58391.031    11.956    -2.88    3.67
 -58018.214    11.046    -2.44    2.84
 -57645.421    10.722    -0.87    2.94
 -57272.652    10.332    -1.05    2.97
 -56899.907    10.011    -0.86    2.86
 -56527.185     9.987    -0.06    2.90
 -56154.487     9.800    -0.50    2.19
 -55781.813     9.529    -0.73    1.69
 -55409.163     9.946     1.12    1.82
 -55035.115    10.586     1.71    2.67
 -54657.699    10.468    -0.31    2.71
 -54280.307     9.691    -2.06    2.97
 -53902.940     9.337    -0.94    3.01
 -53525.597     8.862    -1.26    2.05
 -53148.278     9.297     1.15    2.01
 -52770.984     9.829     1.41    1.97
 -52393.714    10.318     1.30    2.00
 -52016.468    10.552     0.62    1.70
 -51639.247    10.883     0.88    1.97
 -51262.050    11.063     0.48    2.36
 -50884.877    11.383     0.85    2.55
 -50507.729    10.591    -2.10    3.02
 -50130.605     9.706    -2.35    2.98
 -49753.505     9.250    -1.21    2.74
 -49376.429    10.041     2.10    2.95
 -48999.378    11.033     2.63    2.73
 -48622.351    11.966     2.48    3.52
 -48245.348    12.533     1.50    3.65
 -47868.370    12.406    -0.34    3.77
 -47491.416    11.946    -1.22    3.12
 -47114.486    11.813    -0.35    2.22
 -46737.580    11.489    -0.86    2.03
 -46360.698    11.425    -0.17    1.88
 -45983.841    11.185    -0.64    1.76
 -45607.008    10.712    -1.25    1.39
 -45230.199    10.489    -0.59    1.38
 -44853.414    10.293    -0.52    1.17
 -44476.654    10.318     0.07    1.17
 -44099.918    10.446     0.34    1.24
 -43723.205    10.315    -0.35    1.28
 -43346.518    10.139    -0.47    1.47
 -42969.854     9.991    -0.39    1.30
 -42593.214     9.800    -0.51    1.34
 -42216.599     9.701    -0.26    1.44
 -41840.007     9.722     0.06    1.69
 -41463.440    10.041     0.85    1.97
 -41086.897    10.339     0.79    1.76
 -40710.378    10.446     0.28    3.06
 -40333.883    10.832     1.03    3.05
 -39957.413    11.091     0.69    2.96
 -39580.966    11.554     1.23    2.94
 -39204.544    11.341    -0.57    1.45
 -38828.145    10.779    -1.49    1.59
 -38451.771    10.315    -1.23    1.61
 -38075.421    10.098    -0.58    1.51
 -37699.095     9.315    -2.08    1.36
 -37322.793     9.807     1.31    1.50
 -36946.515    10.216     1.09    1.59
 -36570.261    10.576     0.96    1.64
 -36194.031    11.119     1.44    1.20
 -35817.825    11.332     0.57    1.19
 -35441.643    10.946    -1.03    1.30
 -35065.485    10.880    -0.17    1.22
 -34689.352    10.779    -0.27    1.48
 -34313.242    10.706    -0.19    1.61
 -33937.156    10.765     0.15    1.66
 -33561.095    10.511    -0.68    1.79
 -33185.057    10.315    -0.52    1.53
 -32809.043    10.041    -0.73    1.35
 -32433.053     9.902    -0.37    1.57
 -32057.088     9.573    -0.87    1.66
 -31681.146     9.254    -0.85    1.45
 -31305.228     8.815    -1.17    1.16
 -30929.334     8.871     0.15    0.90
 -30553.464     8.914     0.11    0.86
 -30177.618     8.696    -0.58    1.18
 -29801.796     8.446    -0.67    1.49
 -29425.998     8.254    -0.51    1.47
 -29050.224     8.050    -0.54    1.48
 -28674.474     7.912    -0.37    1.29
 -28298.747     7.720    -0.51    1.17
 -27923.045     7.533    -0.50    1.19
 -27547.366     7.344    -0.50    1.14
 -27171.712     7.098    -0.65    1.25
 -26796.081     6.737    -0.96    1.34
 -26420.474     6.511    -0.60    1.31
 -26044.891     6.218    -0.78    1.38
 -25669.332     5.914    -0.81    1.33
 -25293.797     5.924     0.03    1.22
 -24918.285     6.084     0.43    1.29
 -24542.798     6.216     0.35    1.55
 -24167.334     6.533     0.84    2.96
 -23791.894     6.895     0.96    4.03
 -23416.478     6.150    -1.98    3.66
 -23041.086     5.321    -2.21    1.70
 -22665.717     6.163     2.24    3.19
 -22290.373     7.084     2.45    4.02
 -21915.052     7.403     0.85    4.40
 -21539.755     7.063    -0.91    3.99
 -21164.482     7.758     1.85    4.65
 -20789.232     8.127     0.98    5.09
 -20414.007     8.883     2.01    5.27
 -20038.805     9.185     0.80    5.89
 -19663.627     7.362    -4.86    5.97
 -19288.472     5.685    -4.47    5.37
 -18913.342     5.914     0.61    5.59
 -18538.235     5.989     0.20    4.53
 -18163.152     6.923     2.49    4.51
 -17788.092     6.446    -1.27    3.70
 -17413.056     4.999    -3.86    1.56
 -17038.044     5.050     0.14    1.36
 -16663.056     5.425     1.00    1.66
 -16288.092     5.859     1.16    2.22
 -15913.151     5.746    -0.30    3.09
 -15538.234     4.696    -2.80    1.87
 -15163.340     4.037    -1.76    1.53
 -14788.470     3.533    -1.35    1.38
 -14413.624     3.362    -0.45    1.40
 -14038.802     3.228    -0.36    1.23
 -13664.003     3.228     0.00    1.17
 -13289.228     3.063    -0.44    1.31
 -12914.477     2.533    -1.41    1.33
 -12539.749     2.237    -0.79    1.30
 -12165.044     2.233    -0.01    1.27
 -11790.364     2.637     1.08    1.28
 -11415.707     3.512     2.34    1.59
 -11041.074     4.206     1.85    1.89
 -10666.464     4.772     1.51    1.62
 -10291.878     4.801     0.08    1.32
  -9917.315     4.728    -0.19    1.15
  -9542.776     4.509    -0.58    1.03
  -9168.261     4.105    -1.08    1.24
  -8793.769     3.425    -1.82    1.42
  -8419.301     3.228    -0.52    1.70
  -8044.856     2.670    -1.49    1.82
  -7670.435     2.423    -0.66    1.86
  -7296.038     2.246    -0.47    1.71
  -6921.664     1.946    -0.80    1.11
  -6547.314     2.279     0.89    1.26
  -6172.987     2.924     1.72    1.53
  -5798.683     3.658     1.96    1.92
  -5424.403     3.728     0.19    2.69
  -5050.147     3.511    -0.58    2.95
  -4675.914     4.706     3.19    4.36
  -4301.705     5.591     2.36    4.98
  -3927.519     8.829     8.65    5.53
  -3553.357    12.020     8.53    5.22
  -3179.218    12.512     1.32    5.77
  -2805.103    12.446    -0.18    5.65
  -2431.011    11.206    -3.31    5.33
  -2056.942    11.880     1.80    4.91
  -1682.897    13.534     4.42    3.01
  -1308.876    12.765    -2.06    4.83
   -934.878    10.425    -6.26    7.10
   -560.903     8.163    -6.05    8.38
   -186.952     5.650    -6.72    8.33
    186.976     3.696    -5.23    7.38
    560.880     3.073    -1.66    5.82
    934.761     2.264    -2.16    4.10
   1308.619     4.139     5.02    5.81
   1682.453     5.206     2.85    5.64
   2056.264     5.446     0.64    5.06
   2430.051     5.212    -0.63    4.49
   2803.815     3.423    -4.78    1.23
   3177.556     3.163    -0.70    1.24
   3551.273     2.815    -0.93    1.22
   3924.967     2.446    -0.99    1.14
   4298.637     2.512     0.18    1.27
   4672.284     2.318    -0.52    1.23
   5045.908     2.297    -0.06    1.10
   5419.509     2.509     0.57    1.09
   5793.086     2.685     0.47    1.04
   6166.639     2.859     0.47    1.15
   6540.170     2.946     0.23    0.98
   6913.677     2.850    -0.26    1.01
   7287.161     2.786    -0.17    0.96
   7660.622     2.675    -0.30    0.95
   8034.059     2.793     0.32    1.12
   8407.473     3.139     0.93    1.08
   8780.864     3.355     0.58    1.10
   9154.231     3.563     0.56    0.99
   9527.575     3.620     0.15    0.90
   9900.896     3.633     0.04    1.02
  10274.194     4.293     1.77    1.70
  10647.468     5.154     2.31    2.05
  11020.719     5.126    -0.07    1.95
  11393.947     5.201     0.20    1.87
  11767.152     4.511    -1.85    1.34
  12140.333     4.141    -0.99    1.23
  12513.491     3.737    -1.08    1.27
  12886.626     3.357    -1.02    1.20
  13259.738     3.339    -0.05    1.11
  13632.827     3.446     0.29    1.02
  14005.892     3.620     0.47    1.14
  14378.934     3.293    -0.87    1.48
  14751.954     2.815    -1.28    1.50
  15124.949     2.272    -1.46    1.51
  15497.922     1.880    -1.05    1.39
  15870.872     1.658    -0.60    1.32
  16243.798     1.716     0.16    1.36
  16616.701     2.228     1.37    2.51
  16989.581     3.446     3.26    4.03
  17362.438     4.718     3.41    5.34
  17735.272     7.151     6.53    6.91
  18108.083     9.127     5.30    7.07
  18480.870    10.154     2.75    6.49
  18853.635    11.293     3.06    5.23
  19226.376    11.321     0.07    3.82
  19599.094     9.779    -4.14    4.07
  19973.544     7.859    -5.13    3.52
  20350.908     6.989    -2.30    3.01
  20728.248     7.685     1.84    4.49
  21105.564     9.071     3.67    5.03
  21482.857     9.935     2.29    5.08
  21860.126     9.126    -2.14    4.65
  22237.371     7.403    -4.57    4.38
  22614.592     5.046    -6.25    3.74
  22991.790     4.076    -2.57    3.62
  23368.965     3.148    -2.46    4.44
  23746.115     1.829    -3.50    3.76
  24123.242     0.758    -2.84    2.88
  24500.345    -0.294    -2.79    1.25
  24877.425    -0.554    -0.69    0.00
  25254.481    -0.554     0.00    0.00
  25631.513    -0.554     0.00    0.00
  26008.522    -0.554     0.00    0.00
  26385.507    -0.554     0.00    0.00
  26762.469     0.509     2.82    2.12
  27139.407     1.924     3.75    2.74
  27516.321     3.315     3.69    2.74
  27893.212     4.601     3.41    2.06
  28270.079     5.250     1.72    1.36
  28646.923     5.403     0.41    1.18
  29023.743     5.424     0.06    1.02
  29400.540     5.300    -0.33    0.99
  29777.312     5.076    -0.59    0.95
  30154.062     5.076     0.00    1.04
  30530.788     4.935    -0.37    0.98
  30907.490     4.815    -0.32    1.08
  31284.169     4.737    -0.21    1.11
  31660.824     4.598    -0.37    1.30
  32037.456     4.289    -0.82    1.25
  32414.064     3.991    -0.79    1.37
  32790.649     3.486    -1.34    1.32
  33167.210     3.054    -1.15    1.93
  33543.748     2.508    -1.45    2.46
  33920.262     1.620    -2.36    2.01
  34296.753     0.946    -1.79    1.23
  34673.220     1.185     0.64    1.16
  35049.664     1.620     1.15    1.12
  35426.084     1.957     0.90    1.08
  35802.481     1.850    -0.28    1.26
  36178.855     1.598    -0.67    1.25
  36555.205     1.029    -1.51    1.33
  36931.532     0.576    -1.20    1.36
  37307.835     0.233    -0.91    1.35
  37684.114     0.076    -0.42    1.36
  38060.371    -0.076    -0.40    1.33
  38436.604    -0.471    -1.05    1.35
  38812.813    -0.554    -0.22    1.25
  39188.999    -1.084    -1.41    1.19
  39565.162    -1.168    -0.22    1.19
  39941.302    -1.452    -0.76    1.29
  40317.418    -1.685    -0.62    1.24
  40693.510    -1.852    -0.45    1.44
  41069.579    -2.098    -0.65    1.33
  41445.625    -2.191    -0.25    1.53
  41821.648    -2.207    -0.04    1.43
  42197.647    -1.643     1.50    1.50
  42573.623    -1.272     0.99    1.53
  42949.575    -0.721     1.46    1.83
  43325.505    -0.902    -0.48    1.16
  43701.411    -0.971    -0.18    1.13
  44077.293    -1.009    -0.10    1.17
  44453.152    -1.001     0.02    1.18
  44828.988    -1.272    -0.72    1.22
  45204.801    -1.243     0.08    1.14
  45580.590    -1.429    -0.50    1.14
  45956.356    -1.424     0.01    1.54
  46332.099    -1.452    -0.08    2.06
  46707.819    -1.577    -0.33    2.14
  47083.515    -0.473     2.94    3.46
  47459.188     0.793     3.37    3.81
  47834.838     1.552     2.02    3.92
  48210.464     0.946    -1.61    3.93
  48586.068    -0.932    -5.00    3.42
  48961.648    -2.141    -3.22    2.44
  49337.204    -2.577    -1.16    1.52
  49712.738    -2.772    -0.52    1.46
  50088.248    -1.721     2.80    2.55
  50463.736    -0.967     2.01    2.83
  50839.200    -0.746     0.59    3.02
  51214.640    -0.932    -0.50    3.46
  51590.058    -2.193    -3.36    3.24
  51965.452    -3.299    -2.95    2.54
  52340.824    -4.022    -1.93    2.03
  52716.172    -4.679    -1.75    1.23
  53091.496    -4.663     0.04    1.64
  53466.798    -4.388     0.73    2.08
  53842.077    -3.645     1.98    2.97
  54217.332     4.289    21.14   18.56
  54592.564    13.380    24.23   24.09
  54967.774    19.282    15.73   26.36
  55342.960    21.185     5.07   27.18
  55718.123    18.841    -6.25   26.56
  56093.262    14.706   -11.02   24.41
  56468.379    11.946    -7.36   21.55
  56843.473     7.272   -12.46   16.42
  57218.543     3.957    -8.84   11.15
  57593.591     0.846    -8.29    3.14
  57968.615     0.041    -2.14    3.17
  58343.616    -1.110    -3.07    2.97
  58718.594    -2.242    -3.02    3.23
  59093.549    -2.967    -1.93    4.40
  59468.481    -4.337    -3.65    2.68
  59843.390    -4.402    -0.17    4.60
  60218.276    -3.424     2.61    6.60
  60593.139    -2.200     3.26    7.31
  60967.979    -3.880    -4.48    5.06
  61342.796    -4.636    -2.02    4.49
  61717.590    -5.759    -3.00    3.05
  62092.360    -5.534     0.60    3.10
  62467.108    -4.946     1.57    3.26
  62841.833    -5.138    -0.51    3.30
  63216.535    -5.511    -1.00    3.63
  63591.214    -5.980    -1.25    3.13
  63965.869    -6.380    -1.07    3.27
  64340.502    -6.266     0.31    3.31
  64715.112    -6.489    -0.60    2.70
  65089.699    -6.932    -1.18    1.93
  65464.263    -7.384    -1.21    1.39
  65838.804    -7.799    -1.11    0.98
  66213.322    -7.799     0.00    1.07
  66587.817    -7.880    -0.22    1.10
  66962.289    -7.888    -0.02    1.04
  67336.738    -7.902    -0.04    1.18
  67711.165    -7.643     0.69    1.24
  68085.568    -7.661    -0.05    1.32
  68459.948    -7.679    -0.05    1.38
  68834.306    -7.794    -0.30    1.35
  69208.641    -7.840    -0.12    1.31
  69582.952    -7.873    -0.09    1.25
  69957.241    -7.575     0.80    1.25
  70331.507    -7.054     1.39    1.28
  70705.750    -6.867     0.50    1.67
  71079.971    -7.054    -0.50    1.21
  71454.168    -7.337    -0.76    1.33
  71828.342    -7.342    -0.01    1.44
  72202.494    -7.782    -1.18    1.84
  72576.623    -7.874    -0.25    2.07
  72950.729    -7.821     0.14    2.07
  73324.812    -8.022    -0.54    2.12
  73698.872    -8.054    -0.09    2.03
  74072.910    -8.346    -0.78    1.86
  74446.925    -8.532    -0.50    2.20
  74820.917    -8.282     0.67    2.64
  75194.886    -8.141     0.38    2.85
  75568.832    -8.221    -0.21    2.76
  75942.755    -8.728    -1.36    2.17
  76316.656    -9.117    -1.04    1.64
  76690.534    -8.880     0.63    1.73
  77064.389    -8.909    -0.08    1.56
  77438.222    -8.576     0.89    2.75
  77812.031    -7.363     3.25    4.64
  78185.818    -5.850     4.05    5.68
  78559.582    -3.804     5.47    6.87
  78933.324    -3.804     0.00    7.17
  79307.042    -2.666     3.05    7.44
  79680.738    -2.980    -0.84    6.05
  80054.411    -2.554     1.14    5.62
  80428.062    -2.388     0.45    4.65
  80801.690    -1.941     1.20    4.51
  81175.295    -4.138    -5.88    4.89
  81548.877    -5.554    -3.79    4.95
  81922.437    -7.304    -4.68    4.02
  82295.974    -8.950    -4.41    1.41
  82669.488    -8.772     0.48    2.49
  83042.980    -8.643     0.34    3.20
  83416.449    -7.441     3.22    5.41
  83789.895    -6.141     3.48    7.80
  84163.319    -1.098    13.50   14.54
  84536.720     0.712     4.85   16.27
  84910.098     6.573    15.70   18.81
  85283.454     9.105     6.78   18.25
  85656.787    13.466    11.68   19.36
  86030.097    16.641     8.50   17.98
  86403.385    17.728     2.91   15.31
  86776.650    20.823     8.29   13.66
  87149.893    25.641    12.91   13.01
  87523.113    32.008    17.06   13.24
  87896.310    35.033     8.10   11.65
  88269.485    34.946    -0.23   10.35
  88642.637    36.011     2.85    8.54
  89015.767    37.838     4.90   11.07
  89388.874    42.627    12.84   11.24
  89761.959    49.404    18.16    8.27
  90135.021    50.359     2.56    8.63
  90508.060    48.779    -4.23   10.54
  90881.077    44.334   -11.91   10.67
  91254.071    38.357   -16.03   11.20
  91627.043    34.098   -11.42    9.96
  91999.992    34.241     0.38    9.66
  92372.919    34.233    -0.02    9.29
  92745.823    38.141    10.48    9.08
  93118.705    39.658     4.07    8.47
  93491.564    37.467    -5.88    9.62
  93864.401    33.300   -11.18   11.16
  94237.215    25.120   -21.94   11.85
  94610.006    16.832   -22.23    6.39
  94984.877    12.173   -12.43    4.20
  95362.184     9.579    -6.87    2.68
  95739.467     8.793    -2.08    2.47
  96116.728     8.966     0.46    3.52
  96493.966     9.098     0.35    4.23
  96871.180    10.091     2.63    4.97
  97248.372    11.900     4.79    5.62
  97625.540    16.987    13.49    8.57
  98002.686    24.268    19.30    9.81
  98379.808    29.401    13.61    9.65
  98756.908    32.680     8.69    8.48
  99133.984    35.201     6.69    8.81
  99511.037    37.190     5.27    8.65
  99888.068    37.423     0.62    8.99
 100265.075    37.675     0.67    8.63
 100642.060    35.620    -5.45    9.33
 101019.021    30.573   -13.39    8.86
 101395.960    26.489   -10.83    8.01
 101772.875    23.303    -8.45    6.95
 102149.768    21.334    -5.22    6.13
 102526.638    18.989    -6.22    5.27
 102903.484    16.685    -6.11    5.50
 103280.308    13.105    -9.50    5.88
 103657.109     9.728    -8.96    4.53
 104033.887     8.999    -1.94    4.97
 104410.642     8.868    -0.35    6.28
 104787.374     9.169     0.80    6.67
 105164.083     9.228     0.16    6.47
 105540.769     8.446    -2.08    6.73
 105917.433     7.488    -2.54    6.83
 106294.073     6.764    -1.92    7.11
 106670.691     1.779   -13.23    8.05
 107047.285    -1.098    -7.64    7.70
 107423.857    -4.013    -7.74    5.57
 107800.406    -5.992    -5.26    4.49
 108176.932    -5.663     0.87    4.47
 108553.436    -5.310     0.94    4.13
 108929.916    -5.206     0.28    2.82
 109306.374    -4.310     2.38    2.28
 109682.808    -3.746     1.50    2.09
 110059.220    -3.999    -0.67    2.12
 110435.609    -3.916     0.22    2.04
 110811.976    -3.843     0.19    2.32
 111188.319    -3.185     1.75    3.12
 111564.640    -3.354    -0.45    3.23
 111940.938    -3.207     0.39    3.03
 112317.213    -2.075     3.01    3.56
 112693.465    -0.533     4.10    3.77
 113069.695     1.383     5.09    4.46
 113445.901     4.718     8.86    4.88
 113822.085     5.752     2.75    4.30
 114198.246     6.076     0.86    4.37
 114574.385     4.446    -4.33    4.89
 114950.501     2.076    -6.30    4.38
 115326.594     0.359    -4.57    1.92
 115702.664     1.250     2.37    3.49
 116078.711     3.357     5.60    4.08
 116454.736     7.339    10.59    6.23
 116830.738    11.355    10.68    5.59
 117206.717    14.380     8.05    5.65
 117582.674    17.533     8.38    6.25
 117958.608    19.957     6.45    6.43
 118334.519    22.837     7.66    6.21
 118710.408    25.468     7.00    5.08
 119086.273    27.141     4.45    4.39
 119462.117    27.871     1.94    3.95
 119837.937    28.163     0.78    3.73
 120213.735    28.779     1.64    3.83
 120589.510    29.696     2.44    3.86
 120965.263    31.008     3.49    3.96
 121340.992    31.141     0.35    4.29
 121716.700    30.424    -1.91    4.44
 122092.384    28.779    -4.38    4.77
 122468.046    26.846    -5.15    5.46
 122843.686    24.786    -5.48    4.45
 123219.302    24.650    -0.36    4.51
 123594.896    24.633    -0.05    4.64
 123970.468    25.293     1.76    4.25
 124346.017    25.071    -0.59    5.73
 124721.543    24.424    -1.72    5.48
 125097.047    23.815    -1.62    5.20
 125472.528    23.757    -0.16    5.32
 125847.987    21.636    -5.65    4.92
 126223.423    20.120    -4.04    4.20
 126598.836    21.275     3.08    5.33
 126974.227    22.359     2.89    5.90
 127349.595    23.403     2.78    5.89
 127724.941    23.989     1.56    5.39
 128100.264    26.616     7.00    6.68
 128475.565    27.923     3.48    6.32
 128850.843    27.488    -1.16    6.30
 129226.099    26.134    -3.61    7.13
 129601.332    22.757    -9.00    4.96
 129976.543    21.531    -3.27    4.38
 130351.731    22.489     2.55    4.97
 130726.896    24.800     6.16    5.48
 131102.040    28.627    10.20    5.66
 131477.160    32.341     9.90    6.30
 131852.258    34.293     5.20    6.64
 132227.334    35.531     3.30    6.35
 132602.387    36.290     2.02    5.69
 132977.418    36.968     1.81    4.82
 133352.426    36.902    -0.18    4.04
 133727.412    37.379     1.27    3.34
 134102.376    35.765    -4.30    4.76
 134477.317    34.134    -4.35    4.32
 134852.235    33.557    -1.54    4.73
 135227.132    33.531    -0.07    4.43
 135602.005    33.620     0.24    4.77
 135976.857    33.033    -1.57    4.42
 136351.685    31.582    -3.87    5.42
 136726.492    30.315    -3.38    5.97
 137101.276    26.509   -10.15    7.09
 137476.038    22.793    -9.91    8.26
 137850.777    18.612   -11.16    8.22
 138225.494    14.309   -11.48    6.16
 138600.189    12.071    -5.97    5.09
 138974.861    11.272    -2.13    4.37
 139349.511    11.786     1.37    4.90
 139724.138    13.223     3.84    5.77
 140098.743    14.718     3.99    5.69
 140473.326    18.105     9.04    5.76
 140847.887    20.196     5.58    4.47
 141222.425    22.339     5.72    3.72
 141596.941    23.337     2.66    3.52
 141971.434    23.091    -0.66    3.87
 142345.905    21.576    -4.05    3.77
 142720.354    20.935    -1.71    3.41
 143094.781    20.946     0.03    3.04
 143469.185    21.400     1.21    3.21
 143843.567    21.512     0.30    3.77
 144217.927    21.605     0.25    4.78
 144592.264    21.880     0.74    5.07
 144966.579    22.190     0.83    5.64
 145340.872    22.605     1.11    5.96
 145715.143    24.008     3.75    6.15
 146089.391    24.001    -0.02    6.10
 146463.617    24.402     1.07    5.84
 146837.821    24.582     0.48    5.50
 147212.003    22.946    -4.37    6.22
 147586.162    18.341   -12.30    8.61
 147960.299    12.924   -14.48   10.28
 148334.414     7.050   -15.70   10.30
 148708.507     0.877   -16.50    9.47
 149082.578    -3.652   -12.11    6.75
 149456.626    -7.221    -9.54    4.57
 149830.652    -8.679    -3.90    3.31
 150204.656    -8.110     1.52    4.32
 150578.638    -7.278     2.22    5.21
 150952.597    -3.171    10.98    7.16
 151326.535     1.173    11.62    7.94
 151700.450     6.141    13.29    9.26
 152074.343    10.890    12.70    8.96
 152448.214    13.573     7.18    7.17
 152822.063    16.033     6.58    6.83
 153195.890    16.279     0.66    7.20
 153569.694    15.120    -3.10    7.32
 153943.476    14.868    -0.67    7.62
 154317.237    15.309     1.18    7.49
 154690.975    20.184    13.04    9.90
 155064.691    24.401    11.28   10.32
 155438.385    30.425    16.12    9.96
 155812.057    35.201    12.78    5.17
 156185.706    36.722     4.07    4.31
 156559.334    37.793     2.87    3.50
 156932.939    37.967     0.47    3.30
 157306.523    37.400    -1.52    2.87
 157680.084    37.337    -0.17    2.65
 158053.624    36.290    -2.80    3.76
 158427.141    34.690    -4.28    4.57
 158800.636    31.904    -7.46    5.35
 159174.109    29.880    -5.42    5.04
 159547.560    28.050    -4.90    4.92
 159920.989    26.423    -4.36    5.45
 160294.397    24.507    -5.13    6.18
 160667.782    22.967    -4.12    6.83
 161041.145    21.680    -3.45    6.58
 161414.486    19.001    -7.17    6.03
 161787.804    18.250    -2.01    6.70
 162161.101    17.297    -2.55    7.23
 162534.376    18.757     3.91    7.21
 162907.629    19.722     2.59    6.94
 163280.860    21.290     4.20    6.00
 163654.069    22.573     3.44    5.14
 164027.256    24.793     5.95    4.13
 164400.421    25.658     2.32    3.54
 164773.565    25.250    -1.09    3.12
 165146.686    24.201    -2.81    4.10
 165519.785    22.490    -4.59    4.52
 165892.862    19.260    -8.66    4.65
 166265.917    17.957    -3.49    4.77
 166638.951    16.750    -3.23    5.25
 167011.962    14.979    -4.75    5.44
 167384.952    11.658    -8.90    6.83
 167757.919     8.150    -9.40    7.80
 168130.865     5.272    -7.72    7.69
 168503.789     1.779    -9.36    4.34
 168876.691     1.728    -0.14    3.66
 169249.571     1.855     0.34    3.05
 169622.429     1.892     0.10    3.80
 169997.721     3.573     4.48    4.89
 170374.976     6.446     7.61    5.34
 170752.208    10.175     9.88    5.67
 171129.417    14.559    11.62    5.98
 171506.605    19.701    13.63    8.49
 171883.770    25.272    14.77    7.88
 172260.912    30.467    13.77    6.57
 172638.032    34.098     9.63    4.20
 173015.130    34.355     0.68    3.38
 173392.205    32.902    -3.85    4.45
 173769.258    29.223    -9.75    6.07
 174146.289    24.935   -11.37    6.73
 174523.297    20.446   -11.91    6.39
 174900.283    16.967    -9.22    5.52
 175277.246    14.668    -6.10    5.78
 175654.187    12.398    -6.02    6.21
 176031.106    10.023    -6.30    4.63
 176408.002     7.786    -5.94    4.73
 176784.877     6.663    -2.98    3.77
 177161.728     6.680     0.04    3.50
 177538.558     8.312     4.33    4.35
 177915.365    10.446     5.66    4.21
 178292.150    12.090     4.36    3.78
 178668.912    13.315     3.25    3.77
 179045.652    15.956     7.01    5.31
 179422.370    18.011     5.45    5.71
 179799.066    21.403     9.00    5.48
 180175.739    24.877     9.22    4.92
 180552.390    26.591     4.55    5.35
 180929.019    28.489     5.04    5.28
 181305.625    30.807     6.15    5.19
 181682.210    32.786     5.25    4.83
 182058.772    34.809     5.37    4.29
 182435.311    36.163     3.59    4.31
 182811.829    35.991    -0.46    3.51
 183188.324    35.743    -0.66    3.06
 183564.797    35.268    -1.26    3.66
 183941.248    35.023    -0.65    3.25
 184317.677    32.786    -5.94    4.94
 184694.083    30.074    -7.21    5.38
 185070.467    27.706    -6.29    6.17
 185446.829    24.264    -9.15    6.30
 185823.169    24.250    -0.04    6.27
 186199.487    25.701     3.86    6.90
 186575.782    29.120     9.08    6.98
 186952.055    32.279     8.40    4.97
 187328.307    33.423     3.04    4.18
 187704.535    32.841    -1.55    4.18
 188080.742    32.868     0.07    4.16
 188456.927    30.334    -6.73    5.66
 188833.089    24.902   -14.44    8.14
 189209.230    20.246   -12.38    7.95
 189585.348    19.339    -2.41    7.62
 189961.444    22.401     8.14    9.36
 190337.518    27.360    13.18    7.63
 190713.569    30.446     8.20    3.82
 191089.599    29.935    -1.36    4.16
 191465.607    26.272    -9.74    6.14
 191841.592    22.678    -9.56    7.35
 192217.556    21.223    -3.87    6.78
 192593.497    18.741    -6.60    6.63
 192969.416    17.690    -2.80    7.48
 193345.313    18.212     1.39    8.27
 193721.188    19.309     2.92    9.65
 194097.041    24.054    12.62    8.48
 194472.872    23.755    -0.80    8.97
 194848.681    20.446    -8.80    9.60
 195224.468    16.046   -11.71    9.91
 195600.233    10.641   -14.38    7.80
 195975.976     7.467    -8.45    6.93
 196351.696     6.424    -2.78    6.66
 196727.395     7.160     1.96    9.00
 197103.072     6.764    -1.05   10.26
 197478.726     7.892     3.00   11.18
 197854.359     6.890    -2.67   10.50
 198229.970     6.402    -1.30    9.47
 198605.558     5.403    -2.66    7.22
 198981.125     5.379    -0.06    6.00
 199356.670     3.076    -6.13    6.10
 199732.193     2.668    -1.09    7.41
 200107.693     2.063    -1.61    8.70
 200483.172     0.157    -5.07    8.65
 200858.629    -0.576    -1.95    8.35
 201234.064    -2.924    -6.25    6.82
 201609.477    -5.388    -6.56    3.66
 201984.868    -7.377    -5.30    2.44
 202360.237    -7.577    -0.53    3.02
 202735.584    -7.599    -0.06    3.42
 203110.909    -7.937    -0.90    4.02
 203486.212    -8.032    -0.25    4.28
 203861.494    -9.150    -2.98    3.39
 204236.753    -9.009     0.38    3.68
 204611.991    -8.337     1.79    3.70
 204987.206    -7.510     2.20    3.90
 205362.400    -7.421     0.24    3.83
 205737.572    -8.513    -2.91    3.61
 206112.722    -9.446    -2.49    2.82
 206487.850    -8.575     2.32    5.24
 206862.956    -6.486     5.57    7.06
 207238.040    -4.725     4.70    7.17
 207613.103    -4.489     0.63    6.60
 207988.144    -5.299    -2.16    5.52
 208363.162    -5.399    -0.27    6.06
 208738.159    -4.100     3.46    5.97
 209113.134    -4.207    -0.28    5.91
 209488.088    -2.827     3.68    5.58
 209863.019    -1.022     4.81    5.63
 210237.929    -0.641     1.02    5.56
 210612.817    -0.257     1.03    5.04
 210987.683    -0.207     0.13    5.22
 211362.527    -0.977    -2.05    5.40
 211737.349    -0.759     0.58    4.64
 212112.150    -3.441    -7.15    5.90
 212486.929    -5.843    -6.41    5.52
 212861.686    -8.076    -5.96    4.49
 213236.421    -8.021     0.15    4.06
 213611.135    -4.924     8.26    5.00
 213985.827    -3.986     2.50    5.41
 214360.497    -3.685     0.80    5.01
 214735.145    -4.508    -2.20    4.51
 215109.772    -3.710     2.13    6.07
 215484.377     0.105    10.18    9.74
 215858.960     5.054    13.21   10.07
 216233.521    10.020    13.25    8.36
 216608.061    13.924    10.42    7.08
 216982.579    16.591     7.12    7.55
 217357.075    21.312    12.60    7.45
 217731.549    23.807     6.66    7.53
 218106.002    25.923     5.65    6.74
 218480.433    26.201     0.74    6.41
 218854.843    25.076    -3.00    6.03
 219229.230    23.957    -2.99    4.78
 219603.596    21.807    -5.74    5.19
 219977.941    20.623    -3.16    6.47
 220352.264    18.616    -5.36    8.03
 220726.565    16.315    -6.15    7.64
 221100.844    14.509    -4.82    8.88
 221475.102    11.023    -9.31    9.47
 221849.338     8.696    -6.22    9.79
 222223.553     4.880   -10.19    8.84
 222597.746     1.329    -9.49    7.29
 222971.917    -1.129    -6.57    5.98
 223346.066    -4.110    -7.97    4.15
 223720.194    -5.599    -3.98    3.42
 224094.301    -7.054    -3.89    3.58
 224468.386    -7.810    -2.02    3.32
 224842.449    -7.402     1.09    3.89
 225216.491    -6.054     3.60    5.03
 225590.511    -5.843     0.56    5.02
 225964.509    -6.171    -0.88    4.47
 226338.486    -7.337    -3.12    3.22
 226712.441    -7.044     0.78    3.18
 227086.375    -6.794     0.67    2.95
 227460.287    -6.746     0.13    2.61
 227834.178    -6.827    -0.22    2.39
 228208.047    -6.916    -0.24    2.00
 228581.895    -4.850     5.53    4.13
 228955.721    -2.643     5.90    5.18
 229329.525     1.297    10.54    7.34
 229703.308     4.750     9.24    8.11
 230077.070     6.758     5.37    8.21
 230450.810     8.264     4.03    8.43
 230824.528     8.050    -0.57    7.86
 231198.225     7.141    -2.43    7.13
 231571.901     7.254     0.30    6.55
 231945.555     9.557     6.16    6.67
 232319.187    11.491     5.18    6.11
 232692.798    14.337     7.62    4.32
 233066.388    15.014     1.81    3.46
 233439.956    15.029     0.04    3.40
 233813.502    15.163     0.36    3.44
 234187.028    15.658     1.33    3.47
 234560.531    16.837     3.15    3.38
 234934.014    17.807     2.60    3.58
 235307.474    18.912     2.96    3.60
 235680.914    19.731     2.19    3.03
 236054.332    20.490     2.03    2.32
 236427.728    20.492     0.01    2.54
 236801.103    21.157     1.78    3.07
 237174.457    21.868     1.90    3.39
 237547.790    21.968     0.27    3.49
 237921.100    21.999     0.08    3.70
 238294.390    21.493    -1.35    3.88
 238667.658    21.315    -0.48    3.33
 239040.905    22.059     1.99    3.19
 239414.130    20.846    -3.25    3.57
 239787.334    20.020    -2.21    3.97
 240160.517    18.967    -2.82    4.61
 240533.678    16.978    -5.33    5.48
 240906.818    15.511    -3.93    5.86
 241279.937    12.765    -7.36    4.89
 241653.034    12.150    -1.65    5.20
 242026.110    11.084    -2.86    5.61
 242399.164    12.059     2.61    6.51
 242772.198    12.512     1.21    6.96
 243145.210    12.509    -0.01    7.38
 243518.200    11.620    -2.39    8.09
 243891.169     9.680    -5.20    8.81
 244264.117     4.809   -13.06    8.13
 244637.044     0.883   -10.53    7.37
 245012.768    -0.598    -3.94    6.29
 245389.968    -1.235    -1.69    6.30
 245767.146    -1.310    -0.20    7.53
 246144.302     0.492     4.78    9.19
 246521.436     2.533     5.41    9.75
 246898.548     4.287     4.65    8.45
 247275.639     3.859    -1.13    7.46
 247652.708     4.934     2.85    7.17
 248029.755     3.379    -4.12    7.83
 248406.780     0.912    -6.54    7.57
 248783.783     2.208     3.43    7.27
 249160.765     6.241    10.70    8.42
 249537.725    10.141    10.34    6.72
 249914.663     9.141    -2.65    7.61
 250291.580     8.467    -1.79    7.75
 250668.475     7.315    -3.06    7.02
 251045.348     9.793     6.57    6.48
 251422.199    11.173     3.66    4.28
 251799.029     8.902    -6.02    6.18
 252175.837     4.467   -11.77    8.86
 252552.623     0.489   -10.56    8.05
 252929.387    -0.320    -2.15    8.55
 253306.130     1.559     4.99    9.73
 253682.851     6.424    12.91    8.07
 254059.550     7.924     3.98    6.04
 254436.228     4.446    -9.23    8.98
 254812.884    -0.421   -12.92   10.39
 255189.519    -3.032    -6.93    8.95
 255566.131    -1.185     4.90   10.32
 255942.722     3.864    13.40    8.53
 256319.292     4.685     2.18    6.36
 256695.839     0.082   -12.22   10.86
 257072.366    -8.320   -22.31   13.90
 257448.870   -18.177   -26.17   12.11
 257825.353   -25.182   -18.60    5.40
 258201.814   -27.123    -5.15    2.07
 258578.254   -26.486     1.69    2.98
 258954.672   -26.489    -0.01    3.23
 259331.068   -27.257    -2.04    3.56
 259707.443   -27.815    -1.48    3.71
 260083.796   -28.554    -1.96    3.20
 260460.128   -29.782    -3.26    2.06
 260836.438   -29.989    -0.55    2.04
 261212.726   -29.554     1.16    2.62
 261588.993   -28.643     2.42    3.28
 261965.238   -26.682     5.21    3.93
 262341.462   -24.511     5.77    3.27
 262717.664   -23.065     3.84    2.63
 263093.845   -21.859     3.20    2.27
 263470.004   -21.363     1.32    2.49
 263846.142   -19.777     4.22    4.83
 264222.258   -15.873    10.38    8.35
 264598.352   -10.728    13.67    9.95
 264974.425    -4.600    16.29    9.97
 265350.476     1.750    16.88    9.40
 265726.506     5.554    10.11    7.11
 266102.515     7.041     3.95    5.28
 266478.502     4.934    -5.60    6.07
 266854.467    -1.088   -16.01    7.72
 267230.411    -4.691    -9.58    7.69
 267606.334    -4.340     0.93    8.50
 267982.235    -1.799     6.76    8.77
 268358.114     2.315    10.94    7.60
 268733.972     6.179    10.28    6.88
 269109.809    10.054    10.31    6.06
 269485.624    13.082     8.05    6.55
 269861.418    15.793     7.21    5.91
 270237.190    16.041     0.66    5.68
 270612.941    15.801    -0.64    6.21
 270988.670    15.212    -1.57    6.44
 271364.378    15.185    -0.07    7.24
 271740.065    14.148    -2.76    7.78
 272115.730    10.537    -9.61    9.27
 272491.374     5.925   -12.27    9.91
 272866.996     0.859   -13.48   10.80
 273242.597    -5.446   -16.78   11.60
 273618.176   -10.666   -13.89    9.92
 273993.734   -15.577   -13.07    8.29
 274369.271   -20.554   -13.25    7.28
 274744.787   -24.100    -9.44    6.66
 275120.281   -27.384    -8.74    5.24
 275495.753   -29.337    -5.20    4.80
 275871.204   -31.065    -4.60    3.66
 276246.634   -32.294    -3.27    2.65
 276622.043   -30.441     4.93    6.37
 276997.430   -24.177    16.68   13.46
 277372.796   -17.628    17.44   16.18
 277748.141   -15.874     4.67   15.20
 278123.464   -14.304     4.18   13.82
 278498.766   -15.510    -3.21   12.26
 278874.046   -16.163    -1.74   11.49
 279249.306   -15.787     1.00   13.40
 279624.544   -14.486     3.47   15.74
 279999.760   -15.691    -3.21   18.95
 280374.956   -16.446    -2.01   21.58
 280750.130   -20.257   -10.15   21.54
 281125.283   -24.272   -10.70   18.53
 281500.414   -26.384    -5.63   14.16
 281875.525   -29.054    -7.12    8.29
 282250.614   -29.772    -1.91    6.12
 282625.681   -31.043    -3.39    4.84
 283000.728   -31.821    -2.07    5.07
 283375.753   -33.363    -4.11    2.85
 283750.757   -33.141     0.59    2.90
 284125.740   -33.022     0.32    3.06
 284500.702   -32.941     0.22    2.94
 284875.642   -33.491    -1.47    3.12
 285250.561   -34.815    -3.53    2.40
 285625.459   -35.725    -2.42    2.34
 286000.336   -35.910    -0.49    3.48
 286375.191   -35.963    -0.14    4.32
 286750.025   -37.033    -2.85    4.34
 287124.838   -37.418    -1.03    4.46
 287499.630   -39.492    -5.53    3.20
 287874.401   -40.315    -2.20    1.72
 288249.151   -40.554    -0.64    1.55
 288623.879   -40.599    -0.12    1.55
 288998.586   -40.421     0.47    1.65
 289373.272   -40.288     0.36    1.57
 289747.937   -40.173     0.30    1.71
 290122.581   -39.688     1.30    1.79
 290497.203   -39.236     1.20    1.83
 290871.805   -38.777     1.23    1.73
 291246.385   -37.999     2.08    2.48
 291620.944   -37.304     1.85    2.69
 291995.483   -36.243     2.83    4.03
 292369.999   -36.388    -0.39    4.01
 292744.495   -36.843    -1.22    3.96
 293118.970   -36.852    -0.02    3.82
 293493.424   -37.621    -2.05    2.75
 293867.856   -37.641    -0.05    2.14
 294242.268   -37.489     0.41    2.18
 294616.658   -37.294     0.52    2.09
 294991.027   -37.327    -0.09    2.20
 295365.376   -37.120     0.55    2.02
 295739.703   -36.888     0.62    1.94
