#   85.000  -1.251  11.534 ;Mean Elev.(m), Avg Gradient(m/km), RMS Gradient(m/km) - SRTM1     
#   75.233  -1.477  12.060 ;Mean Elev.(m), Avg Gradient(m/km), RMS Gradient(m/km) - ASTER GDEM
#   85.212  -1.230  11.715 ;Mean Elev.(m), Avg Gradient(m/km), RMS Gradient(m/km) - GMTED2010 
  7    83.324 52471.14708699 24.01 270.704187  36.589657 19.513
  7    83.572 52471.14708764 26.50 270.703187  36.592927 19.513
  7    83.675 52471.14708828 29.22 270.702187  36.596207 19.513
  7    83.677 52471.14708893 31.15 270.701197  36.599477 19.513
  7    83.994 52471.14708957 33.49 270.700197  36.602757 19.513
  7    84.028 52471.14709022 35.54 270.699207  36.606027 19.513
  8    76.411 52506.14706600 42.84 270.707899  36.586667 19.337
  8    76.299 52506.14706665 41.49 270.706909  36.589947 19.337
  8    76.118 52506.14706729 44.54 270.705909  36.593217 19.337
  8    76.015 52506.14706794 48.33 270.704919  36.596497 19.337
  8    76.139 52506.14706858 47.62 270.703919  36.599767 19.337
  8    76.005 52506.14706923 49.96 270.702919  36.603047 19.337
  9    82.863 52541.14704820 39.39 270.708130  36.586596 17.012
  9    82.684 52541.14704885 41.76 270.707140  36.589866 17.012
  9    82.621 52541.14704949 48.97 270.706140  36.593146 17.012
  9    82.546 52541.14705014 51.78 270.705140  36.596416 17.012
  9    82.641 52541.14705078 50.32 270.704143  36.599697 15.993
  9    82.628 52541.14705143 51.44 270.703153  36.602967 15.993
 10    82.985 52576.14709682 23.35 270.701647  36.590759 14.227
 10    82.929 52576.14709746 26.08 270.700647  36.594029 14.227
 10    83.071 52576.14709810 26.63 270.699647  36.597309 14.227
 10    83.134 52576.14709875 28.82 270.698657  36.600579 14.227
 10    83.259 52576.14709939 33.74 270.697657  36.603859 14.227
 10    83.171 52576.14710004 38.33 270.696667  36.607129 14.227
 10    83.203 52576.14710068 41.78 270.695664  36.610411 23.640
 11    82.780 52611.14705774 21.60 270.708612  36.585785  6.092
 11    82.902 52611.14705838 23.41 270.707612  36.589055  6.092
 11    82.964 52611.14705903 26.51 270.706622  36.592335  6.092
 11    83.267 52611.14705967 27.46 270.705622  36.595605  6.092
 11    83.171 52611.14706032 34.27 270.704630  36.598888 20.759
 11    83.318 52611.14706096 38.39 270.703630  36.602158 20.759
 12    88.102 52646.14704530 30.71 270.706181  36.586349 12.756
 12    87.395 52646.14704594 32.53 270.705181  36.589629 12.756
 12    87.355 52646.14704659 32.78 270.704191  36.592899 12.756
 12    87.525 52646.14704723 32.79 270.703191  36.596179 12.756
 12    87.587 52646.14704788 42.50 270.702201  36.599449 12.756
 12    87.575 52646.14704852 50.04 270.701200  36.602731 24.762
 12    87.561 52646.14704917 47.85 270.700200  36.606001 24.762
 13    85.336 52681.14701555 22.00 270.720588  36.575902 13.792
 13    85.427 52681.14701620 22.01 270.719588  36.579182 13.792
 13    85.117 52681.14701684 23.63 270.718598  36.582452 13.792
 15    86.401 52751.14709942 28.74 270.697480  36.593628 14.087
 15    86.690 52751.14710006 29.27 270.696482  36.596911 28.659
 15    86.820 52751.14710071 29.85 270.695492  36.600181 28.659
 15    86.839 52751.14710135 32.33 270.694492  36.603461 28.659
 15    86.879 52751.14710199 33.81 270.693502  36.606731 28.659
 15    86.958 52751.14710264 35.89 270.692502  36.610011 28.659
 16    91.939 52786.14704357 31.40 270.697775  36.594686 36.912
 16    91.606 52786.14704422 32.92 270.696785  36.597956 36.912
 16    91.708 52786.14704486 33.46 270.695785  36.601236 36.912
 16    91.700 52786.14704551 35.02 270.694785  36.604506 36.912
 16    91.705 52786.14704615 35.77 270.693795  36.607786 36.912
 16    91.744 52786.14704680 37.01 270.692795  36.611056 36.912
 17    85.285 52821.14711673 27.73 270.700995  36.591383 14.805
 17    85.244 52821.14711737 30.44 270.699995  36.594653 14.805
 17    85.360 52821.14711802 31.52 270.698999  36.597935 26.756
 17    85.448 52821.14711866 34.33 270.698009  36.601205 26.756
 17    85.430 52821.14711931 36.82 270.697009  36.604485 26.756
 17    85.522 52821.14711995 40.55 270.696009  36.607755 26.756
 17    85.400 52821.14712059 41.80 270.695019  36.611035 26.756
 18    85.971 52856.14716330 36.67 270.707508  36.586801 12.046
 18    85.896 52856.14716394 35.50 270.706518  36.590071 12.046
 18    85.609 52856.14716459 33.68 270.705518  36.593351 12.046
 18    85.608 52856.14716523 33.56 270.704528  36.596621 12.046
 18    85.522 52856.14716588 33.60 270.703525  36.599904 14.392
 18    85.625 52856.14716652 40.34 270.702525  36.603174 14.392
 19    87.442 52891.14719668 28.54 270.702145  36.590445  9.117
 19    87.305 52891.14719733 30.01 270.701145  36.593725  9.117
 19    87.359 52891.14719797 31.90 270.700155  36.596995  9.117
 19    87.572 52891.14719862 39.30 270.699157  36.600278 26.128
 19    87.626 52891.14719926 44.78 270.698157  36.603548 26.128
 19    87.566 52891.14719991 48.16 270.697167  36.606828 26.128
 19    87.423 52891.14720055 48.58 270.696167  36.610098 26.128
 20    82.538 52926.14714777 57.19 270.711164  36.583632 24.039
 20    82.463 52926.14714842 55.06 270.710174  36.586902 24.039
 20    82.611 52926.14714906 52.05 270.709174  36.590182 24.039
 20    82.569 52926.14714971 52.92 270.708174  36.593452 24.039
 20    82.531 52926.14715035 39.64 270.707184  36.596732 24.039
 20    82.664 52926.14715100 44.55 270.706184  36.600002 24.039
 21    85.867 52961.14711536 29.66 270.712311  36.582782 12.756
 21    85.655 52961.14711601 25.91 270.711311  36.586052 12.756
 21    85.671 52961.14711665 24.35 270.710311  36.589332 12.756
 21    85.830 52961.14711730 20.46 270.709321  36.592602 12.756
 21    85.717 52961.14711794 19.04 270.708321  36.595882 12.756
 21    85.409 52961.14711859 20.55 270.707321  36.599152 12.756
 22    88.082 52996.14715546 17.41 270.704619  36.589155 16.751
 22    87.573 52996.14715610 14.07 270.703624  36.592436 21.993
 22    87.487 52996.14715675 14.16 270.702624  36.595706 21.993
 22    87.491 52996.14715739 15.12 270.701624  36.598986 21.993
 22    87.620 52996.14715804 19.21 270.700634  36.602256 21.993
 22    87.357 52996.14715868 14.95 270.699634  36.605536 21.993
 23    88.838 53031.14711652 24.91 270.711990  36.582994 17.196
 23    89.055 53031.14711717 21.45 270.710990  36.586274 17.196
 23    89.011 53031.14711781 20.80 270.710000  36.589544 17.196
 23    88.703 53031.14711846 18.27 270.709000  36.592814 17.196
 23    88.200 53031.14711910 17.39 270.708005  36.596099 18.297
 23    87.744 53031.14711975 17.26 270.707015  36.599369 18.297
 24    88.395 53066.14712424 24.94 270.710672  36.584596 18.366
 24    88.730 53066.14712489 21.15 270.709672  36.587876 18.366
 24    88.076 53066.14712553 22.32 270.708682  36.591146 18.366
 24    87.695 53066.14712618 20.47 270.707685  36.594429 21.623
 24    86.929 53066.14712682 19.98 270.706685  36.597699 21.623
 25    88.540 53101.14712493 25.77 270.707930  36.586437 13.081
 25    88.190 53101.14712557 24.72 270.706930  36.589717 13.081
 25    87.893 53101.14712621 26.23 270.705930  36.592987 13.081
 25    87.986 53101.14712686 32.22 270.704940  36.596267 13.081
 25    88.108 53101.14712750 39.93 270.703940  36.599537 13.081
 25    88.175 53101.14712815 45.27 270.702950  36.602817 13.081
 26    88.905 53136.14712583 21.49 270.711681  36.584182  9.676
 26    88.352 53136.14712647 22.34 270.710691  36.587452  9.676
 26    87.824 53136.14712712 24.11 270.709693  36.590735 17.610
 26    86.580 53136.14712776 23.07 270.708693  36.594005 17.610
 26    86.389 53136.14712841 26.57 270.707703  36.597285 17.610
 27    88.928 53171.14717984 40.85 270.702171  36.590966 18.018
 27    88.916 53171.14718049 37.58 270.701171  36.594236 18.018
 27    88.844 53171.14718113 37.19 270.700181  36.597506 18.018
 27    88.975 53171.14718177 44.17 270.699180  36.600790 28.677
 27    89.008 53171.14718242 48.22 270.698180  36.604060 28.677
 27    88.995 53171.14718306 49.45 270.697190  36.607340 28.677
 28    88.043 53206.14719199 26.19 270.705963  36.586966 22.790
 28    85.906 53206.14719264 26.04 270.704973  36.590246 22.790
 28    86.052 53206.14719328 27.96 270.703973  36.593516 22.790
 28    85.978 53206.14719392 30.21 270.702973  36.596796 22.790
 28    86.153 53206.14719457 41.27 270.701983  36.600066 22.790
 28    86.054 53206.14719521 50.26 270.700983  36.603346 22.790
 29    83.100 53241.14715815 45.18 270.716027  36.580387 15.929
 29    82.922 53241.14715879 34.64 270.715037  36.583657 15.929
 29    82.687 53241.14715944 24.90 270.714037  36.586937 15.929
 29    86.163 53241.14716008 32.03 270.713037  36.590207 15.929
 30    87.946 53276.14712996 20.69 270.701522  36.590515 13.257
 30    88.071 53276.14713060 19.99 270.700532  36.593785 13.257
 30    88.370 53276.14713125 19.00 270.699532  36.597065 13.257
 30    88.388 53276.14713189 19.61 270.698532  36.600335 13.257
 30    88.262 53276.14713254 20.37 270.697542  36.603615 13.257
 30    88.197 53276.14713318 24.88 270.696542  36.606885 13.257
 30    88.318 53276.14713383 27.23 270.695542  36.610165 13.257
 31    89.838 53311.14717240 19.48 270.701715  36.592036 11.986
 31    90.080 53311.14717305 19.08 270.700725  36.595306 11.986
 31    89.423 53311.14717369 21.15 270.699725  36.598586 11.986
 31    84.739 53311.14717433 26.71 270.698735  36.601856 11.986
 31    84.878 53311.14717498 36.29 270.697734  36.605138 24.202
 31    84.505 53311.14717562 32.01 270.696734  36.608408 24.202
 32    90.612 53346.14713651 30.40 270.710951  36.583943 19.783
 32    90.458 53346.14713715 30.67 270.709961  36.587223 19.783
 32    90.418 53346.14713780 28.27 270.708961  36.590493 19.783
 32    90.408 53346.14713844 25.08 270.707971  36.593773 19.783
 32    90.407 53346.14713909 24.53 270.706971  36.597043 19.783
 32    90.454 53346.14713973 31.26 270.705971  36.600323 19.783
 33    92.615 53381.14709454 44.00 270.704192  36.588480 21.830
 33    92.473 53381.14709519 42.96 270.703197  36.591761 36.912
 33    92.556 53381.14709583 43.95 270.702207  36.595031 36.912
 33    92.437 53381.14709647 44.11 270.701207  36.598311 36.912
 33    92.476 53381.14709712 51.99 270.700207  36.601581 36.912
 33    92.573 53381.14709776 48.51 270.699217  36.604861 36.912
 33    92.560 53381.14709841 49.07 270.698217  36.608131 36.912
 34    90.157 53416.14711338 23.57 270.716577  36.579390 14.138
 34    90.092 53416.14711403 22.63 270.715577  36.582660 14.138
 34    89.693 53416.14711467 25.45 270.714587  36.585940 14.138
 34    89.848 53416.14711531 23.54 270.713587  36.589210 14.138
 35    88.711 53451.14711248 25.63 270.702229  36.589296 20.637
 35    88.321 53451.14711312 21.28 270.701229  36.592566 20.637
 35    85.053 53451.14711377 25.10 270.700230  36.595846 30.866
 35    85.003 53451.14711441 25.65 270.699240  36.599116 30.866
 35    85.109 53451.14711506 27.27 270.698240  36.602396 30.866
 35    85.275 53451.14711570 30.68 270.697240  36.605666 30.866
 35    85.073 53451.14711635 32.91 270.696240  36.608946 30.866
 36    86.165 53486.14719913 23.36 270.695880  36.595105 20.456
 36    85.874 53486.14719977 23.72 270.694880  36.598375 20.456
 36    85.744 53486.14720041 24.98 270.693890  36.601655 20.456
 36    85.762 53486.14720106 29.92 270.692890  36.604925 20.456
 36    85.974 53486.14720170 26.09 270.691890  36.608205 20.456
 37    84.722 53521.14719022 22.05 270.711150  36.583176 10.402
 37    86.407 53521.14719086 22.93 270.710150  36.586446 10.402
 37    85.881 53521.14719151 24.21 270.709160  36.589726 10.402
 37    84.511 53521.14719215 28.10 270.708160  36.592996 10.402
 37    84.962 53521.14719280 33.90 270.707160  36.596276 10.402
 37    84.884 53521.14719344 42.70 270.706170  36.599546 10.402
 38    83.921 53556.14721607 38.69 270.699348  36.591720 13.666
 38    83.773 53556.14721672 38.55 270.698348  36.594990 13.666
 38    83.844 53556.14721736 39.28 270.697358  36.598260 13.666
 38    83.851 53556.14721801 44.24 270.696362  36.601545 32.403
 38    83.789 53556.14721865 45.82 270.695362  36.604815 32.403
 38    83.897 53556.14721930 50.63 270.694362  36.608095 32.403
 38    83.701 53556.14721994 44.07 270.693372  36.611365 32.403
 39    81.194 53591.14715190 48.19 270.721560  36.575269 20.578
 39    80.898 53591.14715254 49.22 270.720560  36.578549 20.578
 39    80.843 53591.14715319 50.58 270.719570  36.581819 20.578
 40    81.028 53626.14714322 27.82 270.691530  36.599232 14.517
 40    81.193 53626.14714387 29.70 270.690530  36.602512 14.517
 40    81.224 53626.14714451 32.95 270.689530  36.605782 14.517
 41    82.081 53661.14716704 25.39 270.702240  36.590519  8.682
 41    82.094 53661.14716768 28.93 270.701250  36.593789  8.682
 41    82.038 53661.14716833 29.35 270.700250  36.597072 17.725
 41    82.124 53661.14716897 32.26 270.699250  36.600342 17.725
 41    81.993 53661.14716962 38.04 270.698260  36.603622 17.725
 41    82.127 53661.14717026 38.93 270.697260  36.606892 17.725
 41    82.083 53661.14717091 30.65 270.696260  36.610172 17.725
 42    85.620 53696.14713568 12.56 270.710347  36.585052  7.141
 42    85.577 53696.14713633 14.33 270.709357  36.588332  7.141
 42    85.665 53696.14713697 14.08 270.708357  36.591602  7.141
 42    85.408 53696.14713761 16.19 270.707367  36.594882  7.141
 42    84.181 53696.14713826 29.28 270.706367  36.598152  7.141
 43    81.584 53731.14705702 24.44 270.718731  36.578703  6.219
 43    81.718 53731.14705767 22.66 270.717741  36.581973  6.219
 43    81.649 53731.14705831 22.06 270.716741  36.585253  6.219
 44    89.475 53766.14702855 31.81 270.713281  36.581856 12.837
 44    89.229 53766.14702919 28.51 270.712291  36.585136 12.837
 44    89.382 53766.14702984 26.77 270.711291  36.588406 12.837
 44    89.297 53766.14703048 27.69 270.710291  36.591686 12.837
 44    89.427 53766.14703113 24.54 270.709301  36.594956 12.837
 45    87.524 53801.14703038 11.95 270.717906  36.578405 17.358
 45    87.055 53801.14703102 12.73 270.716916  36.581675 17.358
 45    86.833 53801.14703167 15.64 270.715916  36.584955 17.358
 46    86.488 53836.14703966 24.05 270.701834  36.591379 11.828
 46    86.579 53836.14704030 26.05 270.700834  36.594659 11.828
 46    86.664 53836.14704095 30.55 270.699844  36.597929 11.828
 46    86.770 53836.14704159 29.01 270.698844  36.601209 11.828
 46    86.824 53836.14704224 30.46 270.697844  36.604479 11.828
 46    86.707 53836.14704288 33.15 270.696853  36.607761 20.510
 47    87.267 53871.14709538 17.18 270.705701  36.586886 10.562
 47    85.808 53871.14709602 18.17 270.704701  36.590156 10.562
 47    85.905 53871.14709667 20.67 270.703701  36.593436 10.562
 47    85.815 53871.14709731 21.69 270.702711  36.596706 10.562
 47    86.031 53871.14709796 23.78 270.701711  36.599988 18.828
 47    85.089 53871.14709860 25.65 270.700711  36.603258 18.828
 47    85.323 53871.14709925 29.58 270.699721  36.606538 18.828
 48    82.480 53906.14713419 23.90 270.702475  36.589421 24.604
 48    82.586 53906.14713483 24.76 270.701475  36.592691 24.604
 48    82.698 53906.14713548 28.97 270.700475  36.595971 24.604
 48    82.686 53906.14713612 30.06 270.699485  36.599241 24.604
 48    82.827 53906.14713677 34.63 270.698485  36.602521 24.604
 48    82.774 53906.14713741 39.84 270.697495  36.605791 24.604
 48    82.844 53906.14713805 44.32 270.696495  36.609071 24.604
 49    82.918 53941.14716526 42.50 270.694468  36.596911 19.485
 49    82.789 53941.14716590 45.58 270.693468  36.600181 19.485
 49    82.899 53941.14716654 47.76 270.692478  36.603461 19.485
 49    82.925 53941.14716719 46.31 270.691478  36.606731 19.485
 49    82.782 53941.14716783 45.69 270.690478  36.610011 19.485
 50    80.546 53976.14711834 23.01 270.709389  36.584994 15.451
 50    80.676 53976.14711898 24.28 270.708399  36.588264 15.451
 50    80.660 53976.14711963 26.87 270.707399  36.591544 15.451
 50    80.688 53976.14712027 27.62 270.706409  36.594814 15.451
 50    81.105 53976.14712092 28.00 270.705409  36.598094 15.451
 50    80.840 53976.14712156 41.77 270.704409  36.601364 15.451
 51    84.009 54011.14712073 23.93 270.702799  36.590074 12.330
 51    83.901 54011.14712137 26.21 270.701809  36.593354 12.330
 51    84.044 54011.14712202 28.62 270.700809  36.596624 12.330
 51    84.059 54011.14712266 37.40 270.699809  36.599904 12.330
 51    84.005 54011.14712331 39.68 270.698809  36.603174 12.330
 51    83.965 54011.14712395 43.21 270.697819  36.606454 12.330
 52    87.989 54046.14713339 22.61 270.714163  36.582575  7.791
 52    86.906 54046.14713404 23.28 270.713173  36.585845  7.791
 52    86.856 54046.14713468 25.01 270.712173  36.589125  7.791
 52    86.990 54046.14713532 26.26 270.711183  36.592395  7.791
 53    84.532 54081.14712643 21.79 270.711080  36.583038 16.303
 53    84.227 54081.14712708 23.24 270.710090  36.586308 16.303
 53    84.646 54081.14712772 22.14 270.709090  36.589588 16.303
 53    84.839 54081.14712837 29.53 270.708100  36.592858 16.303
 53    85.047 54081.14712901 32.99 270.707100  36.596138 16.303
 53    84.853 54081.14712966 34.09 270.706100  36.599408 16.303
 54    90.431 54116.14705931 27.93 270.715428  36.580166 25.749
 54    90.219 54116.14705995 28.61 270.714438  36.583436 25.749
 54    90.365 54116.14706060 30.38 270.713438  36.586716 25.749
 54    90.441 54116.14706124 29.64 270.712448  36.589986 25.749
 54    90.524 54116.14706189 28.01 270.711448  36.593266 25.749
 55    84.269 54151.14707802 34.63 270.705442  36.589171 16.260
 55    84.258 54151.14707867 28.10 270.704442  36.592441 16.260
 55    84.078 54151.14707931 25.65 270.703452  36.595721 16.260
 55    83.990 54151.14707996 25.81 270.702452  36.598991 16.260
 55    84.096 54151.14708060 24.31 270.701462  36.602271 16.260
 55    83.870 54151.14708125 24.81 270.700462  36.605541 16.260
 56    89.724 54186.14705150 52.31 270.714503  36.581278 32.411
 56    89.682 54186.14705214 52.06 270.713513  36.584548 32.411
 56    89.631 54186.14705279 51.78 270.712513  36.587828 32.411
 56    89.584 54186.14705343 53.69 270.711523  36.591098 32.411
 56    89.581 54186.14705408 53.38 270.710523  36.594378 32.411
 57    88.985 54221.14708747 32.35 270.703741  36.588716 20.342
 57    87.436 54221.14708812 28.14 270.702751  36.591996 20.342
 57    87.361 54221.14708876 29.24 270.701751  36.595266 20.342
 57    87.481 54221.14708941 33.16 270.700761  36.598546 20.342
 57    87.416 54221.14709005 42.15 270.699761  36.601816 20.342
 57    87.390 54221.14709070 50.10 270.698761  36.605096 20.342
 57    87.337 54221.14709134 44.83 270.697771  36.608366 20.342
 58    85.288 54256.14711008 41.13 270.708067  36.584946 19.585
 58    85.533 54256.14711073 36.97 270.707077  36.588216 19.585
 58    85.165 54256.14711137 29.34 270.706077  36.591496 19.585
 58    85.109 54256.14711202 32.49 270.705077  36.594766 19.585
 58    85.315 54256.14711266 40.02 270.704087  36.598046 19.585
 58    85.308 54256.14711331 47.38 270.703087  36.601316 19.585
 59    83.681 54291.14711111 20.68 270.711019  36.582999 14.970
 59    83.423 54291.14711176 21.84 270.710029  36.586269 14.970
 59    83.515 54291.14711240 22.60 270.709029  36.589549 14.970
 59    83.720 54291.14711304 23.01 270.708039  36.592819 14.970
 59    84.047 54291.14711369 27.67 270.707039  36.596099 14.970
 59    84.016 54291.14711433 39.98 270.706039  36.599369 14.970
 60    82.593 54326.14710867 52.05 270.711940  36.583365 34.087
 60    82.576 54326.14710932 52.08 270.710950  36.586635 34.087
 60    82.557 54326.14710996 53.12 270.709950  36.589915 34.087
 60    82.550 54326.14711061 52.16 270.708960  36.593185 34.087
 60    82.522 54326.14711125 39.00 270.707960  36.596465 34.087
 61    88.269 54361.14705977 18.11 270.716043  36.580138 11.990
 61    88.296 54361.14706042 18.33 270.715053  36.583408 11.990
 61    87.636 54361.14706106 18.70 270.714053  36.586688 11.990
 61    87.158 54361.14706171 19.47 270.713063  36.589958 11.990
 62    90.482 54396.14704907 12.89 270.708695  36.585766 13.841
 62    89.874 54396.14704971 12.89 270.707695  36.589036 13.841
 62    87.751 54396.14705035 15.17 270.706705  36.592316 13.841
 62    84.137 54396.14705100 25.38 270.705705  36.595586 13.841
 62    84.020 54396.14705164 31.86 270.704705  36.598866 13.841
 62    84.000 54396.14705229 26.17 270.703715  36.602136 13.841
 63    90.177 54431.14700965 14.82 270.715003  36.580500 16.382
 63    89.199 54431.14701030 18.43 270.714013  36.583780 16.382
 63    88.704 54431.14701094 17.11 270.713013  36.587050 16.382
 63    88.492 54431.14701159 17.69 270.712023  36.590330 16.382
 63    82.351 54431.14701223 32.72 270.711023  36.593600 16.382
 64    87.796 54466.14703008 17.69 270.707352  36.587437 14.244
 64    87.123 54466.14703072 18.01 270.706352  36.590717 14.244
 64    86.477 54466.14703137 17.48 270.705362  36.593987 14.244
 64    86.498 54466.14703201 18.37 270.704362  36.597267 14.244
 64    86.395 54466.14703266 19.83 270.703372  36.600537 14.244
 64    86.329 54466.14703330 25.46 270.702372  36.603817 14.244
 65    85.979 54501.14702359 28.66 270.712298  36.584167 14.454
 65    85.952 54501.14702424 26.57 270.711298  36.587437 14.454
 65    85.663 54501.14702488 26.70 270.710308  36.590717 14.454
 65    85.740 54501.14702553 26.32 270.709308  36.593987 14.454
 65    86.010 54501.14702617 29.30 270.708318  36.597267 14.454
 66    91.415 54536.14704467 34.17 270.710034  36.585896 17.843
 66    91.309 54536.14704532 33.04 270.709044  36.589166 17.843
 66    91.345 54536.14704596 35.35 270.708051  36.592448 33.937
 66    91.116 54536.14704661 31.17 270.707051  36.595718 33.937
 66    91.190 54536.14704725 29.43 270.706051  36.598998 33.937
 67    94.035 54571.14702571 34.23 270.714478  36.582145 23.892
 67    93.821 54571.14702636 32.78 270.713478  36.585425 23.892
 67    93.980 54571.14702700 39.73 270.712478  36.588695 23.892
 67    94.061 54571.14702765 44.98 270.711488  36.591975 23.892
 68    91.155 54606.14703922 32.05 270.707043  36.586877 19.274
 68    90.884 54606.14703986 31.31 270.706053  36.590157 19.274
 68    90.870 54606.14704051 28.74 270.705057  36.593432 31.569
 68    90.845 54606.14704115 27.33 270.704057  36.596702 31.569
 68    90.961 54606.14704180 28.02 270.703067  36.599982 31.569
 68    91.027 54606.14704244 33.70 270.702067  36.603252 31.569
 69    90.790 54641.14704785 51.23 270.709263  36.584502 19.418
 69    90.758 54641.14704849 51.54 270.708273  36.587782 19.418
 69    90.617 54641.14704914 51.20 270.707273  36.591052 19.418
 69    90.721 54641.14704978 50.43 270.706281  36.594336 31.179
 69    90.603 54641.14705043 51.23 270.705281  36.597606 31.179
 69    90.595 54641.14705107 48.92 270.704281  36.600886 31.179
 70    86.485 54676.14705081 46.74 270.706519  36.588136 13.829
 70    86.337 54676.14705145 47.86 270.705529  36.591406 13.829
 70    86.370 54676.14705210 48.90 270.704535  36.594689 22.288
 70    86.358 54676.14705274 47.09 270.703535  36.597959 22.288
 70    86.298 54676.14705339 48.78 270.702535  36.601239 22.288
 70    86.295 54676.14705403 51.46 270.701545  36.604509 22.288
 71    82.222 54711.14700444 55.71 270.716561  36.579260 21.924
 71    82.200 54711.14700509 51.50 270.715571  36.582530 21.924
 71    82.245 54711.14700573 51.27 270.714571  36.585810 21.924
 71    82.143 54711.14700637 50.68 270.713571  36.589080 21.924
 72    83.449 54746.14701857 54.07 270.706197  36.588072 14.411
 72    83.440 54746.14701921 50.27 270.705207  36.591342 14.411
 72    83.352 54746.14701986 49.94 270.704209  36.594625 23.784
 72    83.268 54746.14702050 51.66 270.703209  36.597895 23.784
 72    83.321 54746.14702115 44.91 270.702219  36.601175 23.784
 72    83.348 54746.14702179 50.91 270.701219  36.604445 23.784
 73    88.558 54781.14698989 20.53 270.712084  36.583330  6.828
 73    81.584 54781.14699053 22.88 270.711084  36.586600  6.828
 73    81.686 54781.14699118 23.38 270.710094  36.589880  6.828
 73    81.866 54781.14699182 36.54 270.709094  36.593150  6.828
 73    81.960 54781.14699247 34.96 270.708102  36.596432 14.358
 74    88.227 54816.14701136 12.65 270.706543  36.587106  5.650
 74    85.708 54816.14701201 14.90 270.705553  36.590376  5.650
 74    86.192 54816.14701265 15.29 270.704555  36.593658 12.789
 74    85.772 54816.14701330 19.27 270.703555  36.596928 12.789
 74    85.921 54816.14701394 17.99 270.702565  36.600208 12.789
 74    86.097 54816.14701459 20.72 270.701565  36.603478 12.789
 75    88.926 54851.14698851 23.57 270.711897  36.584079  4.747
 75    88.685 54851.14698916 23.88 270.710897  36.587359  4.747
 75    88.096 54851.14698980 26.33 270.709907  36.590629  4.747
 75    86.734 54851.14699045 29.27 270.708907  36.593899  4.747
 75    86.704 54851.14699109 41.80 270.707906  36.597184 17.532
 76    88.909 54886.14701514 31.10 270.706268  36.586440 17.045
 76    88.062 54886.14701578 30.18 270.705278  36.589710 17.045
 76    88.021 54886.14701643 28.72 270.704282  36.592993 20.628
 76    87.962 54886.14701707 30.80 270.703282  36.596263 20.628
 76    88.060 54886.14701772 35.29 270.702282  36.599543 20.628
 76    88.227 54886.14701836 46.96 270.701292  36.602813 20.628
 76    88.245 54886.14701901 40.82 270.700292  36.606093 20.628
 77    89.070 54921.14698887 27.92 270.713279  36.581199 18.686
 77    88.797 54921.14698952 25.75 270.712289  36.584469 18.686
 77    88.660 54921.14699016 28.21 270.711289  36.587749 18.686
 77    88.711 54921.14699081 30.70 270.710299  36.591019 18.686
 77    88.865 54921.14699145 29.75 270.709299  36.594299 18.686
 77    88.724 54921.14699210 39.08 270.708299  36.597569 18.686
 78    90.637 54956.14701177 44.73 270.704666  36.588183 20.705
 78    90.625 54956.14701241 38.76 270.703668  36.591467 30.445
 78    90.360 54956.14701306 36.94 270.702668  36.594737 30.445
 78    90.384 54956.14701370 39.45 270.701678  36.598017 30.445
 78    90.430 54956.14701435 35.36 270.700678  36.601287 30.445
 78    90.436 54956.14701499 32.48 270.699678  36.604567 30.445
 78    90.246 54956.14701564 32.80 270.698688  36.607837 30.445
 79    88.693 54991.14703500 28.80 270.704527  36.588421 15.974
 79    88.594 54991.14703565 23.64 270.703533  36.591706 20.945
 79    87.497 54991.14703629 24.65 270.702533  36.594976 20.945
 79    87.110 54991.14703694 29.31 270.701533  36.598256 20.945
 79    87.511 54991.14703758 33.17 270.700543  36.601526 20.945
 79    87.369 54991.14703823 40.81 270.699543  36.604806 20.945
 80    87.573 55026.14702468 21.96 270.711440  36.583786  8.568
 80    87.557 55026.14702533 22.71 270.710450  36.587066  8.568
 80    87.020 55026.14702597 24.96 270.709450  36.590336  8.568
 80    84.876 55026.14702661 27.60 270.708460  36.593619 19.563
 80    84.892 55026.14702726 38.20 270.707460  36.596889 19.563
 81    88.042 55061.14701871 14.26 270.709341  36.585315 12.461
 81    87.201 55061.14701935 15.48 270.708351  36.588585 12.461
 81    86.435 55061.14702000 17.89 270.707351  36.591855 12.461
 81    84.292 55061.14702064 23.94 270.706358  36.595139 22.899
 81    84.276 55061.14702129 32.78 270.705358  36.598409 22.899
 81    84.186 55061.14702193 35.94 270.704358  36.601689 22.899
 82    83.130 55096.14696763 26.80 270.714843  36.580621  8.249
 82    88.478 55096.14696828 17.17 270.713853  36.583891  8.249
 82    88.040 55096.14696892 16.41 270.712853  36.587171  8.249
 82    87.598 55096.14696957 17.88 270.711863  36.590451  8.249
 82    83.171 55096.14697021 25.34 270.710863  36.593721  8.249
 83    87.872 55131.14696128 35.73 270.706910  36.587101  8.557
 83    87.749 55131.14696193 34.19 270.705920  36.590371  8.557
 83    87.844 55131.14696257 33.88 270.704924  36.593653 16.639
 83    87.779 55131.14696321 38.42 270.703924  36.596923 16.639
 83    87.831 55131.14696386 43.89 270.702924  36.600203 16.639
 83    87.730 55131.14696450 53.71 270.701934  36.603473 16.639
 84    88.812 55166.14693001 21.69 270.712501  36.583314 11.636
 84    88.612 55166.14693065 21.60 270.711511  36.586594 11.636
 84    88.070 55166.14693130 22.55 270.710511  36.589864 11.636
 84    86.305 55166.14693194 24.38 270.709521  36.593144 11.636
 84    86.213 55166.14693259 42.43 270.708521  36.596414 11.636
 85    89.266 55201.14695338 27.96 270.706456  36.586034  5.609
 85    89.100 55201.14695403 28.88 270.705466  36.589304  5.609
 85    88.707 55201.14695467 28.97 270.704470  36.592588 22.334
 85    88.641 55201.14695532 30.14 270.703470  36.595858 22.334
 85    88.639 55201.14695596 37.68 270.702470  36.599138 22.334
 85    88.599 55201.14695661 45.69 270.701480  36.602408 22.334
 85    88.630 55201.14695725 49.23 270.700480  36.605688 22.334
 86    90.908 55236.14693646 50.78 270.711813  36.584177 27.951
 86    90.993 55236.14693710 45.69 270.710813  36.587447 27.951
 86    90.817 55236.14693775 49.72 270.709823  36.590727 27.951
 86    90.918 55236.14693839 46.00 270.708823  36.593997 27.951
 86    90.974 55236.14693904 51.42 270.707825  36.597281 34.976
 87    89.242 55271.14694768 32.43 270.708100  36.587184 10.299
 87    89.061 55271.14694832 33.34 270.707100  36.590454 10.299
 87    89.133 55271.14694897 33.43 270.706107  36.593736 28.058
 87    89.294 55271.14694961 37.10 270.705107  36.597006 28.058
 87    89.239 55271.14695026 49.44 270.704107  36.600286 28.058
 88    89.222 55306.14691750 23.35 270.716020  36.580226 11.760
 88    89.289 55306.14691815 21.45 270.715020  36.583506 11.760
 88    89.050 55306.14691879 21.48 270.714030  36.586776 11.760
 88    88.923 55306.14691944 23.63 270.713030  36.590056 11.760
 89    91.824 55341.14691844 35.45 270.708962  36.585389 16.957
 89    91.688 55341.14691908 33.58 270.707962  36.588659 16.957
 89    91.570 55341.14691973 34.76 270.706972  36.591939 16.957
 89    91.753 55341.14692037 37.18 270.705977  36.595214 31.898
 89    91.737 55341.14692102 42.13 270.704977  36.598484 31.898
 89    91.765 55341.14692166 47.49 270.703977  36.601764 31.898
 90    89.508 55376.14691082 35.77 270.711263  36.584529 13.879
 90    89.356 55376.14691146 32.87 270.710273  36.587809 13.879
 90    89.427 55376.14691211 35.73 270.709273  36.591079 13.879
 90    89.514 55376.14691275 37.92 270.708282  36.594363 18.498
 90    89.497 55376.14691340 39.12 270.707282  36.597633 18.498
 91    87.927 55411.14693391 49.97 270.708443  36.584944 15.418
 91    87.866 55411.14693455 51.18 270.707453  36.588214 15.418
 91    87.766 55411.14693520 50.50 270.706456  36.591497 27.402
 91    87.899 55411.14693584 51.96 270.705456  36.594767 27.402
 91    87.833 55411.14693649 48.32 270.704466  36.598047 27.402
 91    87.779 55411.14693713 52.54 270.703466  36.601317 27.402
 92    87.711 55446.14692644 17.57 270.710953  36.583478  5.485
 92    87.265 55446.14692708 18.15 270.709953  36.586758  5.485
 92    86.744 55446.14692773 19.04 270.708963  36.590028  5.485
 92    84.853 55446.14692837 21.00 270.707963  36.593298  5.485
 92    84.880 55446.14692902 27.01 270.706970  36.596583 22.154
 92    84.948 55446.14692966 36.99 270.705970  36.599853 22.154
 93    86.284 55481.14685753 35.02 270.718674  36.576944 11.728
 93    85.631 55481.14685817 29.83 270.717684  36.580214 11.728
 93    85.409 55481.14685882 28.78 270.716684  36.583494 11.728
 93    85.396 55481.14685946 35.53 270.715694  36.586764 11.728
