-163900.714   119.671     0.00    4.29
-163524.535   120.072     1.07    4.54
-163148.391   119.945    -0.34    4.49
-162772.282   118.837    -2.95    4.61
-162396.207   117.326    -4.02    4.34
-162020.167   115.087    -5.96    4.33
-161644.161   113.889    -3.19    4.99
-161268.191   113.417    -1.25    5.38
-160892.255   112.908    -1.35    5.39
-160516.353   112.700    -0.55    6.00
-160140.486   112.391    -0.82    6.99
-159764.654   111.176    -3.23    8.09
-159388.857   109.649    -4.07    8.99
-159013.094   110.304     1.74    9.07
-158637.365   108.789    -4.03    8.25
-158261.671   108.186    -1.61    7.78
-157886.012   109.334     3.06    6.69
-157510.387   111.352     5.37    7.13
-157134.797   113.985     7.01    7.34
-156759.241   115.308     3.52    5.85
-156383.720   115.044    -0.70    5.01
-156008.233   113.167    -5.00    5.10
-155632.780   112.834    -0.89    4.73
-155257.363   112.908     0.20    4.73
-154881.979   112.809    -0.27    4.98
-154506.630   113.734     2.47    4.46
-154131.316   114.000     0.71    4.51
-153756.036   114.157     0.42    4.41
-153380.790   116.051     5.05    3.83
-153005.579   118.002     5.20    2.91
-152630.402   118.516     1.37    2.95
-152255.259   118.834     0.85    2.73
-151880.151   118.945     0.30    2.73
-151505.078   119.283     0.90    3.03
-151130.038   122.436     8.41    8.08
-150755.033   130.194    20.69   14.71
-150380.062   138.794    22.94   16.40
-150005.126   144.907    16.31   14.26
-149630.224   147.593     7.16   12.78
-149255.356   145.103    -6.64   12.77
-148880.522   139.891   -13.91   13.28
-148505.723   136.149    -9.99   11.90
-148130.958   130.908   -13.99    8.46
-147756.227   127.234    -9.81    6.31
-147381.530   124.587    -7.07    6.79
-147006.868   123.734    -2.28    6.72
-146632.240   123.763     0.08    7.48
-146257.646   123.574    -0.50    6.80
-145883.086   122.871    -1.88    5.57
-145508.561   121.662    -3.23    5.22
-145134.069   120.369    -3.45    4.64
-144759.612   117.519    -7.61    3.37
-144385.189   116.676    -2.25    3.38
-144010.800   118.658     5.30    5.89
-143636.445   122.021     8.98    6.74
-143262.124   125.587     9.53    5.53
-142887.838   130.209    12.35    7.86
-142513.585   132.686     6.62    8.82
-142139.367   137.337    12.43    9.92
-141765.182   138.946     4.30   10.41
-141391.032   132.163   -18.13   14.27
-141016.916   125.643   -17.43   14.33
-140642.833   119.945   -15.24   11.07
-140268.785   115.719   -11.30    4.61
-139894.771   116.530     2.17    4.21
-139520.791   120.891    11.66    8.12
-139146.844   125.963    13.57   10.16
-138772.932   131.371    14.46   11.55
-138399.054   139.022    20.47   15.68
-138025.209   143.241    11.29   16.64
-137651.399   147.149    10.45   15.26
-137277.623   149.228     5.56   11.26
-136903.880   150.297     2.86    9.03
-136530.171   151.278     2.63    7.07
-136156.497   153.176     5.08    6.72
-135782.856   155.926     7.36    8.65
-135409.249   161.126    13.92   11.07
-135035.676   167.253    16.40   11.79
-134662.137   172.472    13.97   10.86
-134288.631   178.061    14.97    6.74
-133915.160   176.016    -5.48    9.93
-133541.722   170.077   -15.90   11.25
-133168.318   164.315   -15.43   10.04
-132794.948   162.799    -4.06   10.78
-132421.611   168.278    14.68   14.01
-132048.309   173.248    13.31   12.97
-131675.040   176.846     9.64    8.67
-131301.805   174.581    -6.07    9.02
-130928.604   171.832    -7.37    6.85
-130555.436   172.247     1.11    6.79
-130182.303   175.002     7.38    7.96
-129809.202   179.593    12.31    8.79
-129436.136   182.551     7.93    9.24
-129063.103   182.587     0.09    8.01
-128690.104   184.738     5.77    9.48
-128317.139   187.064     6.24   10.62
-127944.207   190.463     9.12   10.85
-127571.309   195.103    12.44    9.49
-127198.445   197.851     7.37   10.98
-126825.614   201.334     9.34   10.89
-126452.817   203.199     5.00   10.18
-126080.053   204.220     2.74    9.14
-125707.323   204.172    -0.13    8.26
-125334.627   203.870    -0.81    9.78
-124961.964   203.398    -1.27   10.79
-124589.335   202.926    -1.27   12.46
-124216.739   201.766    -3.11   13.44
-123844.177   198.141    -9.73   14.60
-123471.649   194.945    -8.58   14.74
-123099.154   191.690    -8.74   13.89
-122726.692   187.908   -10.16   13.51
-122354.264   187.266    -1.72   12.60
-121981.869   188.355     2.92   11.58
-121609.508   191.103     7.38    8.93
-121237.181   194.890    10.17    7.34
-120864.886   198.138     8.73    5.90
-120492.626   199.297     3.11    6.22
-120120.398   199.676     1.02    6.25
-119748.204   199.080    -1.60    6.02
-119376.044   197.630    -3.90    4.71
-119003.917   197.040    -1.59    4.62
-118631.823   196.606    -1.17    4.79
-118259.763   196.266    -0.91    4.63
-117887.736   195.323    -2.54    4.09
-117515.742   195.318    -0.01    4.03
-117143.782   195.241    -0.21    3.52
-116771.855   195.465     0.60    4.05
-116399.962   197.105     4.41    4.30
-116028.101   198.228     3.02    4.49
-115656.274   198.551     0.87    4.72
-115284.481   197.870    -1.83    6.26
-114912.720   195.260    -7.02    9.62
-114540.993   190.454   -12.93   12.54
-114169.299   185.061   -14.51   13.98
-113797.639   181.694    -9.06   12.04
-113426.011   179.311    -6.41   10.12
-113054.417   179.852     1.46    9.20
-112682.856   183.042     8.58    7.47
-112311.329   186.834    10.21    9.19
-111939.834   190.834    10.77   11.08
-111568.373   197.061    16.77   10.64
-111196.945   202.889    15.69    6.96
-110825.550   206.624    10.06    5.09
-110454.188   207.851     3.30    3.95
-110082.859   208.172     0.86    4.82
-109711.564   207.241    -2.51    5.32
-109340.301   204.734    -6.75    5.56
-108969.072   202.982    -4.72    5.75
-108597.876   200.417    -6.91    5.26
-108221.409   198.301    -5.62    5.45
-107843.519   197.700    -1.59    6.20
-107465.663   196.334    -3.62    6.69
-107087.841   195.455    -2.33    7.51
-106710.054   192.964    -6.59    7.09
-106332.301   190.526    -6.45    6.10
-105954.583   188.436    -5.53    6.16
-105576.898   186.641    -4.75    6.16
-105199.248   185.662    -2.59    5.41
-104821.633   185.223    -1.16    6.34
-104444.052   186.069     2.24    6.07
-104066.505   189.286     8.52    8.60
-103688.992   195.926    17.59   10.81
-103311.513   200.983    13.40    9.34
-102934.069   201.072     0.24   10.17
-102556.659   197.186   -10.30   11.80
-102179.283   192.519   -12.37   10.75
-101801.942   189.641    -7.63    7.57
-101424.634   188.606    -2.74    5.37
-101047.361   188.635     0.08    5.19
-100670.122   188.228    -1.08    6.10
-100292.917   185.304    -7.75    6.44
 -99915.747   180.212   -13.50   11.43
 -99538.610   174.738   -14.52   14.00
 -99161.508   167.926   -18.06   14.36
 -98784.440   163.234   -12.45   12.08
 -98407.406   166.167     7.78   13.34
 -98030.406   173.676    19.92   13.26
 -97653.440   179.946    16.63    8.74
 -97276.508   181.033     2.89    7.69
 -96899.610   178.983    -5.44    8.36
 -96522.746   174.172   -12.77    6.52
 -96145.917   171.946    -5.91    5.20
 -95769.121   171.040    -2.40    4.32
 -95392.359   170.341    -1.85    4.77
 -95015.632   171.946     4.26    5.88
 -94638.938   174.635     7.14    8.22
 -94262.278   175.738     2.93    8.76
 -93885.653   177.963     5.91    7.35
 -93509.061   178.385     1.12    6.16
 -93132.503   176.190    -5.83    6.85
 -92755.980   174.465    -4.58    6.04
 -92379.490   173.999    -1.24    5.75
 -92003.034   173.907    -0.24    5.80
 -91626.612   174.172     0.70    5.47
 -91250.224   172.568    -4.26    5.96
 -90873.870   169.726    -7.55    5.91
 -90497.549   166.408    -8.82    4.60
 -90121.263   164.134    -6.04    3.49
 -89745.010   162.635    -3.98    4.60
 -89368.792   160.599    -5.41    5.00
 -88992.607   158.983    -4.30    4.87
 -88616.456   156.965    -5.37    3.59
 -88240.339   158.662     4.51    6.47
 -87864.255   162.998    11.53    8.91
 -87488.205   167.652    12.38    9.77
 -87112.190   173.730    16.17    9.05
 -86736.208   176.234     6.66    6.81
 -86360.259   174.945    -3.43    7.63
 -85984.345   172.599    -6.24    7.97
 -85608.464   170.792    -4.81    6.11
 -85232.617   171.908     2.97    6.36
 -84856.803   174.126     5.90    5.66
 -84481.024   174.158     0.09    6.00
 -84105.278   172.334    -4.86    6.06
 -83729.565   171.500    -2.22    5.50
 -83353.887   168.726    -7.38    5.78
 -82978.242   165.253    -9.25    6.81
 -82602.631   161.694    -9.48    5.35
 -82227.053   160.706    -2.63    4.98
 -81851.509   164.058     8.93    6.87
 -81475.998   169.587    14.72    7.82
 -81100.522   174.691    13.60    8.36
 -80725.078   178.712    10.71    6.98
 -80349.669   180.794     5.55    5.02
 -79974.293   183.278     6.62    4.90
 -79598.950   183.869     1.57    4.92
 -79223.641   183.908     0.10    5.24
 -78848.366   181.061    -7.59    7.81
 -78473.124   174.358   -17.87    9.01
 -78097.916   167.797   -17.49    8.39
 -77722.741   163.889   -10.42    6.78
 -77347.600   161.040    -7.60    5.38
 -76972.492   159.946    -2.92    5.45
 -76597.418   160.587     1.71    5.69
 -76222.377   160.447    -0.37    4.77
 -75847.369   161.574     3.01    6.07
 -75472.395   162.794     3.25    5.97
 -75097.455   162.926     0.35    6.09
 -74722.548   160.907    -5.39    6.08
 -74347.674   160.832    -0.20    6.27
 -73972.834   162.568     4.63    7.17
 -73598.027   164.573     5.35    6.04
 -73223.254   164.204    -0.99    5.99
 -72848.513   160.926    -8.75    8.00
 -72473.807   158.123    -7.48    7.14
 -72099.133   159.407     3.43    9.13
 -71724.493   163.074     9.79   10.05
 -71349.886   167.772    12.54    7.05
 -70975.313   169.323     4.14    6.33
 -70600.773   168.599    -1.93    6.01
 -70226.266   167.706    -2.38    6.04
 -69851.793   167.141    -1.51    6.95
 -69477.352   168.587     3.86    7.42
 -69102.945   170.745     5.76    7.56
 -68728.572   173.204     6.57    6.32
 -68354.231   173.473     0.72    5.00
 -67979.924   171.801    -4.47    5.33
 -67605.650   167.846   -10.57    7.27
 -67231.409   162.890   -13.24    7.04
 -66857.201   160.473    -6.46    5.46
 -66483.027   162.587     5.65    7.45
 -66108.886   166.630    10.81    8.24
 -65734.778   171.240    12.32    8.09
 -65360.703   174.516     8.76    7.53
 -64986.661   174.311    -0.55    7.30
 -64612.652   172.624    -4.51    8.04
 -64238.677   170.984    -4.39    7.86
 -63864.734   168.908    -5.55    7.44
 -63490.825   162.946   -15.95   10.88
 -63116.949   154.811   -21.76   14.53
 -62743.106   148.037   -18.12   12.35
 -62369.296   145.667    -6.34    9.07
 -61995.519   148.003     6.25   10.65
 -61621.775   153.099    13.64    9.15
 -61248.064   155.398     6.15    8.73
 -60874.386   159.072     9.83    8.69
 -60500.741   163.556    12.00    8.15
 -60127.129   167.247     9.88    6.25
 -59753.551   167.908     1.77    5.52
 -59380.005   165.869    -5.46    6.80
 -59006.492   163.297    -6.89    7.54
 -58633.012   160.657    -7.07    9.55
 -58259.565   159.119    -4.12    9.81
 -57886.151   159.871     2.01    9.44
 -57512.770   160.984     2.98    8.24
 -57139.422   163.508     6.76    8.43
 -56766.107   165.473     5.26    8.77
 -56392.824   165.355    -0.32    9.28
 -56019.575   164.889    -1.25    8.92
 -55646.359   165.700     2.17    8.28
 -55273.175   166.926     3.29    7.33
 -54900.024   168.456     4.10    7.51
 -54526.906   171.069     7.00    7.76
 -54153.821   172.686     4.33    6.86
 -53780.769   174.760     5.56    5.82
 -53407.749   177.058     6.16    4.47
 -53034.763   178.080     2.74    4.85
 -52661.809   179.074     2.67    4.70
 -52288.888   179.077     0.01    4.85
 -51916.000   179.283     0.55    4.40
 -51543.144   178.587    -1.87    3.93
 -51170.322   177.037    -4.16    4.78
 -50797.532   176.196    -2.26    4.78
 -50424.774   176.176    -0.05    4.05
 -50052.050   177.253     2.89    3.63
 -49679.358   178.080     2.22    3.56
 -49306.699   178.455     1.00    4.41
 -48934.073   177.945    -1.37    4.71
 -48561.479   176.753    -3.20    5.38
 -48188.918   175.465    -3.46    6.04
 -47816.390   173.568    -5.09    6.36
 -47443.894   171.364    -5.92    7.15
 -47071.431   168.241    -8.38    6.60
 -46699.000   165.888    -6.32    7.02
 -46326.603   162.963    -7.86    7.10
 -45954.237   159.926    -8.15    6.99
 -45581.905   158.623    -3.50    6.82
 -45209.605   156.122    -6.72    7.92
 -44837.337   155.657    -1.25    9.00
 -44465.103   154.757    -2.42    9.25
 -44092.900   153.926    -2.23    8.19
 -43720.731   150.617    -8.89    7.43
 -43348.593   146.766   -10.35    6.91
 -42976.489   143.837    -7.87    5.94
 -42604.417   142.888    -2.55    5.89
 -42232.377   146.649    10.11    9.20
 -41860.370   151.908    14.14    8.71
 -41488.395   154.426     6.77    6.45
 -41116.453   153.426    -2.69    6.67
 -40744.543   150.181    -8.73    7.14
 -40372.666   147.093    -8.30    6.52
 -40000.821   146.311    -2.10    7.00
 -39629.009   149.556     8.73    9.71
 -39257.229   155.426    15.79   11.13
 -38885.482   161.964    17.59   11.89
 -38513.767   167.285    14.31   10.02
 -38142.084   167.964     1.83    8.73
 -37770.434   163.235   -12.72   10.56
 -37398.816   158.022   -14.03    9.45
 -37027.230   155.024    -8.07    8.05
 -36655.677   157.926     7.81   10.86
 -36284.156   163.190    14.17    9.98
 -35912.668   166.769     9.63    7.18
 -35541.211   164.813    -5.27    7.76
 -35169.788   159.734   -13.68    7.98
 -34798.396   155.908   -10.30    7.69
 -34427.037   154.272    -4.40    6.52
 -34055.710   155.290     2.74    6.86
 -33684.415   159.691    11.85    9.03
 -33308.210   165.247    14.77    8.22
 -32930.394   168.612     8.91    6.53
 -32552.612   168.226    -1.02    7.49
 -32174.863   163.516   -12.47    9.23
 -31797.147   156.945   -17.40    8.75
 -31419.465   151.889   -13.39    7.39
 -31041.817   147.599   -11.36    7.77
 -30664.202   144.119    -9.22    8.13
 -30286.620   143.462    -1.74    9.50
 -29909.072   143.240    -0.59   10.26
 -29531.557   143.516     0.73   10.55
 -29154.076   142.792    -1.92    9.33
 -28776.628   138.681   -10.89    8.38
 -28399.213   135.040    -9.65    6.31
 -28021.831   132.632    -6.38    6.46
 -27644.483   132.435    -0.52    6.78
 -27267.169   133.887     3.85    7.10
 -26889.887   132.908    -2.59    6.79
 -26512.639   131.209    -4.50    8.07
 -26135.425   129.794    -3.75    8.20
 -25758.243   125.260   -12.02    8.41
 -25381.095   121.766    -9.26    9.49
 -25003.980   118.667    -8.22   13.08
 -24626.899   108.613   -26.66   16.16
 -24249.850   102.545   -16.09   15.95
 -23872.835   100.465    -5.52   16.11
 -23495.853   100.341    -0.33   16.27
 -23118.905   104.563    11.20   14.36
 -22741.989   105.946     3.67   10.97
 -22365.107   109.908    10.51    8.34
 -21988.258   114.926    13.32    8.19
 -21611.442   118.254     8.83    6.94
 -21234.659   118.285     0.08    7.19
 -20857.910   116.292    -5.29    7.02
 -20481.193   112.944    -8.89    4.64
 -20104.510   112.346    -1.59    3.42
 -19727.860   113.526     3.13    3.21
 -19351.243   114.465     2.49    3.50
 -18974.659   114.815     0.93    4.05
 -18598.108   114.315    -1.33    5.30
 -18221.590   113.792    -1.39    5.91
 -17845.106   111.480    -6.14    7.85
 -17468.654   105.566   -15.71   12.52
 -17092.236    99.963   -14.89   13.00
 -16715.850    98.360    -4.26   12.77
 -16339.498   101.619     8.66   13.86
 -15963.178   109.519    20.99    8.90
 -15586.892   111.599     5.53    6.03
 -15210.638   110.176    -3.78    7.42
 -14834.418   108.220    -5.20    6.21
 -14458.230   108.667     1.19    5.52
 -14082.076   110.042     3.65    5.66
 -13705.954   113.103     8.14    6.60
 -13329.865   115.889     7.41    5.84
 -12953.810   115.965     0.20    6.66
 -12577.787   114.890    -2.86    7.02
 -12201.797   113.064    -4.86    5.47
 -11825.840   114.000     2.49    5.53
 -11449.916   113.215    -2.09    6.08
 -11074.025   110.652    -6.82    6.93
 -10698.167   106.983    -9.76    7.21
 -10322.341   103.888    -8.24    6.93
  -9946.549   101.526    -6.28    7.76
  -9570.789   102.407     2.34    8.60
  -9195.062   102.519     0.30    8.79
  -8819.368   104.706     5.82    8.32
  -8443.707   106.522     4.83    5.71
  -8068.078   107.849     3.53    4.93
  -7692.482   111.162     8.82    5.18
  -7316.919   114.345     8.48    6.86
  -6941.389   116.304     5.22   11.52
  -6565.892   118.760     6.54    9.74
  -6190.427   122.760    10.65    8.18
  -5814.995   125.696     7.82    8.84
  -5439.596   125.734     0.10    8.78
  -5064.230   126.086     0.94    8.66
  -4688.896   126.209     0.33    7.78
  -4313.595   124.349    -4.96    6.29
  -3938.326   120.554   -10.11    9.35
  -3563.091   115.614   -13.16   15.56
  -3187.888   112.769    -7.58   13.38
  -2812.717   108.657   -10.96   12.76
  -2437.580   105.811    -7.59   17.48
  -2062.474   102.965    -7.59   20.48
  -1687.402   102.077    -2.37   22.40
  -1312.362    95.279   -18.13   31.59
   -937.355    75.106   -53.79   48.31
   -562.380    44.638   -81.25   51.78
   -187.438    15.486   -77.75   35.36
    187.472    -0.659   -43.06    6.84
    562.349    -1.734    -2.87    1.45
    937.193    -1.365     0.99    2.51
   1312.005    -0.799     1.51    3.46
   1686.784    -0.554     0.65    3.59
   2061.531     6.426    18.63   17.64
   2436.245    25.417    50.68   39.73
   2810.927    35.889    27.95   40.00
   3185.577    37.260     3.66   37.57
   3560.193    32.508   -12.68   31.15
   3934.778    27.240   -14.06   21.18
   4309.330    39.398    32.46   32.33
   4683.849    57.220    47.59   37.67
   5058.336    69.691    33.30   34.18
   5432.791    75.871    16.50   32.91
   5807.213    73.526    -6.26   31.19
   6181.603    76.766     8.65   28.86
   6555.960    83.247    17.31   27.49
   6930.285    90.654    19.79   27.36
   7304.578   103.946    35.51   19.87
   7678.838   109.926    15.98   14.59
   8053.066   107.587    -6.25   14.32
   8427.262   105.446    -5.72   17.22
   8801.425    92.223   -35.34   27.78
   9175.556    77.789   -38.58   28.74
   9549.654    74.435    -8.96   28.16
   9923.721    83.407    23.98   31.59
  10297.755   101.061    47.20   24.36
  10671.756   114.963    37.17   16.26
  11045.726   122.080    19.03    7.76
  11419.663   118.363    -9.94   13.57
  11793.568   109.646   -23.31   23.51
  12167.441    94.500   -40.51   30.35
  12541.281    83.446   -29.57   29.62
  12915.089    79.304   -11.08   27.38
  13288.865    77.334    -5.27   26.50
  13662.609    75.138    -5.88   25.17
  14036.321    78.391     8.70   24.16
  14410.000    82.985    12.30   22.65
  14783.647    84.492     4.03   20.09
  15157.262    90.926    17.22   17.50
  15530.845    91.190     0.71   17.23
  15904.396    91.388     0.53   17.46
  16277.915    93.005     4.33   16.79
  16651.401    98.999    16.05   17.08
  17024.856   103.811    12.88   17.12
  17398.278   113.093    24.86   13.28
  17771.668   116.715     9.70   11.22
  18145.027   120.574    10.34    6.82
  18518.353   122.988     6.46    7.03
  18891.647   126.272     8.80    7.79
  19264.909   132.407    16.43    9.14
  19638.139   137.456    13.53    8.43
  20011.337   140.981     9.45    6.23
  20384.502   142.613     4.37    4.97
  20757.636   142.926     0.84    6.03
  21130.738   143.579     1.75    5.65
  21503.808   145.671     5.61    5.72
  21876.846   146.301     1.69    5.20
  22249.852   144.730    -4.21    6.39
  22622.826   142.022    -7.26    8.37
  22995.768   137.058   -13.31    9.24
  23368.678   132.005   -13.55    7.54
  23741.556   128.580    -9.18    7.58
  24114.402   125.964    -7.02    7.13
  24487.217   127.572     4.31    8.63
  24859.999   129.889     6.21    7.51
  25232.750   132.573     7.20    6.56
  25605.468   132.190    -1.03    6.83
  25978.155   128.388   -10.20    6.91
  26350.810   127.417    -2.60    7.12
  26723.433   126.495    -2.48    6.73
  27096.024   126.599     0.28    6.47
  27468.584   126.769     0.46    7.02
  27841.111   126.388    -1.02    6.78
  28213.607   127.297     2.44    5.69
  28586.071   128.866     4.21    4.57
  28958.503   126.462    -6.46    5.85
  29330.903   124.813    -4.43    5.61
  29703.272   125.345     1.43    5.97
  30075.609   124.772    -1.54    6.38
  30447.914   119.676   -13.69   10.82
  30820.187   110.889   -23.60   15.63
  31192.429    99.632   -30.24   17.06
  31564.639    92.054   -20.36   13.07
  31936.817    87.906   -11.14    9.89
  32308.964    93.145    14.08   13.20
  32681.078    99.495    17.07   12.47
  33053.161   104.112    12.41   12.07
  33425.213   104.624     1.38   12.27
  33797.233    96.965   -20.59   13.89
  34169.221    90.490   -17.41   12.50
  34541.177    85.983   -12.12    9.47
  34913.102    82.445    -9.51    9.66
  35284.995    84.966     6.78   12.42
  35656.857    91.019    16.28   16.03
  36028.687    94.966    10.61   16.05
  36400.485    99.515    12.23   14.03
  36772.252   104.887    14.45   12.25
  37143.988   107.103     5.96   12.71
  37515.691   113.090    16.11    9.88
  37887.363   118.138    13.58    8.67
  38259.004   124.021    15.83    8.26
  38630.613   129.064    13.57    7.46
  39002.191   130.058     2.68    6.56
  39373.737   128.426    -4.39    7.14
  39745.251   123.260   -13.91    8.48
  40116.734   116.867   -17.21    8.00
  40488.186   113.260    -9.71    8.04
  40859.606   114.465     3.24    8.30
  41230.994   117.643     8.56    9.78
  41606.992   123.064    14.42   10.12
  41984.740   129.338    16.61    7.93
  42362.456   134.201    12.87    7.52
  42740.139   136.114     5.06    6.78
  43117.789   135.083    -2.73    7.58
  43495.406   129.215   -15.54    8.04
  43872.991   123.398   -15.40    7.95
  44250.544   118.260   -13.61    8.58
  44628.064   114.635    -9.60    8.00
  45005.551   110.946    -9.77    6.36
  45383.006   108.613    -6.18    6.29
  45760.428   105.417    -8.47    8.47
  46137.818   101.080   -11.49    7.52
  46515.175   100.002    -2.86    7.63
  46892.500   102.338     6.19    9.30
  47269.792   106.572    11.22    7.13
  47647.052   108.103     4.06    6.47
  48024.279   110.515     6.39    8.62
  48401.474   110.066    -1.19    9.71
  48778.637   107.272    -7.41   11.85
  49155.767   103.456   -10.12    9.05
  49532.864   105.417     5.20   13.47
  49909.930   112.260    18.15   18.72
  50286.962   120.122    20.85   21.01
  50663.963   121.417     3.43   21.78
  51040.931   118.866    -6.76   21.65
  51417.866   115.907    -7.85   20.65
  51794.770   117.652     4.63   21.05
  52171.641   126.530    23.56   22.30
  52548.479   129.822     8.74   21.06
  52925.286   124.542   -14.01   18.68
  53302.059   120.828    -9.86   14.55
  53678.801   119.554    -3.38   11.02
  54055.510   119.834     0.74    9.38
  54432.187   121.318     3.94    9.25
  54808.832   122.417     2.92   10.41
  55185.445   126.030     9.59   15.09
  55562.025   132.926    18.31   17.95
  55938.573   144.907    31.81   17.17
  56315.089   157.358    33.07   12.09
  56691.572   163.072    15.18   10.42
  57068.024   167.220    11.02    7.79
  57444.443   167.662     1.17    6.91
  57820.830   163.864   -10.09    9.77
  58197.184   160.119    -9.95   11.00
  58573.507   156.734    -8.99   10.49
  58949.797   154.711    -5.38   10.61
  59326.055   156.090     3.67   10.82
  59702.281   156.240     0.40   10.90
  60078.475   154.700    -4.09   10.33
  60454.637   152.718    -5.27   10.34
  60830.767   151.849    -2.31    8.87
  61206.864   155.495     9.69    8.93
  61582.930   159.593    10.90    9.63
  61958.963   164.763    13.75    9.36
  62334.964   169.181    11.75    6.50
  62710.934   170.926     4.64    5.00
  63086.871   169.826    -2.93    5.69
  63462.776   166.215    -9.61    5.61
  63838.649   163.593    -6.97    4.97
  64214.490   161.279    -6.16    5.30
  64590.299   157.508   -10.03    7.87
  64966.076   152.811   -12.50    9.32
  65341.821   147.719   -13.55    7.64
  65717.534   146.046    -4.45    6.04
  66093.215   146.511     1.24    6.00
  66468.865   148.103     4.24    5.52
  66844.482   148.397     0.78    6.63
  67220.067   145.574    -7.51    9.19
  67595.620   144.138    -3.83   10.30
  67971.142   142.662    -3.93   10.61
  68346.631   142.632    -0.08   10.98
  68722.089   147.757    13.65   10.97
  69097.514   153.046    14.09   12.56
  69472.908   157.311    11.36   12.65
  69848.270   161.234    10.45   13.52
  70223.600   165.426    11.17   13.24
  70598.898   171.815    17.02    9.08
  70974.164   174.142     6.20    4.80
  71349.399   172.681    -3.89    4.96
  71724.601   171.155    -4.07    5.28
  72099.772   169.042    -5.63    4.88
  72474.911   165.388    -9.74    5.80
  72850.018   161.926    -9.23    6.47
  73225.094   158.126   -10.13    6.54
  73600.138   154.515    -9.63    5.34
  73975.149   152.700    -4.84    4.60
  74350.130   152.489    -0.56    4.79
  74725.078   155.022     6.76    6.86
  75099.995   158.201     8.48    7.63
  75474.879   159.887     4.50    8.06
  75849.733   163.145     8.69    9.53
  76224.554   165.465     6.19    9.93
  76599.344   168.153     7.17   10.30
  76974.102   169.573     3.79    9.51
  77348.828   170.002     1.14    8.20
  77723.523   169.641    -0.96    6.49
  78098.186   171.285     4.39    5.98
  78472.818   173.388     5.61    5.04
  78847.418   175.503     5.65    5.21
  79221.986   177.371     4.99    5.53
  79596.522   177.103    -0.72    5.83
  79971.027   176.624    -1.28    5.59
  80345.501   175.239    -3.70    6.20
  80719.942   174.926    -0.83    6.16
  81094.353   175.691     2.04    5.62
  81468.731   176.426     1.96    4.54
  81843.078   178.323     5.07    4.52
  82217.394   180.769     6.54    4.85
  82591.678   184.456     9.85    5.43
  82965.930   187.232     7.42    5.07
  83340.151   187.907     1.80    3.82
  83714.341   188.294     1.03    2.54
  84088.498   187.730    -1.51    2.21
  84462.625   187.811     0.22    2.50
  84836.720   189.220     3.77    2.84
  85210.783   191.190     5.27    2.66
  85584.815   192.619     3.82    2.89
  85958.816   193.292     1.80    2.67
  86332.785   193.468     0.47    2.87
  86706.723   193.299    -0.45    3.59
  87080.629   193.377     0.21    4.65
  87454.504   194.006     1.68    4.75
  87828.347   194.676     1.79    4.71
  88202.159   194.215    -1.23    4.09
  88575.940   193.750    -1.24    2.94
  88949.689   194.789     2.78    2.64
  89323.407   195.907     2.99    2.53
  89697.094   197.135     3.29    3.29
  90070.749   196.849    -0.76    2.94
  90444.373   197.253     1.08    2.93
  90817.965   197.946     1.85    2.99
  91191.526   199.240     3.46    3.64
  91565.056   199.657     1.12    3.21
  91938.555   200.554     2.40    3.42
  92312.022   201.426     2.34    3.71
  92685.458   201.671     0.66    3.48
  93058.863   202.743     2.87    3.56
  93432.237   203.867     3.01    3.52
  93805.579   205.561     4.54    3.08
  94178.890   207.003     3.86    3.17
  94552.170   208.866     4.99    3.13
  94925.419   210.279     3.79    2.94
  95298.636   211.426     3.07    2.82
  95671.822   212.801     3.68    3.32
  96044.977   214.099     3.48    3.63
  96418.101   214.848     2.01    3.68
  96791.194   215.299     1.21    3.64
  97164.255   216.809     4.05    3.89
  97537.286   217.832     2.74    3.66
  97910.285   219.786     5.24    2.88
  98283.253   220.686     2.41    2.18
  98656.190   220.080    -1.63    2.75
  99029.096   218.572    -4.04    3.45
  99401.970   216.492    -5.58    3.85
  99774.814   214.286    -5.92    3.59
 100147.627   213.247    -2.79    3.50
 100520.408   212.561    -1.84    3.21
 100893.159   211.981    -1.56    3.25
 101265.878   210.495    -3.99    3.79
 101638.566   209.005    -4.00    4.43
 102011.224   206.753    -6.04    4.30
 102383.850   204.447    -6.19    3.76
 102756.445   202.112    -6.27    4.26
 103129.009   198.766    -8.98    4.51
 103501.542   197.537    -3.30    3.69
 103874.045   198.176     1.71    4.85
 104246.516   200.630     6.59    5.62
 104618.956   204.593    10.64    3.96
 104991.366   206.769     5.84    3.47
 105363.744   207.789     2.74    2.56
 105736.091   207.477    -0.84    2.25
 106108.408   206.871    -1.63    2.35
 106480.694   205.299    -4.22    2.08
 106852.948   203.563    -4.66    2.42
 107225.172   202.446    -3.00    2.59
 107597.365   201.526    -2.47    2.60
 107969.527   200.546    -2.63    2.68
 108341.658   199.580    -2.60    2.85
 108713.758   198.358    -3.28    3.07
 109085.828   196.726    -4.38    3.19
 109457.866   196.473    -0.68    2.78
 109829.874   195.766    -1.90    2.74
 110201.851   196.035     0.72    2.99
 110573.797   195.360    -1.81    3.41
 110945.712   194.181    -3.17    3.65
 111317.597   192.632    -4.16    3.78
 111689.450   190.561    -5.57    3.65
 112061.273   188.549    -5.41    3.55
 112433.066   187.386    -3.13    3.34
 112804.827   186.379    -2.71    3.41
 113176.558   184.826    -4.18    3.05
 113548.257   184.672    -0.42    3.03
 113919.927   185.201     1.42    3.21
 114291.565   186.278     2.90    3.00
 114663.173   187.456     3.17    2.09
 115034.750   187.142    -0.84    2.24
 115406.296   186.130    -2.72    2.23
 115777.812   185.561    -1.53    2.16
 116149.297   184.726    -2.25    2.13
 116525.153   184.326    -1.06    2.29
 116902.833   183.417    -2.41    2.37
 117280.480   182.534    -2.34    2.24
 117658.096   182.153    -1.01    2.33
 118035.680   181.888    -0.70    2.29
 118413.232   181.377    -1.35    2.16
 118790.753   181.379     0.00    2.19
 119168.241   181.106    -0.72    1.85
 119545.699   180.158    -2.51    2.02
 119923.124   179.080    -2.86    2.46
 120300.518   177.775    -3.46    2.92
 120677.880   176.613    -3.08    2.32
 121055.210   175.986    -1.66    2.24
 121432.509   175.794    -0.51    2.43
 121809.776   175.806     0.03    2.53
 122187.011   175.490    -0.84    2.56
 122564.215   174.515    -2.59    2.37
 122941.387   173.285    -3.26    2.47
 123318.528   172.358    -2.46    2.03
 123695.637   172.318    -0.10    2.11
 124072.714   173.926     4.26    2.81
 124449.760   175.166     3.29    2.69
 124826.774   176.019     2.26    2.04
 125203.757   176.003    -0.04    1.99
 125580.708   175.926    -0.20    1.85
 125957.627   176.534     1.61    2.15
 126334.515   177.697     3.09    2.54
 126711.372   178.040     0.91    2.28
 127088.197   177.534    -1.34    2.56
 127464.990   176.349    -3.14    2.71
 127841.752   174.769    -4.19    2.48
 128218.483   174.619    -0.40    2.56
 128595.182   174.691     0.19    2.40
 128971.849   174.572    -0.32    2.16
 129348.486   173.573    -2.65    2.81
 129725.090   171.534    -5.41    2.62
 130101.664   170.083    -3.85    2.22
 130478.205   168.907    -3.12    2.07
 130854.716   169.064     0.42    2.38
 131231.195   169.515     1.20    2.48
 131607.642   169.822     0.82    2.01
 131984.059   169.573    -0.66    1.73
 132360.444   169.506    -0.18    1.33
 132736.797   169.246    -0.69    1.33
 133113.119   168.984    -0.70    1.39
 133489.410   169.064     0.21    1.28
 133865.669   169.299     0.63    1.28
 134241.898   169.218    -0.21    1.32
 134618.094   168.138    -2.87    2.20
 134994.260   166.806    -3.54    2.51
 135370.394   165.338    -3.90    2.33
 135746.497   164.000    -3.56    2.39
 136122.569   163.215    -2.09    2.15
 136498.609   163.606     1.04    2.43
 136874.618   164.151     1.45    1.86
 137250.596   164.002    -0.40    1.86
 137626.543   163.397    -1.61    2.03
 138002.458   162.326    -2.85    1.37
 138378.342   162.167    -0.42    1.37
 138754.195   162.253     0.23    1.52
 139130.017   161.999    -0.68    1.79
 139505.808   161.426    -1.52    2.15
 139881.567   159.964    -3.89    2.30
 140257.295   158.314    -4.39    2.01
 140632.992   157.573    -1.97    1.83
 141008.658   157.285    -0.77    1.89
 141384.293   157.253    -0.08    1.70
 141759.897   157.519     0.71    1.76
 142135.469   157.064    -1.21    2.23
 142511.011   154.234    -7.53    5.61
 142886.521   151.166    -8.17    6.51
 143262.000   148.757    -6.42    6.89
 143637.448   147.119    -4.36    7.49
 144012.865   147.338     0.58    7.39
 144388.251   147.000    -0.90    6.70
 144763.606   147.397     1.06    5.26
 145138.930   149.371     5.26    3.15
 145514.223   150.886     4.04    4.13
 145889.485   153.587     7.19    3.57
 146264.715   155.495     5.08    2.24
 146639.915   156.083     1.57    1.80
 147015.084   155.624    -1.22    2.34
 147390.222   154.397    -3.27    2.60
 147765.329   153.549    -2.26    2.54
 148140.404   152.126    -3.79    2.65
 148515.449   150.593    -4.09    2.64
 148890.463   149.715    -2.34    2.36
 149265.446   148.778    -2.50    2.16
 149640.398   148.495    -0.76    2.48
 150015.319   148.266    -0.61    2.32
 150390.210   147.285    -2.62    2.76
 150765.069   145.486    -4.80    3.12
 151139.897   143.926    -4.16    2.72
 151514.695   142.358    -4.18    2.46
 151889.461   141.741    -1.64    2.22
 152264.197   141.475    -0.71    2.45
 152638.902   142.022     1.46    2.92
 153013.576   142.789     2.05    3.58
 153388.220   142.396    -1.05    3.46
 153762.832   142.260    -0.36    3.46
 154137.414   142.260     0.00    3.72
 154511.964   141.654    -1.62    3.35
 154886.484   141.715     0.16    2.52
 155260.974   143.167     3.88    2.83
 155635.432   144.766     4.27    2.86
 156009.860   146.358     4.25    2.95
 156384.257   148.220     4.97    3.04
 156758.623   150.866     7.07    3.38
 157132.958   152.549     4.49    2.97
 157507.263   153.279     1.95    2.23
 157881.537   153.163    -0.31    2.05
 158255.780   152.181    -2.62    2.25
 158629.992   150.926    -3.35    2.11
 159004.174   149.613    -3.51    2.18
 159378.325   148.783    -2.22    2.16
 159752.446   147.964    -2.19    2.56
 160126.536   146.559    -3.76    3.08
 160500.595   145.323    -3.30    3.08
 160874.623   143.554    -4.73    2.32
 161248.621   142.204    -3.61    2.31
 161622.588   140.632    -4.20    2.37
 161996.525   139.466    -3.12    2.14
 162370.431   138.676    -2.11    1.91
 162744.306   137.885    -2.12    1.64
 163118.151   136.606    -3.42    2.10
 163491.965   135.266    -3.58    1.98
 163865.749   134.436    -2.22    1.61
 164239.502   134.142    -0.79    2.06
 164613.224   134.279     0.37    2.16
 164986.916   134.566     0.77    1.80
 165360.578   133.946    -1.66    2.28
 165734.209   132.809    -3.04    3.18
 166107.809   130.843    -5.26    3.06
 166481.379   128.848    -5.34    2.76
 166854.918   128.086    -2.04    2.84
 167228.427   127.134    -2.55    2.84
 167601.906   125.546    -4.25    3.74
 167975.354   123.966    -4.23    4.00
 168348.771   122.495    -3.94    3.68
 168722.158   121.301    -3.20    3.56
 169095.515   119.377    -5.15    4.45
 169468.841   117.334    -5.47    4.48
 169842.137   115.044    -6.13    4.38
 170215.402   112.828    -5.93    3.62
 170588.637   112.196    -1.69    3.19
 170961.841   111.426    -2.06    3.23
 171335.015   109.142    -6.12    4.99
 171708.159   107.828    -3.52    6.00
 172081.272   106.447    -3.70    5.62
 172454.356   105.201    -3.34    4.29
 172827.408   106.846     4.41    3.15
 173200.430   106.691    -0.42    2.27
 173573.422   107.456     2.05    2.98
 173946.384   107.867     1.10    2.87
 174319.315   107.417    -1.21    3.29
 174692.216   108.730     3.52    5.27
 175065.087   114.201    14.67   10.13
 175437.928   120.072    15.74   10.31
 175810.738   123.318     8.71    7.30
 176183.518   122.986    -0.89    5.87
 176556.267   119.417    -9.58    6.06
 176928.987   114.580   -12.97    5.82
 177301.676   111.338    -8.70    4.85
 177674.335   109.279    -5.52    2.76
 178046.964   110.083     2.16    4.23
 178419.562   113.573     9.37    6.77
 178792.130   117.718    11.12    8.10
 179164.669   121.946    11.35    7.50
 179537.176   125.806    10.36    4.27
 179909.654   126.907     2.95    4.29
 180282.102   126.869    -0.10    4.90
 180654.519   127.515     1.73    5.34
 181026.906   130.064     6.84    5.01
 181399.264   131.846     4.79    3.97
 181771.591   131.522    -0.87    4.04
 182143.887   129.343    -5.85    5.75
 182516.154   125.220   -11.07    7.35
 182888.391   119.686   -14.86    6.71
 183260.597   117.299    -6.41    4.94
 183632.774   116.811    -1.31    3.65
 184004.920   118.064     3.37    4.08
 184377.037   121.279     8.64    4.83
 184749.123   123.606     6.25    4.13
 185121.179   124.926     3.55    3.22
 185493.205   125.885     2.58    2.25
 185865.202   126.867     2.64    2.55
 186237.168   128.286     3.81    3.14
 186609.104   129.632     3.62    2.63
 186981.010   130.848     3.27    2.26
 187352.886   132.366     4.08    2.44
 187724.732   133.338     2.61    2.87
 188096.549   134.446     2.98    3.18
 188468.335   134.985     1.45    3.07
 188840.091   133.864    -3.02    3.55
 189211.817   132.318    -4.16    3.63
 189583.514   130.843    -3.97    3.23
 189955.180   128.828    -5.42    3.41
 190326.817   127.064    -4.75    3.09
 190698.423   125.766    -3.49    3.02
 191070.000   125.349    -1.12    2.70
 191445.764   125.985     1.69    2.88
 191823.371   127.436     3.84    3.09
 192200.947   129.118     4.45    2.19
 192578.492   128.926    -0.51    2.07
 192956.006   128.266    -1.75    2.11
 193333.490   126.789    -3.91    2.23
 193710.942   125.000    -4.74    2.44
 194088.363   123.515    -3.94    2.91
 194465.754   121.530    -5.26    2.83
 194843.114   119.606    -5.10    2.76
 195220.443   118.515    -2.89    2.47
 195597.741   118.186    -0.87    3.19
 195975.008   118.806     1.64    3.41
 196352.244   119.537     1.94    2.96
 196729.450   119.691     0.41    2.53
 197106.624   118.285    -3.73    2.77
 197483.768   116.495    -4.74    3.04
 197860.881   114.167    -6.17    3.10
 198237.963   111.848    -6.15    3.14
 198615.015   109.809    -5.41    3.44
 198992.036   107.299    -6.66    3.69
 199369.026   105.566    -4.59    2.77
 199745.985   104.426    -3.02    2.60
 200122.914   103.711    -1.90    2.68
 200499.811   103.408    -0.80    2.56
 200876.678   103.573     0.44    2.55
 201253.515   104.279     1.87    2.90
 201630.320   104.024    -0.68    3.22
 202007.095   103.209    -2.16    3.36
 202383.840   102.945    -0.70    3.27
 202760.553   103.686     1.97    4.38
 203137.236   106.247     6.80    6.22
 203513.889   111.246    13.27    7.22
 203890.510   117.318    16.12    7.51
 204267.101   121.750    11.76    5.34
 204643.662   123.447     4.51    3.70
 205020.191   122.318    -3.00    4.43
 205396.691   119.632    -7.13    5.11
 205773.159   118.126    -4.00    5.51
 206149.597   115.632    -6.62    6.44
 206526.004   112.906    -7.24    6.34
 206902.381   111.515    -3.70    4.88
 207278.728   110.093    -3.78    3.51
 207655.043   110.417     0.86    3.78
 208031.328   109.986    -1.14    4.61
 208407.583   107.260    -7.25    4.50
 208783.807   106.371    -2.36    4.06
 209160.001   106.580     0.56    4.32
 209536.164   108.058     3.93    4.57
 209912.297   109.086     2.73    4.02
 210288.399   107.580    -4.00    4.39
 210664.470   105.766    -4.82    3.63
 211040.511   105.066    -1.86    2.13
 211416.522   105.407     0.91    2.01
 211792.502   105.984     1.53    1.89
 212168.452   106.371     1.03    1.66
 212544.372   107.126     2.01    2.52
 212920.261   109.624     6.64    6.32
 213296.119   111.346     4.58    7.48
 213671.947   112.792     3.85    8.68
 214047.745   111.769    -2.72    7.50
 214423.513   109.286    -6.61    2.71
 214799.250   108.907    -1.01    1.83
 215174.956   109.666     2.02    2.43
 215550.633   111.209     4.11    3.70
 215926.278   112.966     4.67    4.22
 216301.894   115.760     7.44    4.82
 216677.479   119.086     8.86    5.15
 217053.034   121.566     6.60    4.60
 217428.559   125.064     9.31    5.34
 217804.053   127.692     7.00    4.81
 218179.517   130.330     7.02    4.71
 218554.951   131.806     3.93    5.08
 218930.355   132.908     2.93    5.57
 219305.728   135.106     5.86    5.66
 219681.071   136.887     4.74    5.23
 220056.384   139.506     6.98    5.49
 220431.666   142.655     8.39    5.51
 220806.918   144.907     6.00    5.60
 221182.140   147.468     6.82    4.92
 221557.332   148.926     3.89    3.97
 221932.494   149.750     2.19    3.30
 222307.625   149.789     0.10    2.99
 222682.727   150.083     0.78    2.69
 223057.798   151.606     4.06    3.78
 223432.839   154.475     7.65    3.72
 223807.850   156.280     4.81    3.10
 224182.830   156.186    -0.25    3.08
 224557.781   155.338    -2.26    3.44
 224932.701   154.626    -1.90    3.64
 225307.591   153.849    -2.07    3.20
 225682.452   154.386     1.43    4.44
 226057.282   155.867     3.95    6.27
 226432.082   156.948     2.88    7.71
 226806.852   160.456     9.36    8.15
 227181.591   163.534     8.21    7.50
 227556.301   164.286     2.01    6.27
 227930.981   162.815    -3.93    6.17
 228305.630   159.849    -7.91    6.89
 228680.250   156.606    -8.66    5.11
 229054.840   154.946    -4.43    4.70
 229429.399   152.330    -6.98    5.07
 229803.929   150.006    -6.20    5.15
 230178.428   148.769    -3.30    4.55
 230552.898   146.196    -6.87    4.98
 230927.338   143.475    -7.26    5.24
 231301.747   142.643    -2.22    4.69
 231676.127   142.671     0.08    4.30
 232050.477   144.599     5.15    3.96
 232424.796   146.377     4.75    2.63
 232799.086   146.398     0.06    3.31
 233173.346   146.769     0.99    4.08
 233547.576   146.024    -1.99    4.46
 233921.776   145.083    -2.51    4.35
 234295.946   144.606    -1.27    4.01
 234670.087   144.417    -0.51    3.40
 235044.197   144.606     0.51    2.94
 235418.278   145.134     1.41    3.20
 235792.328   146.024     2.38    4.17
 236166.349   145.741    -0.76    4.57
 236540.340   145.206    -1.43    4.58
 236914.301   145.146    -0.16    4.40
 237288.233   145.162     0.04    3.72
 237662.134   145.468     0.82    3.76
 238036.006   143.813    -4.43    5.03
 238409.848   141.232    -6.90    5.07
 238783.660   139.417    -4.86    3.82
 239157.442   138.573    -2.26    4.06
 239531.195   137.360    -3.24    5.45
 239904.918   134.477    -7.71    7.32
 240278.611   129.926   -12.18   10.12
 240652.274   123.946   -16.00   11.27
 241025.907   118.671   -14.11   11.33
 241399.511   115.099    -9.56    8.94
 241773.085   112.906    -5.87    4.93
 242146.630   114.966     5.51    6.96
 242520.144   120.730    15.43    9.47
 242893.629   126.789    16.22    8.63
 243267.085   131.789    13.39    4.62
 243640.510   132.886     2.94    3.23
 244013.906   133.809     2.47    3.36
 244387.273   134.968     3.10    3.63
 244760.609   136.286     3.53    4.26
 245133.916   135.226    -2.84    5.31
 245507.194   132.906    -6.21    6.38
 245880.441   130.534    -6.35    5.54
 246253.660   129.546    -2.65    5.66
 246626.848   131.201     4.43    6.97
 247000.007   134.774     9.57    7.57
 247373.137   138.652    10.39    6.39
 247746.236   141.253     6.97    4.62
 248119.307   141.375     0.33    4.60
 248492.347   138.166    -8.60    7.16
 248865.358   135.346    -7.56    7.56
 249238.340   134.599    -2.00    6.95
 249611.292   136.006     3.77    7.26
 249984.215   137.369     3.65    5.94
 250357.108   138.097     1.95    4.45
 250729.971   135.099    -8.04    4.72
 251102.805   133.090    -5.39    4.28
 251475.610   132.769    -0.86    4.02
 251848.385   134.475     4.58    4.46
 252221.130   136.220     4.68    3.96
 252593.846   135.982    -0.64    3.95
 252966.533   134.083    -5.09    6.66
 253339.190   128.851   -14.04   11.19
 253711.818   121.686   -19.22   12.41
 254084.416   116.811   -13.08   10.24
 254456.985   114.686    -5.70    6.77
 254829.525   116.064     3.70    5.09
 255202.035   119.122     8.21    5.15
 255574.516   122.746     9.73    7.59
 255946.967   125.643     7.78    7.23
 256319.389   127.666     5.43    6.14
 256691.782   127.486    -0.48    5.44
 257064.145   126.446    -2.79    4.84
 257436.479   127.965     4.08    5.15
 257808.783   130.246     6.13    5.81
 258181.059   132.809     6.88    4.95
 258553.305   132.887     0.21    5.09
 258925.521   131.613    -3.42    5.43
 259297.709   126.299   -14.27    7.79
 259669.867   122.186   -11.05    7.80
 260041.995   123.738     4.17    8.88
 260414.095   127.686    10.61   10.56
 260786.165   133.515    15.66    7.88
 261158.206   136.711     8.59    3.21
 261530.218   136.624    -0.23    3.42
 261902.200   135.162    -3.93    3.53
 262274.153   133.985    -3.16    3.17
 262646.077   132.666    -3.55    3.42
 263017.972   130.766    -5.11    4.93
 263389.838   128.299    -6.63    5.70
 263761.674   122.468   -15.68    8.01
 264133.481   118.119   -11.69    6.88
 264505.259   116.750    -3.68    5.73
 264877.008   117.266     1.39    5.56
 265248.728   120.867     9.69    6.82
 265620.418   124.445     9.62    7.88
 265992.079   127.866     9.20    7.89
 266367.791   130.326     6.55    6.35
 266745.339   131.691     3.61    4.16
 267122.857   131.665    -0.07    3.49
 267500.345   131.162    -1.33    3.11
 267877.803   130.671    -1.30    3.51
 268255.231   128.946    -4.57    4.04
 268632.629   126.926    -5.35    4.01
 269009.996   125.518    -3.73    4.66
 269387.334   122.926    -6.87    4.80
 269764.641   121.176    -4.64    5.24
 270141.919   118.579    -6.88    4.76
 270519.166   117.573    -2.67    3.90
 270896.384   117.044    -1.40    3.46
 271273.571   117.484     1.17    3.52
 271650.728   119.253     4.69    4.67
 272027.855   121.561     6.12    5.29
 272404.953   123.375     4.81    4.60
 272782.020   124.326     2.52    3.01
 273159.057   123.985    -0.90    3.15
 273536.065   125.024     2.76    3.94
 273913.042   126.330     3.46    5.37
 274289.990   129.266     7.79    6.96
 274666.907   134.024    12.62    7.50
 275043.795   137.554     9.36    5.75
 275420.652   138.926     3.64    4.21
 275797.480   137.106    -4.83    4.65
 276174.278   134.171    -7.79    5.52
 276551.046   130.495    -9.75    5.81
 276927.784   126.160   -11.50    6.18
 277304.492   121.830   -11.49    7.15
 277681.170   119.318    -6.67    5.54
 278057.818   119.369     0.13    4.51
 278434.437   121.406     5.41    4.77
 278811.026   124.926     9.34    5.19
 279187.584   129.005    10.83    6.64
 279564.113   133.989    13.23    5.50
 279940.613   137.730     9.93    4.40
 280317.082   139.886     5.72    2.88
 280693.521   140.338     1.20    2.53
 281069.931   139.397    -2.50    2.79
 281446.311   138.028    -3.64    3.23
 281822.661   135.593    -6.47    3.49
 282198.982   133.578    -5.35    2.78
 282575.273   133.358    -0.59    2.85
 282951.533   133.286    -0.19    2.69
 283327.765   134.346     2.82    2.78
 283703.966   135.738     3.70    2.45
 284080.138   136.279     1.44    2.36
 284456.280   135.157    -2.98    3.52
 284832.392   133.026    -5.66    4.07
 285208.475   131.299    -4.59    3.36
 285584.528   130.613    -1.82    2.74
 285960.551   130.279    -0.89    2.77
 286336.545   129.534    -1.98    2.76
 286712.509   128.151    -3.68    3.24
 287088.443   125.503    -7.04    3.60
 287464.347   123.867    -4.35    3.37
 287840.222   122.907    -2.55    3.23
 288216.068   122.436    -1.25    2.72
 288591.884   122.024    -1.10    2.59
 288967.670   121.726    -0.79    2.50
 289343.426   121.197    -1.41    2.59
 289719.153   121.083    -0.30    3.95
 290094.851   120.437    -1.72    4.53
 290470.519   119.377    -2.82    4.61
 290846.157   117.338    -5.43    4.11
 291221.766   115.887    -3.86    2.47
 291597.345   114.926    -2.56    2.51
 291972.894   113.375    -4.13    3.69
 292348.414   111.691    -4.48    4.69
 292723.905   108.968    -7.25    4.64
 293099.366   105.824    -8.37    4.45
 293474.798   104.106    -4.57    4.36
 293850.200   103.306    -2.13    4.24
 294225.572   102.792    -1.37    4.28
 294600.915   102.804     0.03    4.91
 294976.229   102.176    -1.67    5.45
 295351.513   101.301    -2.33    5.41
