#   40.000  -0.086   4.469 ;Mean Elev.(m), Avg Gradient(m/km), RMS Gradient(m/km) - SRTM1     
#   34.000  -0.132   6.130 ;Mean Elev.(m), Avg Gradient(m/km), RMS Gradient(m/km) - ASTER GDEM
#   40.737  -0.130   4.559 ;Mean Elev.(m), Avg Gradient(m/km), RMS Gradient(m/km) - GMTED2010 
  8    42.194 52492.68503303 29.22 269.264927  34.310325 16.735
  8    42.113 52492.68503368 25.61 269.263967  34.307045 16.735
  8    41.741 52492.68503432 24.43 269.263014  34.303769 27.238
 10    43.208 52562.68505655 28.66 269.264324  34.316760 16.945
 10    43.153 52562.68505720 21.98 269.263374  34.313480 16.945
 10    43.094 52562.68505784 21.73 269.262414  34.310200 16.945
 10    43.170 52562.68505849 19.89 269.261464  34.306920 16.945
 12    48.695 52632.68501907 31.37 269.262162  34.320477 14.094
 12    48.275 52632.68501972 29.71 269.261212  34.317197 14.094
 12    48.347 52632.68502036 28.35 269.260252  34.313917 14.094
 12    48.368 52632.68502101 31.31 269.259302  34.310637 14.094
 13    47.272 52667.68503653 23.85 269.258630  34.321907 21.820
 13    46.992 52667.68503718 20.09 269.257680  34.318627 21.820
 13    46.496 52667.68503782 21.28 269.256730  34.315347 21.820
 13    42.359 52667.68503847 25.22 269.255770  34.312067 21.820
 14    51.149 52702.68501328 40.67 269.266360  34.306243 24.880
 14    51.069 52702.68501393 41.10 269.265400  34.302963 24.880
 14    50.936 52702.68501457 36.37 269.264450  34.299683 24.880
 16    50.428 52772.68501409 34.84 269.260373  34.323307 19.346
 16    50.239 52772.68501473 31.03 269.259423  34.320027 19.346
 16    50.044 52772.68501538 30.13 269.258463  34.316747 19.346
 16    50.154 52772.68501602 30.05 269.257513  34.313467 19.346
 17    48.470 52807.68507464 30.62 269.261404  34.320098 22.478
 17    48.328 52807.68507528 30.18 269.260454  34.316818 22.478
 17    48.353 52807.68507593 28.75 269.259494  34.313538 22.478
 18    48.388 52842.68513287 28.96 269.263200  34.320033 22.035
 18    46.221 52842.68513351 27.89 269.262250  34.316753 22.035
 18    46.169 52842.68513416 28.23 269.261290  34.313473 22.035
 18    45.915 52842.68513480 31.03 269.260340  34.310193 22.035
 19    48.157 52877.68517088 33.03 269.260856  34.322701 30.998
 19    47.558 52877.68517153 24.62 269.259906  34.319421 30.998
 19    42.164 52877.68517217 28.39 269.258946  34.316141 30.998
 19    42.407 52877.68517282 28.50 269.257996  34.312861 30.998
 20    47.155 52912.68513022 28.06 269.263383  34.317197 17.174
 20    44.244 52912.68513086 24.91 269.262433  34.313917 17.174
 20    44.095 52912.68513151 24.57 269.261483  34.310637 17.174
 20    43.904 52912.68513215 26.54 269.260523  34.307357 17.174
 21    41.809 52947.68508960 38.07 269.266410  34.306609 33.261
 21    41.781 52947.68509024 31.30 269.265460  34.303329 33.261
 21    41.686 52947.68509089 33.29 269.264500  34.300049 33.261
 23    48.182 53017.68511622 27.72 269.258137  34.322013 21.397
 23    48.156 53017.68511687 27.26 269.257177  34.318733 21.397
 23    48.303 53017.68511751 28.80 269.256227  34.315453 21.397
 23    48.386 53017.68511816 30.45 269.255267  34.312173 21.397
 24    49.383 53052.68509842 37.71 269.264576  34.312923 17.117
 24    49.326 53052.68509906 37.69 269.263626  34.309643 17.117
 24    49.387 53052.68509971 38.35 269.262673  34.306370 22.519
 24    49.288 53052.68510035 38.08 269.261713  34.303090 22.519
 25    48.594 53087.68513247 31.57 269.252052  34.330116 19.436
 25    48.229 53087.68513311 28.53 269.251102  34.326836 19.436
 26    48.280 53122.68510396 31.04 269.262039  34.319707 18.361
 26    48.052 53122.68510460 28.63 269.261089  34.316427 18.361
 26    48.184 53122.68510525 27.41 269.260129  34.313147 18.361
 26    48.133 53122.68510589 28.05 269.259179  34.309867 18.361
 27    48.317 53157.68515991 31.97 269.256459  34.324849 21.569
 27    48.037 53157.68516056 27.58 269.255509  34.321569 21.569
 27    48.216 53157.68516120 21.72 269.254549  34.318289 21.569
 27    48.559 53157.68516185 23.56 269.253599  34.315009 21.569
 28    48.013 53192.68515461 29.27 269.263441  34.316675 16.502
 28    47.342 53192.68515526 29.29 269.262481  34.313395 16.502
 28    47.365 53192.68515590 28.87 269.261531  34.310115 16.502
 28    47.412 53192.68515655 30.61 269.260571  34.306835 16.502
 30    48.566 53262.68512452 30.79 269.255651  34.327971 27.828
 30    47.025 53262.68512516 27.08 269.254691  34.324691 27.828
 30    46.906 53262.68512581 21.80 269.253741  34.321411 27.828
 31    47.041 53297.68516310 26.81 269.254568  34.325503 23.649
 31    46.472 53297.68516374 22.66 269.253608  34.322223 23.649
 33    48.657 53367.68507975 26.78 269.259392  34.321378 18.687
 33    48.392 53367.68508039 22.71 269.258432  34.318098 18.687
 33    47.970 53367.68508104 22.01 269.257482  34.314818 18.687
 34    52.204 53402.68510860 33.56 269.262064  34.320725 32.382
 34    51.953 53402.68510925 33.18 269.261114  34.317445 32.382
 34    51.780 53402.68510989 32.40 269.260154  34.314165 32.382
 34    51.631 53402.68511053 33.03 269.259204  34.310885 32.382
 35    48.414 53437.68509749 29.04 269.258962  34.321209 22.732
 35    47.893 53437.68509814 29.19 269.258002  34.317929 22.732
 35    47.780 53437.68509878 28.96 269.257052  34.314649 22.732
 36    49.428 53472.68515131 35.12 269.259687  34.324277 21.284
 36    49.340 53472.68515195 29.98 269.258727  34.320997 21.284
 36    49.308 53472.68515260 29.64 269.257777  34.317717 21.284
 36    49.427 53472.68515324 27.16 269.256817  34.314437 21.284
 37    43.873 53507.68517883 48.66 269.259055  34.323356 34.082
 37    43.853 53507.68517948 49.20 269.258105  34.320076 34.082
 37    43.785 53507.68518012 51.20 269.257145  34.316796 34.082
 37    43.753 53507.68518077 50.01 269.256195  34.313516 34.082
 38    47.247 53542.68518776 30.62 269.257027  34.322990 26.149
 38    45.601 53542.68518840 32.33 269.256077  34.319710 26.149
 38    45.624 53542.68518905 35.36 269.255117  34.316430 26.149
 38    45.614 53542.68518969 45.22 269.254167  34.313150 26.149
 39    47.509 53577.68517288 28.77 269.257639  34.325331 31.418
 39    46.907 53577.68517352 24.56 269.256679  34.322051 31.418
 39    46.264 53577.68517417 22.49 269.255729  34.318771 31.418
 39    41.953 53577.68517481 30.04 269.254769  34.315491 31.418
 39    42.157 53577.68517546 37.50 269.253819  34.312211 31.418
 42    40.381 53682.68514598 22.76 269.255384  34.326119 14.915
 42    40.273 53682.68514663 32.03 269.254434  34.322839 14.915
 42    40.632 53682.68514727 31.29 269.253474  34.319559 14.915
 43    45.694 53717.68507414 15.35 269.260584  34.320513  9.021
 43    46.926 53717.68507478 17.02 269.259624  34.317233  9.021
 43    43.065 53717.68507542 21.79 269.258674  34.313953  9.021
 44    43.760 53752.68499731 26.17 269.265605  34.303654 11.099
 44    48.248 53752.68499795 19.57 269.264655  34.300374 11.099
 45    43.344 53787.68502486 32.39 269.262584  34.317696 16.867
 45    43.320 53787.68502550 33.02 269.261634  34.314416 16.867
 45    43.438 53787.68502615 33.67 269.260674  34.311136 16.867
 45    43.376 53787.68502679 32.50 269.259720  34.307861 19.822
 46    47.198 53822.68498085 43.26 269.266165  34.308294 28.908
 46    47.063 53822.68498150 45.75 269.265205  34.305014 28.908
 46    47.034 53822.68498214 46.38 269.264255  34.301734 28.908
 46    47.076 53822.68498279 47.36 269.263295  34.298454 28.908
 47    47.719 53857.68507021 28.49 269.259105  34.323702 15.607
 47    47.326 53857.68507085 24.94 269.258145  34.320422 15.607
 47    46.823 53857.68507149 23.64 269.257195  34.317142 15.607
 47    46.645 53857.68507214 22.71 269.256235  34.313862 15.607
 48    44.527 53892.68508545 40.98 269.264408  34.315732 20.319
 48    44.092 53892.68508609 40.75 269.263448  34.312452 20.319
 48    44.091 53892.68508674 39.64 269.262498  34.309172 20.319
 48    44.094 53892.68508738 41.27 269.261539  34.305896 38.480
 49    47.100 53927.68514245 28.81 269.252974  34.329054 19.781
 49    41.836 53927.68514310 32.97 269.252014  34.325774 19.781
 50    41.432 53962.68512610 22.29 269.253683  34.327939 14.562
 50    40.581 53962.68512674 24.28 269.252733  34.324659 14.562
 51    41.903 53997.68507597 29.26 269.265114  34.305790 12.282
 51    41.846 53997.68507661 27.04 269.264155  34.302516 21.108
 51    41.773 53997.68507726 26.23 269.263195  34.299236 21.108
 52    43.019 54032.68512445 28.48 269.263768  34.316109 15.001
 52    42.844 54032.68512509 24.01 269.262808  34.312829 15.001
 52    42.991 54032.68512574 25.99 269.261858  34.309549 15.001
 52    42.892 54032.68512638 21.59 269.260907  34.306275 11.542
 54    47.181 54102.68507635 25.08 269.257661  34.324872 11.065
 54    46.699 54102.68507700 25.29 269.256711  34.321592 11.065
 54    46.531 54102.68507764 26.38 269.255751  34.318312 11.065
 54    46.626 54102.68507829 28.51 269.254801  34.315032 11.065
 55    48.158 54137.68504639 25.25 269.261936  34.318965 18.987
 55    47.617 54137.68504703 23.68 269.260986  34.315685 18.987
 55    46.705 54137.68504768 22.60 269.260026  34.312405 18.987
 56    48.827 54172.68505435 43.09 269.257840  34.322844 21.257
 56    48.854 54172.68505499 45.34 269.256880  34.319564 21.257
 56    48.903 54172.68505564 46.22 269.255930  34.316284 21.257
 56    48.900 54172.68505628 45.06 269.254970  34.313004 21.257
 57    47.608 54207.68505160 37.35 269.261799  34.321088 17.189
 57    47.300 54207.68505224 37.91 269.260849  34.317808 17.189
 57    47.195 54207.68505289 37.72 269.259889  34.314528 17.189
 57    47.163 54207.68505353 39.10 269.258939  34.311248 17.189
 58    47.831 54242.68508348 29.09 269.261276  34.321230 21.787
 58    47.329 54242.68508413 23.23 269.260316  34.317950 21.787
 58    46.561 54242.68508477 26.40 269.259366  34.314670 21.787
 58    46.493 54242.68508542 26.84 269.258416  34.311390 21.787
 59    47.014 54277.68509779 25.49 269.260563  34.319192 25.659
 59    42.349 54277.68509843 27.15 269.259613  34.315912 25.659
 59    42.365 54277.68509908 27.87 269.258663  34.312632 25.659
 60    46.332 54312.68509805 34.13 269.261615  34.320785 25.857
 60    41.104 54312.68509870 32.75 269.260655  34.317505 25.857
 60    41.028 54312.68509934 35.96 269.259705  34.314225 25.857
 60    41.092 54312.68509998 36.25 269.258755  34.310945 25.857
 61    43.739 54347.68506945 19.85 269.258656  34.323437  9.590
 61    43.536 54347.68507010 24.43 269.257706  34.320157  9.590
 61    43.837 54347.68507074 24.70 269.256746  34.316877  9.590
 61    43.959 54347.68507139 26.30 269.255796  34.313597  9.590
 62    39.625 54382.68503555 23.69 269.263024  34.320048 10.685
 62    39.731 54382.68503619 25.26 269.262074  34.316768 10.685
 62    40.636 54382.68503684 24.08 269.261114  34.313488 10.685
 62    40.724 54382.68503748 24.83 269.260164  34.310208 10.685
 63    41.290 54417.68501877 23.47 269.259220  34.324533 14.850
 63    41.373 54417.68501942 27.33 269.258270  34.321253 14.850
 63    41.487 54417.68502006 29.81 269.257310  34.317973 14.850
 63    41.581 54417.68502071 28.96 269.256360  34.314693 14.850
 64    47.786 54452.68500594 15.62 269.262884  34.316505  4.389
 64    47.862 54452.68500658 16.50 269.261924  34.313225  4.389
 64    46.050 54452.68500723 18.46 269.260974  34.309945  4.389
 65    46.951 54487.68501702 27.53 269.261574  34.321213 15.248
 65    47.094 54487.68501767 26.58 269.260614  34.317933 15.248
 65    47.187 54487.68501831 28.02 269.259664  34.314653 15.248
 65    47.112 54487.68501896 30.32 269.258704  34.311373 15.248
 66    49.731 54522.68501882 31.11 269.262837  34.318235 21.360
 66    49.426 54522.68501947 28.37 269.261884  34.314961 21.757
 66    49.323 54522.68502011 29.12 269.260924  34.311681 21.757
 66    49.245 54522.68502076 27.59 269.259974  34.308401 21.757
 67    53.365 54557.68502635 35.63 269.258978  34.323859 23.683
 67    53.196 54557.68502699 34.81 269.258028  34.320579 23.683
 67    52.926 54557.68502764 35.31 269.257068  34.317299 23.683
 67    52.827 54557.68502828 33.86 269.256115  34.314022 24.788
 68    49.556 54592.68501393 38.39 269.260929  34.321592 23.970
 68    49.574 54592.68501458 38.63 269.259979  34.318312 23.970
 68    49.633 54592.68501522 41.02 269.259019  34.315032 23.970
 69    48.137 54627.68502964 30.80 269.259707  34.321050 20.189
 69    48.225 54627.68503029 28.40 269.258747  34.317770 20.189
 69    48.419 54627.68503093 28.08 269.257791  34.314496 17.471
 70    49.111 54662.68503649 44.32 269.259825  34.323937 27.998
 70    48.859 54662.68503713 38.99 269.258875  34.320657 27.998
 70    48.874 54662.68503778 39.21 269.257915  34.317377 27.998
 70    48.858 54662.68503842 40.34 269.256966  34.314102 24.238
 71    42.935 54697.68501135 47.83 269.259803  34.322121 24.002
 71    42.763 54697.68501199 47.19 269.258853  34.318841 24.002
 71    42.793 54697.68501264 43.50 269.257893  34.315561 24.002
 71    42.723 54697.68501328 41.73 269.256942  34.312284 13.969
 72    47.468 54732.68499407 29.71 269.262739  34.319997 23.120
 72    47.173 54732.68499471 26.72 269.261789  34.316717 23.120
 72    47.178 54732.68499536 27.34 269.260836  34.313443 21.102
 72    47.159 54732.68499600 29.01 269.259876  34.310163 21.102
 73    46.967 54767.68499150 26.68 269.260571  34.320559 22.408
 73    46.559 54767.68499214 20.58 269.259613  34.317285 18.903
 73    41.213 54767.68499279 20.36 269.258663  34.314005 18.903
 74    46.489 54802.68498823 22.65 269.261411  34.319118 20.338
 74    45.656 54802.68498887 21.63 269.260456  34.315843 14.841
 74    41.286 54802.68498952 21.04 269.259496  34.312563 14.841
 75    49.127 54837.68498406 28.79 269.260498  34.320542 18.209
 75    49.008 54837.68498470 26.12 269.259548  34.317262 18.209
 75    49.027 54837.68498535 25.23 269.258591  34.313987 13.606
 76    47.731 54872.68498743 22.87 269.261680  34.318959 18.883
 76    47.639 54872.68498807 21.78 269.260726  34.315686 15.815
 76    48.425 54872.68498872 18.09 269.259766  34.312406 15.815
 77    47.406 54907.68499107 38.39 269.256283  34.323851 22.567
 77    47.300 54907.68499172 40.91 269.255323  34.320571 22.567
 77    47.312 54907.68499236 42.53 269.254372  34.317295 38.094
 77    47.309 54907.68499301 48.34 269.253422  34.314015 38.094
 78    49.905 54942.68497980 42.90 269.260894  34.318566 20.992
 78    49.918 54942.68498045 46.16 269.259944  34.315286 20.992
 78    49.942 54942.68498109 45.12 269.258991  34.312010 24.830
 79    52.661 54977.68500681 37.82 269.260013  34.322477 25.821
 79    52.577 54977.68500745 38.18 269.259053  34.319197 25.821
 79    52.541 54977.68500809 38.16 269.258103  34.315917 25.821
 79    52.631 54977.68500874 39.90 269.257145  34.312642 25.050
 80    48.182 55012.68501438 30.31 269.259649  34.321661 17.901
 80    47.913 55012.68501503 28.80 269.258689  34.318381 17.901
 80    47.742 55012.68501567 26.15 269.257732  34.315107 19.818
 81    45.090 55047.68500699 32.48 269.260997  34.319061 20.426
 81    44.987 55047.68500764 31.37 269.260047  34.315781 20.426
 81    45.113 55047.68500828 32.56 269.259089  34.312504 13.655
 82    43.685 55082.68497741 31.94 269.257895  34.323053 23.248
 82    43.911 55082.68497806 32.58 269.256945  34.319773 23.248
 82    44.029 55082.68497870 34.78 269.255985  34.316493 23.248
 82    44.117 55082.68497935 39.04 269.255036  34.313217 29.717
 83    47.363 55117.68493921 24.37 269.263175  34.319086 12.623
 83    45.404 55117.68493986 25.82 269.262221  34.315813 14.250
 83    45.453 55117.68494050 26.08 269.261261  34.312533 14.250
 83    45.644 55117.68494115 28.28 269.260311  34.309253 14.250
 84    48.199 55152.68493594 29.59 269.259104  34.322693 22.794
 84    48.068 55152.68493658 28.34 269.258144  34.319413 22.794
 84    48.018 55152.68493723 28.07 269.257187  34.316137 23.732
 84    47.996 55152.68493787 29.21 269.256237  34.312857 23.732
 85    48.664 55187.68492622 26.39 269.262122  34.320468 23.767
 85    48.505 55187.68492687 26.76 269.261172  34.317188 23.767
 85    48.003 55187.68492751 24.48 269.260218  34.313913 20.885
 85    48.127 55187.68492816 26.78 269.259258  34.310633 20.885
 86    47.915 55222.68493480 32.38 269.259583  34.322913 22.649
 86    47.905 55222.68493545 31.65 269.258623  34.319633 22.649
 86    48.096 55222.68493609 32.35 269.257667  34.316360 22.825
 86    48.118 55222.68493674 38.65 269.256717  34.313080 22.825
 87    48.018 55257.68492258 29.12 269.261971  34.319767 26.722
 87    47.944 55257.68492323 25.84 269.261019  34.316493 12.585
 87    47.011 55257.68492387 24.21 269.260059  34.313213 12.585
 87    46.876 55257.68492452 24.66 269.259109  34.309933 12.585
 88    50.983 55292.68492222 33.49 269.257587  34.322674 25.136
 88    50.857 55292.68492286 31.66 269.256637  34.319394 25.136
 88    51.001 55292.68492350 29.34 269.255677  34.316114 25.136
 88    51.102 55292.68492415 28.06 269.254726  34.312836 19.912
 89    52.111 55327.68490514 34.30 269.259664  34.324015 22.531
 89    51.898 55327.68490578 32.45 269.258714  34.320735 22.531
 89    51.853 55327.68490643 31.48 269.257754  34.317455 22.531
 89    51.852 55327.68490707 29.51 269.256804  34.314175 22.531
 90    47.845 55362.68490170 27.07 269.258981  34.321485 25.307
 90    47.470 55362.68490234 26.06 269.258021  34.318205 25.307
 90    47.435 55362.68490299 24.02 269.257067  34.314930 21.009
 91    47.835 55397.68490978 28.10 269.262256  34.320160 20.286
 91    47.670 55397.68491043 23.38 269.261306  34.316880 20.286
 91    47.387 55397.68491107 23.90 269.260352  34.313605 20.745
 91    47.447 55397.68491172 23.73 269.259392  34.310325 20.745
 92    46.637 55432.68491749 42.00 269.261468  34.317773 20.280
 92    46.450 55432.68491814 44.65 269.260518  34.314493 20.280
 92    46.502 55432.68491878 43.64 269.259561  34.311217 32.291
 93    48.114 55467.68487499 30.05 269.258579  34.324351 23.981
 93    46.927 55467.68487564 23.44 269.257629  34.321071 23.981
 93    46.335 55467.68487628 18.90 269.256669  34.317791 23.981
 93    45.423 55467.68487693 21.66 269.255721  34.314515 23.972
