#  179.154  -4.102  14.214 ;Mean Elev.(m), Avg Gradient(m/km), RMS Gradient(m/km) - SRTM1     
#  178.909  -3.885  13.552 ;Mean Elev.(m), Avg Gradient(m/km), RMS Gradient(m/km) - ASTER GDEM
#  179.100  -4.030  13.801 ;Mean Elev.(m), Avg Gradient(m/km), RMS Gradient(m/km) - GMTED2010 
  7 269.569664  42.291535   249.259   249.259  2 52452.14621953  6.067
  8 269.575848  42.302421   180.012   180.036  3 52487.14620296 32.723
  9 269.575861  42.303869   180.084   180.090  4 52522.14617347 49.896
 11 269.572203  42.293722   179.893   179.844  4 52592.14621739 26.654
 12 269.575809  42.304498   180.030   180.082  3 52627.14613594 51.200
 13 269.573805  42.298606   180.070   180.063  4 52662.14618161 28.731
 14 269.572583  42.294946   180.084   180.090  4 52697.14615828 25.708
 15 269.578291  42.311474   180.000   179.992  6 52732.14618462 36.170
 16 269.574986  42.300180   180.146   180.159  3 52767.14619167 44.616
 17 269.572292  42.289804   180.109   180.092  5 52802.14619832 51.534
 18 269.573681  42.297042   180.078   180.081  3 52837.14626500 52.597
 19 269.574396  42.300921   179.877   179.891  4 52872.14630601 34.436
 20 269.576628  42.305374   180.018   180.009  3 52907.14629725 44.163
 21 269.574006  42.298144   179.882   179.858  3 52942.14622479 27.331
 23 269.573325  42.296902   179.957   179.951  4 53012.14627958 37.980
 24 269.570913  42.293885   180.150   180.150  2 53047.14624610 20.722
 25 269.572461  42.290601   180.117   180.114  5 53082.14628002 47.709
 26 269.569529  42.288475   180.123   180.143  4 53117.14625022 51.478
 28 269.577388  42.308925   180.128   180.128  4 53187.14628990 51.648
 29 269.576038  42.303957   180.143   180.175  3 53222.14631189 47.247
 30 269.574452  42.299757   180.049   180.057  4 53257.14628720 48.679
 32 269.575996  42.305192   180.003   179.982  4 53327.14627931 51.064
 33 269.577955  42.311368   179.870   179.886  6 53362.14623615 40.270
 35 269.577281  42.309515   179.955   179.931  4 53432.14624837 50.036
 36 269.572515  42.289831   180.288   180.284  5 53467.14627947 48.575
 38 269.574930  42.300518   180.125   180.127  4 53537.14632727 52.415
 39 269.572566  42.294604   180.001   180.010  4 53572.14633066 52.316
 40 269.576986  42.307412   179.857   179.865  4 53607.14628166 43.795
 42 269.572399  42.290271   179.828   179.819  5 53677.14629811 28.288
 43 269.578358  42.311951   180.105   180.074  6 53712.14623110 42.290
 44 269.571510  42.298821   180.565   180.565  2 53747.14614080 50.215
 45 269.576692  42.306419   179.963   179.975  4 53782.14617312 43.576
 46 269.578460  42.317841   179.914   179.914  8 53817.14614106 32.774
 47 269.570803  42.286364   180.113   180.106  4 53852.14620761 50.784
 48 269.578189  42.311469   180.090   180.070  5 53887.14621785 52.311
 50 269.570617  42.291192   180.091   180.107  4 53957.14628105 46.905
 52 269.573152  42.293701   179.918   179.871  4 54027.14626809 26.177
 56 269.575202  42.301487   179.901   179.902  3 54167.14620686 18.230
 57 269.572354  42.292740   180.461   180.443  4 54202.14618670 27.692
 58 269.574623  42.298304   179.812   179.874  4 54237.14622371 28.155
 59 269.575261  42.301053   179.973   179.974  4 54272.14624384 38.869
 60 269.574078  42.300505   179.935   179.919  4 54307.14624584 49.516
 61 269.576855  42.306639   180.015   180.016  4 54342.14622711 50.210
 62 269.572887  42.297542   180.132   180.124  4 54377.14618030 42.341
 63 269.574826  42.300503   180.011   180.007  3 54412.14617299 27.225
 64 269.572421  42.292366   181.238   181.458  5 54447.14614439 35.595
 66 269.572722  42.295792   180.125   180.107  3 54517.14615895 19.041
 67 269.576023  42.303704   180.103   180.104  3 54552.14617866 52.859
 68 269.573994  42.297353   181.473   181.483  4 54587.14615528 29.069
 69 269.574667  42.299235   179.996   179.995  4 54622.14617395 52.491
 70 269.574016  42.296684   180.088   180.060  4 54657.14618298 52.020
 71 269.575724  42.301339   179.933   179.933  4 54692.14616725 52.252
 72 269.572777  42.296979   180.022   180.025  4 54727.14613565 51.122
 73 269.573924  42.300182   180.042   180.033  4 54762.14614396 28.740
 74 269.572450  42.288120   180.070   180.079  5 54797.14612687 51.533
 75 269.574036  42.301029   180.055   180.055  2 54832.14613385 22.515
 76 269.572154  42.295595   179.731   179.741  4 54867.14612410 18.009
 77 269.575018  42.300664   179.794   179.803  3 54902.14614363 27.074
 78 269.573963  42.295870   180.053   180.034  4 54937.14611414 49.269
 79 269.574401  42.296830   179.887   179.901  4 54972.14614736 26.987
 80 269.573910  42.298350   179.958   179.958  4 55007.14616499 52.754
 81 269.574609  42.300593   179.883   179.880  4 55042.14615411 52.636
 82 269.575574  42.304541   179.966   179.964  4 55077.14613471 51.554
 83 269.573065  42.297547   179.935   179.939  4 55112.14608598 24.750
 84 269.573836  42.298670   180.102   180.112  4 55147.14608755 52.307
 85 269.572897  42.290218   179.899   179.888  5 55182.14606428 39.324
 87 269.573598  42.296976   179.853   179.833  4 55252.14606165 26.991
 88 269.575485  42.302909   180.992   181.005  4 55287.14607656 53.008
 89 269.574183  42.295837   179.908   179.920  4 55322.14605096 33.114
 90 269.574330  42.299369   180.025   180.023  3 55357.14605091 30.833
 91 269.573078  42.294374   179.851   179.823  4 55392.14605188 27.858
 92 269.574658  42.300289   180.012   180.029  4 55427.14606755 39.289
 93 269.577225  42.307650   180.200   180.177  4 55462.14603439 38.617
