-207044.594   208.613     0.00    4.43
-206668.927   207.649    -2.57    4.50
-206293.294   207.291    -0.95    5.00
-205917.696   207.087    -0.54    4.63
-205542.133   206.560    -1.40    4.32
-205166.604   206.894     0.89    4.72
-204791.109   208.487     4.25    5.63
-204415.649   208.746     0.69    6.82
-204040.224   207.512    -3.29    7.91
-203664.833   205.819    -4.51    6.79
-203289.477   203.375    -6.51    5.62
-202914.155   201.265    -5.62    4.29
-202538.868   200.899    -0.98    4.16
-202163.615   200.762    -0.36    4.53
-201788.396   204.282     9.38    8.03
-201413.212   206.378     5.59    8.22
-201038.063   206.605     0.60    8.15
-200662.948   206.122    -1.29    8.06
-200287.867   203.908    -5.90    7.11
-199912.821   203.912     0.01    6.90
-199537.810   202.486    -3.80    6.26
-199162.832   200.426    -5.50    4.53
-198787.889   200.624     0.53    4.88
-198412.981   204.247     9.67    8.21
-198038.106   207.027     7.42    9.50
-197663.266   206.912    -0.31    9.70
-197288.461   204.708    -5.88    8.57
-196913.690   204.282    -1.14    7.85
-196538.953   206.783     6.68    9.64
-196164.250   209.245     6.57    9.63
-195789.582   211.745     6.67    8.29
-195414.948   210.570    -3.14    8.26
-195040.348   208.134    -6.50    7.45
-194665.782   207.801    -0.89    6.88
-194291.251   208.001     0.53    6.00
-193916.754   208.023     0.06    4.55
-193542.291   209.208     3.17    3.55
-193167.863   209.416     0.56    4.55
-192793.468   211.589     5.81    7.95
-192419.108   217.023    14.52   11.81
-192044.782   222.647    15.03   13.69
-191670.490   231.944    24.84   17.74
-191296.232   243.537    30.98   22.01
-190922.009   252.283    23.38   23.18
-190547.819   262.103    26.25   19.03
-190173.664   267.116    13.40   12.94
-189799.543   269.730     6.99    9.03
-189425.456   273.742    10.73    8.83
-189051.403   278.634    13.08    8.76
-188677.384   282.235     9.63    7.06
-188303.399   283.634     3.74    6.68
-187929.448   280.282    -8.97    6.79
-187555.532   277.216    -8.20    7.47
-187181.649   270.872   -16.97    9.81
-186807.800   264.060   -18.23    9.93
-186433.986   255.745   -22.25   11.14
-186060.205   246.589   -24.50   10.71
-185686.458   236.282   -27.58   12.83
-185312.746   224.781   -30.78   11.44
-184939.067   215.042   -26.07   10.71
-184565.422   207.319   -20.67    7.66
-184191.811   202.528   -12.83    5.27
-183818.235   200.235    -6.14    3.23
-183444.692   199.727    -1.36    3.44
-183071.183   198.565    -3.11    4.04
-182697.708   197.686    -2.35    4.54
-182324.266   196.497    -3.18    4.25
-181950.859   194.993    -4.03    3.16
-181577.485   193.158    -4.92    3.69
-181204.146   189.375   -10.13    5.93
-180830.840   186.019    -8.99    6.57
-180457.568   182.601    -9.16    5.72
-180084.330   181.375    -3.29    5.05
-179711.126   182.605     3.30    5.96
-179337.955   183.801     3.21    7.30
-178964.819   185.015     3.25    6.75
-178591.716   184.916    -0.27    4.66
-178218.647   184.858    -0.16    3.70
-177845.611   184.688    -0.46    3.71
-177472.610   185.409     1.93    4.74
-177099.642   186.692     3.44    5.27
-176726.707   186.468    -0.60    5.28
-176353.807   184.669    -4.82    7.11
-175980.940   181.546    -8.38    7.00
-175608.107   182.134     1.58    9.21
-175235.308   185.723     9.63   14.21
-174862.542   189.412     9.90   14.79
-174489.810   188.971    -1.18   14.06
-174117.112   186.462    -6.73   14.12
-173744.447   182.032   -11.89   10.52
-173371.816   179.023    -8.08    4.45
-172999.219   181.480     6.60    5.08
-172626.655   183.857     6.38    6.94
-172254.124   187.874    10.79    8.99
-171881.628   191.681    10.22    9.20
-171509.165   195.074     9.11    9.64
-171136.735   198.329     8.74    9.52
-170764.339   199.965     4.39    7.75
-170391.977   202.301     6.28    8.58
-170019.648   204.051     4.70    8.45
-169647.352   210.337    16.89   14.42
-169275.090   217.912    20.35   16.40
-168902.862   228.282    27.87   15.68
-168530.667   237.474    24.70   13.72
-168158.506   245.394    21.28   12.62
-167786.378   252.593    19.35   11.49
-167414.283   253.401     2.17   11.78
-167042.222   253.008    -1.05   12.58
-166670.195   252.310    -1.88   13.40
-166298.201   248.952    -9.03   13.98
-165926.240   248.894    -0.16   14.79
-165554.312   247.839    -2.84   15.65
-165182.418   248.254     1.12   16.04
-164810.558   246.910    -3.61   14.07
-164438.731   244.666    -6.04   12.60
-164066.937   239.237   -14.60   16.05
-163695.176   229.095   -27.29   21.87
-163323.449   217.194   -32.02   23.82
-162951.755   216.579    -1.66   25.30
-162580.095   225.707    24.56   30.54
-162208.467   240.390    39.52   31.52
-161836.874   254.292    37.42   19.88
-161465.313   259.855    14.97    9.79
-161093.785   261.197     3.61   10.67
-160722.291   263.505     6.21    9.98
-160350.831   266.089     6.96   10.41
-159979.403   267.707     4.35   10.93
-159608.009   266.339    -3.68   11.09
-159236.647   266.386     0.13   10.93
-158865.319   264.042    -6.31   11.39
-158494.025   261.892    -5.79   12.83
-158122.763   259.154    -7.38   13.30
-157751.535   257.412    -4.69   13.22
-157380.340   255.282    -5.74   10.00
-157003.435   255.282    -0.00    7.78
-156625.533   259.622    11.49   10.90
-156247.666   265.095    14.49   11.55
-155869.833   270.783    15.06   11.13
-155492.035   277.046    16.58   10.23
-155114.270   279.424     6.29    8.23
-154736.541   283.319    10.32    9.37
-154358.845   285.801     6.57   10.00
-153981.184   283.710    -5.54   11.42
-153603.558   279.974    -9.89   14.09
-153225.966   276.074   -10.33   12.82
-152848.408   275.575    -1.32   11.07
-152470.884   272.449    -8.28   13.49
-152093.395   260.855   -30.72   23.64
-151715.940   245.221   -41.42   28.23
-151338.520   224.728   -54.31   27.52
-150961.134   203.971   -55.01   21.03
-150583.782   189.227   -39.08   14.94
-150206.464   179.801   -24.99    7.85
-149829.181   179.801     0.00    9.88
-149451.931   182.694     7.67   14.02
-149074.716   186.916    11.20   17.50
-148697.536   189.159     5.95   15.63
-148320.389   191.589     6.44   13.45
-147943.277   192.272     1.81    9.20
-147566.199   194.122     4.91    7.64
-147189.155   193.968    -0.41    6.43
-146812.145   194.042     0.20    6.11
-146435.170   193.455    -1.56    7.15
-146058.228   191.208    -5.96    8.18
-145681.321   187.197   -10.64    9.94
-145304.448   183.173   -10.68    9.06
-144927.609   178.346   -12.81    6.41
-144550.804   174.461   -10.31    5.08
-144174.033   171.153    -8.78    5.97
-143797.296   169.127    -5.38    5.83
-143420.594   168.990    -0.37    6.31
-143043.925   170.128     3.02    5.93
-142667.290   170.763     1.69    5.58
-142290.690   169.310    -3.86    5.75
-141914.123   167.551    -4.67    4.55
-141537.591   168.593     2.77    4.94
-141161.092   169.905     3.48    4.21
-140784.628   169.579    -0.87    4.36
-140408.198   166.065    -9.34    7.66
-140031.801   160.110   -15.82   10.69
-139655.438   153.301   -18.09   11.12
-139279.110   148.857   -11.81    8.98
-138902.815   148.375    -1.28    7.89
-138526.554   149.589     3.23    7.57
-138150.328   154.183    12.21   10.22
-137774.135   158.243    10.80   10.53
-137397.976   163.319    13.49    9.62
-137021.851   167.936    12.28    6.30
-136645.759   167.227    -1.88    7.13
-136269.702   165.442    -4.75    9.50
-135893.678   161.782    -9.74    9.79
-135517.689   156.219   -14.80    9.44
-135141.733   152.566    -9.72    8.43
-134765.811   149.462    -8.26    6.25
-134389.923   146.858    -6.93    5.51
-134014.068   145.357    -3.99    5.16
-133638.248   144.583    -2.06    3.98
-133262.461   144.272    -0.83    3.35
-132886.708   143.528    -1.98    3.31
-132510.988   143.181    -0.92    2.91
-132135.303   143.097    -0.22    2.33
-131759.651   144.224     3.00    3.10
-131384.033   145.820     4.25    3.44
-131008.448   146.480     1.76    3.72
-130632.897   145.897    -1.55    5.02
-130257.380   141.401   -11.97    7.53
-129881.897   137.647   -10.00    7.76
-129506.447   134.097    -9.46    6.70
-129131.031   131.782    -6.17    5.30
-128755.649   133.585     4.81    7.30
-128380.300   136.492     7.74    8.13
-128004.985   136.486    -0.02    6.85
-127629.703   136.197    -0.77    5.60
-127254.455   136.115    -0.22    5.51
-126879.241   135.952    -0.43    4.75
-126504.060   137.205     3.34    5.30
-126128.913   138.878     4.46    6.76
-125753.799   139.348     1.25    6.98
-125378.719   139.301    -0.13    7.07
-125003.673   140.551     3.33    7.39
-124628.660   140.705     0.41    7.83
-124253.680   142.178     3.93    8.30
-123878.734   142.282     0.28    8.82
-123503.822   141.914    -0.98    7.68
-123128.943   140.089    -4.87    7.44
-122754.097   138.783    -3.49    6.04
-122379.285   137.036    -4.66    4.72
-122004.506   136.744    -0.78    5.34
-121629.761   135.688    -2.82    5.13
-121255.049   134.186    -4.01    5.32
-120880.371   132.301    -5.03    5.73
-120505.726   130.566    -4.63    4.12
-120131.115   130.980     1.10    4.65
-119756.536   131.914     2.50    4.77
-119381.992   133.159     3.33    4.08
-119007.480   133.765     1.62    3.62
-118633.002   133.359    -1.08    2.88
-118258.557   132.140    -3.25    2.31
-117884.146   131.301    -2.24    1.73
-117509.768   130.619    -1.82    2.01
-117135.423   129.801    -2.19    2.11
-116761.112   129.122    -1.81    1.78
-116386.834   129.928     2.16    4.18
-116012.589   132.292     6.32    6.60
-115638.377   136.694    11.77    9.29
-115264.199   140.205     9.38    8.64
-114890.054   141.745     4.12    7.69
-114515.942   143.036     3.45    7.48
-114141.863   144.046     2.70    6.66
-113767.818   144.329     0.76    7.00
-113393.805   144.585     0.68    7.52
-113019.826   142.201    -6.38    7.78
-112645.880   140.895    -3.49    7.71
-112271.968   138.197    -7.22    8.41
-111898.088   132.719   -14.65    8.84
-111524.242   127.914   -12.85    9.09
-111150.429   124.017   -10.43    7.28
-110776.648   122.669    -3.61    7.04
-110402.901   125.468     7.49   10.73
-110029.188   127.474     5.37   11.18
-109655.507   128.840     3.66   10.70
-109281.859   127.914    -2.48   10.39
-108908.245   129.208     3.46   10.93
-108534.663   128.589    -1.66    9.90
-108161.115   126.097    -6.67   10.36
-107787.599   121.821   -11.45   11.70
-107414.117   115.730   -16.31    9.01
-107040.667   111.197   -12.14    4.78
-106667.251   109.528    -4.47    3.96
-106293.868   108.669    -2.30    4.00
-105920.517   109.416     2.00    5.63
-105547.200   110.622     3.23    7.24
-105173.915   111.721     2.94    8.49
-104800.664   110.946    -2.08    9.79
-104427.445   109.743    -3.22    9.25
-104054.260   110.122     1.01    6.41
-103681.107   114.933    12.90   11.20
-103307.987   121.512    17.64   12.24
-102934.901   128.069    17.58   10.84
-102561.847   129.405     3.58   10.67
-102188.826   129.931     1.41   11.41
-101815.838   129.743    -0.50   11.67
-101442.882   131.116     3.68    9.99
-101069.960   135.919    12.88    7.92
-100697.070   138.235     6.21    6.91
-100324.213   138.499     0.71    6.04
 -99951.390   136.631    -5.01    6.44
 -99578.598   134.329    -6.18    6.42
 -99205.840   130.474   -10.34    7.52
 -98833.115   126.895    -9.60    8.83
 -98460.422   123.238    -9.81    8.82
 -98087.762   122.707    -1.43    9.50
 -97715.135   121.644    -2.85   10.22
 -97342.540   117.235   -11.83   12.17
 -96969.979   111.820   -14.54   12.17
 -96597.450   108.212    -9.69    9.78
 -96224.953   107.938    -0.73    7.54
 -95852.490   114.782    18.38   11.53
 -95480.059   131.650    45.30   24.44
 -95107.661   150.936    51.79   32.65
 -94735.295   167.619    44.81   30.56
 -94362.963   177.401    26.27   22.44
 -93990.662   171.051   -17.06   21.36
 -93618.395   165.243   -15.60   22.64
 -93246.160   160.346   -13.16   22.70
 -92873.958   152.254   -21.74   21.77
 -92501.788   145.084   -19.27   19.62
 -92129.651   138.587   -17.46   13.63
 -91757.547   133.273   -14.28   10.56
 -91385.475   129.383   -10.46   11.42
 -91013.436   126.339    -8.18   10.94
 -90641.429   123.190    -8.47    9.03
 -90269.455   122.899    -0.78    8.71
 -89897.513   121.537    -3.66    8.08
 -89525.604   119.952    -4.26    8.36
 -89153.728   119.624    -0.88   10.09
 -88781.884   116.310    -8.91   11.25
 -88410.072   114.876    -3.86   11.44
 -88038.293   110.916   -10.65   10.38
 -87666.547   108.801    -5.69    7.85
 -87294.833   108.859     0.16    7.32
 -86923.151   107.447    -3.80    9.06
 -86551.502   102.431   -13.50   11.71
 -86179.885    96.461   -16.06   10.43
 -85808.301    93.292    -8.53    8.27
 -85436.749    98.570    14.21   14.95
 -85065.229   104.069    14.80   15.15
 -84693.742   109.821    15.48   12.81
 -84322.288   108.859    -2.59   11.19
 -83950.865   105.669    -8.59   10.00
 -83579.476   105.781     0.30   10.24
 -83208.118   107.619     4.95   10.69
 -82836.793   111.021     9.16   11.21
 -82465.500   111.480     1.24   11.06
 -82088.773   109.518    -5.21    9.57
 -81710.944   109.273    -0.65    7.57
 -81333.149   107.383    -5.00    7.22
 -80955.388   103.339   -10.70    9.54
 -80577.660    99.855    -9.22    9.98
 -80199.966    99.501    -0.94   10.35
 -79822.306   101.655     5.71    9.57
 -79444.678   103.171     4.01    8.74
 -79067.085   102.046    -2.98    9.85
 -78689.524    95.892   -16.30   11.02
 -78311.998    89.683   -16.45    7.81
 -77934.504    87.171    -6.65    7.28
 -77557.045    85.036    -5.66    8.09
 -77179.618    84.386    -1.72    8.67
 -76802.225    82.216    -5.75    8.42
 -76424.866    82.051    -0.44    6.97
 -76047.540    82.319     0.71    6.42
 -75670.247    81.428    -2.36    5.88
 -75292.987    79.890    -4.08    5.80
 -74915.762    76.688    -8.49    4.91
 -74538.569    73.763    -7.75    4.19
 -74161.410    71.764    -5.30    3.09
 -73784.284    71.243    -1.38    3.36
 -73407.191    71.230    -0.04    3.44
 -73030.132    72.311     2.87    3.87
 -72653.106    74.764     6.51    6.68
 -72276.113    76.254     3.95    7.09
 -71899.154    76.186    -0.18    6.94
 -71522.228    75.946    -0.63    7.10
 -71145.335    76.254     0.82    7.38
 -70768.475    74.801    -3.86    6.80
 -70391.649    74.641    -0.42    6.54
 -70014.856    74.042    -1.59    5.54
 -69638.096    73.397    -1.71    5.55
 -69261.370    72.820    -1.53    5.60
 -68884.676    70.765    -5.46    3.92
 -68508.016    69.262    -3.99    3.94
 -68131.389    68.437    -2.19    4.13
 -67754.795    68.801     0.97    5.56
 -67378.234    72.727    10.43    9.81
 -67001.707    77.147    11.74   12.09
 -66625.212    69.389   -20.61   21.46
 -66248.751    56.116   -35.26   25.50
 -65872.323    43.955   -32.31   21.96
 -65495.928    32.688   -29.94    5.19
 -65119.566    32.512    -0.47    4.11
 -64743.237    32.820     0.82    3.21
 -64366.941    31.860    -2.55    2.96
 -63990.678    31.339    -1.38    2.39
 -63614.449    30.394    -2.51    2.14
 -63238.252    31.650     3.34    5.66
 -62862.088    39.480    20.82   13.43
 -62485.958    47.428    21.13   14.72
 -62109.860    56.084    23.02   12.50
 -61733.796    62.343    16.64    6.46
 -61357.764    62.958     1.64    5.56
 -60981.765    61.782    -3.13    4.75
 -60605.800    60.532    -3.33    3.80
 -60229.867    60.205    -0.87    3.90
 -59853.967    60.666     1.23    3.47
 -59478.101    61.474     2.15    3.57
 -59102.267    63.218     4.64    3.76
 -58726.466    64.644     3.80    4.27
 -58350.698    67.512     7.63    6.31
 -57974.963    70.367     7.60    6.13
 -57599.260    72.075     4.55    5.63
 -57223.591    72.012    -0.17    5.95
 -56847.955    69.801    -5.89    4.84
 -56472.351    68.572    -3.27    3.99
 -56096.780    67.894    -1.81    2.74
 -55721.242    67.933     0.11    2.30
 -55345.737    68.546     1.63    2.55
 -54970.265    70.017     3.92    3.13
 -54594.825    72.839     7.52    6.77
 -54219.419    75.859     8.04    7.91
 -53844.045    78.461     6.93    8.08
 -53468.704    80.690     5.94    8.14
 -53093.395    82.166     3.93    7.79
 -52718.120    83.855     4.50    7.79
 -52342.877    86.859     8.00    7.69
 -51967.666    90.612    10.00   11.58
 -51592.489    94.311     9.86   12.41
 -51217.344   104.820    28.02   19.05
 -50842.232   113.227    22.41   21.03
 -50467.153   119.221    15.98   20.09
 -50092.106   130.747    30.73   24.02
 -49717.092   137.065    16.85   26.50
 -49342.111   143.165    16.27   28.69
 -48967.162   155.938    34.07   27.39
 -48592.246   155.292    -1.72   25.17
 -48217.363   150.442   -12.94   24.62
 -47842.512   141.361   -24.23   27.34
 -47467.694   127.694   -36.47   29.63
 -47092.908   112.224   -41.28   28.63
 -46718.155    95.655   -44.21   21.74
 -46343.435    85.089   -28.20   16.96
 -45968.747    76.933   -21.77   14.44
 -45594.091    69.310   -20.35   11.48
 -45219.469    65.703    -9.63   10.42
 -44844.878    62.616    -8.24   10.00
 -44470.321    59.036    -9.56    9.27
 -44095.795    54.674   -11.65    8.28
 -43721.303    49.820   -12.96    5.76
 -43346.843    47.455    -6.32    2.76
 -42972.415    49.128     4.47    5.00
 -42598.020    54.216    13.59   10.30
 -42223.657    60.462    16.68   11.94
 -41849.326    66.721    16.72   11.88
 -41475.029    69.424     7.22   10.82
 -41100.763    71.103     4.49   10.76
 -40726.530    73.507     6.42   13.94
 -40352.329    84.912    30.48   22.99
 -39978.161   101.330    43.88   29.73
 -39604.025   119.310    48.06   30.64
 -39229.922   134.389    40.31   30.72
 -38855.851   142.116    20.66   27.97
 -38481.812   144.272     5.76   28.36
 -38107.806   146.762     6.66   30.87
 -37733.832   154.243    20.00   33.02
 -37359.890   163.232    24.04   31.22
 -36985.980   161.783    -3.88   31.46
 -36612.103   159.669    -5.65   35.20
 -36238.259   149.744   -26.55   38.98
 -35864.446   136.521   -35.38   42.99
 -35490.666   122.876   -36.51   46.13
 -35116.918   101.551   -57.06   40.75
 -34743.202    81.409   -53.90   27.45
 -34369.519    73.820   -20.31   21.45
 -33995.868    75.609     4.79   28.01
 -33622.249    81.141    14.81   38.10
 -33248.662    86.320    13.87   41.98
 -32875.107    93.686    19.72   41.82
 -32501.585    90.676    -8.06   37.41
 -32128.095    83.084   -20.33   32.64
 -31754.637    69.339   -36.80   21.29
 -31381.211    60.235   -24.38   14.81
 -31007.817    47.650   -33.71   16.10
 -30634.456    38.857   -23.55   16.86
 -30261.126    30.370   -22.73   11.27
 -29887.829    28.409    -5.25    8.07
 -29514.564    33.897    14.70   10.87
 -29141.331    39.840    15.92   10.90
 -28768.130    48.134    22.22   12.30
 -28394.961    52.173    10.82   10.95
 -28021.824    53.328     3.09   11.41
 -27648.720    52.762    -1.52    9.56
 -27275.647    51.365    -3.75    8.76
 -26902.606    57.001    15.11   20.13
 -26529.598    71.262    38.23   37.77
 -26156.621    98.254    72.37   50.95
 -25783.677   113.061    39.70   48.66
 -25410.764   124.401    30.41   42.75
 -25037.884   135.056    28.58   37.83
 -24665.035   125.165   -26.53   42.15
 -24292.219   108.801   -43.89   50.16
 -23919.434    87.878   -56.13   51.46
 -23546.681    64.190   -63.55   36.42
 -23173.961    55.056   -24.51   22.33
 -22801.272    72.355    46.42   39.88
 -22428.615    87.161    39.73   41.49
 -22055.990   105.510    49.24   43.01
 -21683.397   129.840    65.30   43.10
 -21310.836   137.159    19.65   41.79
 -20938.307   143.725    17.63   38.39
 -20565.809   139.378   -11.67   41.06
 -20193.344   133.274   -16.39   39.15
 -19820.910   133.065    -0.56   38.30
 -19448.508   147.692    39.28   34.67
 -19076.138   161.581    37.30   23.77
 -18703.800   163.468     5.07   24.08
 -18331.494   160.241    -8.67   28.29
 -17959.219   156.089   -11.15   29.35
 -17586.977   140.089   -42.98   34.06
 -17214.766   135.134   -13.31   33.94
 -16842.586   124.946   -27.37   34.67
 -16470.439   123.839    -2.97   36.46
 -16098.323   137.008    35.39   35.47
 -15726.240   154.166    46.11   26.56
 -15354.187   163.628    25.43   21.78
 -14982.167   160.093    -9.50   26.38
 -14610.178   150.532   -25.70   31.50
 -14238.221   144.359   -16.60   32.17
 -13866.296   143.089    -3.41   32.98
 -13494.402   143.801     1.91   31.55
 -13122.540   147.593    10.20   30.10
 -12750.710   148.683     2.93   33.59
 -12378.911   134.977   -36.86   36.92
 -12007.144   142.128    19.23   33.57
 -11635.409   148.405    16.89   32.25
 -11263.705   155.745    19.75   28.14
 -10892.033   168.958    35.55   20.50
 -10520.393   174.968    16.17   14.07
 -10148.784   176.301     3.59    9.12
  -9777.206   172.183   -11.08   15.69
  -9405.661   162.448   -26.20   26.59
  -9034.147   144.820   -47.45   37.65
  -8662.664   132.724   -32.56   41.25
  -8291.213   125.291   -20.01   43.94
  -7919.793   119.839   -14.68   44.77
  -7548.405   121.481     4.42   46.29
  -7171.799   105.855   -41.49   53.50
  -6794.039    97.405   -22.37   55.42
  -6416.311    94.183    -8.53   55.84
  -6038.616   101.051    18.18   59.92
  -5660.954   124.589    62.33   56.17
  -5283.324   144.461    52.62   38.08
  -4905.727   139.601   -12.87   47.03
  -4528.163   114.230   -67.20   61.45
  -4150.631    86.378   -73.77   68.59
  -3773.132    61.122   -66.90   67.85
  -3395.666    35.012   -69.17   56.21
  -3018.232    11.507   -62.28   25.82
  -2640.831     4.134   -19.54    3.28
  -2263.462     4.840     1.87    3.20
  -1886.126     4.676    -0.44    3.35
  -1508.822     4.109    -1.50    3.52
  -1131.551     2.461    -4.37    3.33
   -754.312     0.839    -4.30    2.18
   -377.106    -0.121    -2.55    0.44
      0.067    -0.180    -0.16    0.14
    377.208    -0.199    -0.05    0.00
    754.317    -0.163     0.09    0.19
   1131.393     9.330    25.18   29.29
   1508.436    37.839    75.61   59.96
   1885.447    74.859    98.19   66.04
   2262.426   114.448   105.02   50.02
   2639.372   140.631    69.46   28.31
   3016.286   141.350     1.91   27.46
   3393.167   145.655    11.42   25.30
   3770.016   150.330    12.41   26.64
   4146.833   153.109     7.37   26.68
   4523.617   155.546     6.47   24.89
   4900.369   156.330     2.08   27.12
   5277.088   158.480     5.71   22.04
   5653.776   161.820     8.87   13.19
   6030.430   162.419     1.59    8.75
   6407.053   162.801     1.01    7.60
   6783.643   162.186    -1.63    8.25
   7160.201   163.526     3.56    8.65
   7536.726   165.743     5.89    6.27
   7913.219   162.593    -8.37   10.79
   8289.680   158.589   -10.64   16.18
   8666.109   156.255    -6.20   16.73
   9042.505   153.468    -7.41   16.46
   9418.869   151.243    -5.91   17.60
   9795.201   145.526   -15.19   21.13
  10171.501   143.487    -5.42   23.51
  10547.768   150.159    17.73   22.71
  10924.003   159.262    24.19   10.66
  11300.206   158.855    -1.08   10.17
  11676.377   151.821   -18.70   19.97
  12052.516   140.070   -31.24   25.13
  12428.622   141.938     4.97   25.83
  12804.696   144.428     6.62   25.51
  13180.738   152.060    20.29   21.97
  13556.748   161.448    24.97    8.18
  13932.726   158.346    -8.25   12.16
  14308.672   152.997   -14.23   13.16
  14684.585   149.612    -9.00   14.86
  15060.467   141.350   -21.98   23.76
  15436.316   130.154   -29.79   31.20
  15812.134   128.060    -5.57   31.26
  16187.919   127.919    -0.38   30.49
  16563.672   138.583    28.38   25.45
  16939.393   150.051    30.52   15.89
  17315.082   154.575    12.04   10.35
  17690.739   159.546    13.23    7.38
  18066.364   163.724    11.12    5.16
  18441.957   166.208     6.61    4.84
  18817.518   167.021     2.16    4.36
  19193.047   165.292    -4.60    4.97
  19568.544   163.128    -5.76    5.24
  19944.009   161.523    -4.27    5.01
  20319.443   161.801     0.74    5.33
  20694.844   163.359     4.15    5.82
  21070.213   166.468     8.28    4.44
  21445.550   166.821     0.94    3.46
  21820.856   164.744    -5.53    5.21
  22196.129   159.628   -13.63    8.22
  22571.371   154.455   -13.78    8.98
  22946.580   150.977    -9.27    7.62
  23321.758   150.859    -0.32    6.90
  23696.904   153.512     7.07    6.32
  24072.018   156.061     6.79    4.90
  24447.100   157.235     3.13    4.16
  24822.150   157.546     0.83    3.95
  25197.169   156.874    -1.79    3.64
  25572.156   156.154    -1.92    3.58
  25947.111   155.128    -2.74    3.03
  26322.034   154.644    -1.29    2.83
  26696.925   155.173     1.41    3.01
  27071.784   156.894     4.59    3.37
  27446.612   157.487     1.58    4.22
  27821.408   157.692     0.55    4.25
  28196.172   157.141    -1.47    4.32
  28570.905   154.055    -8.23    4.97
  28945.605   151.421    -7.03    4.02
  29320.274   150.262    -3.09    3.43
  29694.912   151.650     3.70    4.75
  30069.517   153.381     4.62    4.77
  30444.091   159.468    16.25    9.73
  30818.633   167.839    22.35   13.63
  31193.144   172.837    13.34   13.45
  31567.623   173.389     1.47   13.42
  31942.070   166.666   -17.95   14.64
  32316.486   157.593   -24.23    8.58
  32690.870   153.154   -11.86    4.65
  33065.222   152.141    -2.71    4.80
  33439.543   152.056    -0.23    5.11
  33813.832   153.855     4.81    7.31
  34188.089   155.686     4.89    7.22
  34562.315   156.227     1.45    5.11
  34936.509   156.703     1.27    4.50
  35310.672   157.507     2.15    4.80
  35684.803   157.178    -0.88    4.81
  36058.903   154.581    -6.94    6.21
  36432.971   152.328    -6.02    6.21
  36807.008   151.252    -2.88    5.86
  37181.013   150.146    -2.96    6.83
  37554.987   148.899    -3.34    7.03
  37928.929   150.551     4.42    7.78
  38302.839   152.499     5.21    7.38
  38676.718   156.115     9.67    6.11
  39050.566   157.122     2.69    6.45
  39424.382   156.281    -2.25    6.43
  39798.167   155.765    -1.38    6.73
  40171.920   153.839    -5.15    5.98
  40545.642   157.386     9.49   10.70
  40919.333   162.897    14.75   13.71
  41292.992   168.330    14.54   14.00
  41666.619   170.008     4.49   12.62
  42040.216   168.881    -3.02   12.87
  42413.781   163.782   -13.65   13.40
  42787.314   157.350   -17.22   11.71
  43160.816   151.674   -15.20    7.92
  43534.287   149.526    -5.75    5.39
  43907.727   147.705    -4.88    4.94
  44281.135   146.171    -4.11    5.18
  44654.512   145.095    -2.88    6.30
  45027.857   141.505    -9.62    8.29
  45401.171   136.141   -14.37   10.74
  45774.454   129.857   -16.83   12.59
  46147.706   125.173   -12.55   13.02
  46520.926   123.914    -3.37   15.88
  46894.115   117.589   -16.95   22.95
  47267.273   108.095   -25.44   27.53
  47640.400    97.910   -27.30   29.93
  48013.495    90.378   -20.19   26.89
  48386.559    86.328   -10.85   22.31
  48759.592    89.421     8.29   23.94
  49132.594    88.971    -1.21   24.68
  49505.564    89.232     0.70   25.85
  49878.504    87.742    -4.00   27.80
  50251.412    86.876    -2.32   26.81
  50624.289    92.724    15.68   25.66
  50997.135   100.092    19.76   22.89
  51369.949   110.051    26.71   19.86
  51742.733   117.141    19.02   16.21
  52115.485   121.921    12.82   15.38
  52488.207   128.084    16.53   10.84
  52860.897   136.821    23.44   17.22
  53233.556   146.840    26.89   20.10
  53606.184   150.933    10.98   19.80
  53978.781   148.350    -6.93   20.38
  54351.347   140.183   -21.92   20.74
  54723.882   126.272   -37.34   23.53
  55096.385   108.895   -46.64   30.33
  55468.858    95.541   -35.85   28.50
  55841.300    84.235   -30.35   19.46
  56213.710    80.644    -9.64   13.49
  56586.090    84.017     9.06   13.76
  56958.439    83.705    -0.84   14.33
  57330.756    82.860    -2.27   14.03
  57703.043    84.892     5.46   12.70
  58075.299    84.585    -0.82   11.65
  58447.524    89.537    13.30   13.04
  58819.717    95.161    15.11   15.44
  59191.880   102.084    18.60   19.35
  59564.012   111.270    24.68   19.14
  59936.113   122.512    30.21   16.84
  60308.183   129.075    17.64   15.60
  60680.222   129.281     0.55   19.37
  61052.230   130.103     2.21   19.69
  61424.208   128.762    -3.61   14.84
  61796.154   124.154   -12.39   15.11
  62168.070   119.481   -12.56   17.89
  62539.954   113.644   -15.69   12.56
  62911.808   113.238    -1.09   11.92
  63283.631   115.916     7.20   13.40
  63655.424   118.115     5.91   13.07
  64027.185   118.762     1.74   13.00
  64398.916   121.147     6.42   13.72
  64770.615   122.878     4.66   13.48
  65142.284   126.134     8.76   13.81
  65513.923   127.075     2.53   14.01
  65885.530   125.840    -3.32   13.02
  66257.107   126.905     2.87   10.81
  66628.653   127.859     2.57   11.20
  67000.168   131.955    11.02   14.25
  67371.652   137.075    13.78   16.68
  67748.196   142.664    14.84   19.02
  68125.886   149.141    17.15   19.19
  68503.544   153.781    12.29   18.26
  68881.170   159.176    14.28   18.69
  69258.764   167.389    21.75   16.01
  69636.327   173.997    17.50   13.89
  70013.858   179.664    15.01    7.30
  70391.357   183.416     9.94    5.15
  70768.824   183.624     0.55    6.20
  71146.259   183.566    -0.16    7.40
  71523.663   184.093     1.40    7.77
  71901.035   184.919     2.19    6.29
  72278.375   186.941     5.36    6.21
  72655.684   189.521     6.84    5.72
  73032.961   192.518     7.94    6.41
  73410.206   194.021     3.98    5.92
  73787.419   197.859    10.17    5.89
  74164.601   201.093     8.57    5.84
  74541.751   203.801     7.18    5.99
  74918.869   204.526     1.92    5.62
  75295.956   204.350    -0.47    4.46
  75673.011   202.874    -3.92    4.27
  76050.034   200.624    -5.97    4.41
  76427.026   199.159    -3.89    4.69
  76803.986   197.985    -3.12    4.68
  77180.915   196.997    -2.62    5.74
  77557.812   194.955    -5.42    6.66
  77934.677   191.585    -8.94    7.16
  78311.511   187.208   -11.61    6.65
  78688.313   182.723   -11.90    8.20
  79065.084   177.329   -14.31    8.99
  79441.823   170.981   -16.85   14.77
  79818.531   162.575   -22.31   15.96
  80195.207   155.474   -18.85   13.76
  80571.851   151.017   -11.83    9.34
  80948.464   156.892    15.60   13.77
  81325.046   166.546    25.63   16.38
  81701.596   175.159    22.87   15.71
  82078.114   183.958    23.37    9.07
  82454.601   185.820     4.95    5.04
  82831.057   182.938    -7.65    7.78
  83207.481   180.409    -6.72    7.29
  83583.874   178.875    -4.07    5.47
  83960.235   177.350    -4.05    5.85
  84336.565   174.023    -8.84    8.07
  84712.864   171.350    -7.10    8.60
  85089.131   171.165    -0.49    8.15
  85465.367   174.350     8.47    9.39
  85841.571   179.493    13.67    9.05
  86217.744   183.859    11.60    6.97
  86593.885   184.501     1.71    5.32
  86969.996   184.518     0.05    4.39
  87346.075   184.723     0.54    3.67
  87722.122   186.801     5.53    3.99
  88098.138   187.647     2.25    3.86
  88474.123   186.820    -2.20    4.21
  88850.077   185.624    -3.18    4.78
  89225.999   184.381    -3.31    4.63
  89601.890   184.216    -0.44    4.53
  89977.750   186.161     5.17    4.48
  90353.579   186.319     0.42    4.23
  90729.376   187.243     2.46    4.78
  91105.142   188.208     2.57    5.00
  91480.877   188.581     0.99    4.67
  91856.580   187.958    -1.66    4.12
  92232.253   185.575    -6.34    4.14
  92607.894   183.454    -5.64    3.93
  92983.504   182.273    -3.14    3.84
  93359.082   183.359     2.89    4.97
  93734.630   185.727     6.31    5.65
  94110.146   189.232     9.33    5.43
  94485.631   192.624     9.03    3.76
  94861.086   193.378     2.01    3.21
  95236.509   192.947    -1.15    3.68
  95611.900   190.436    -6.69    4.88
  95987.261   187.441    -7.98    3.86
  96362.591   185.329    -5.63    3.99
  96737.889   183.061    -6.04    3.40
  97113.156   181.879    -3.15    3.41
  97488.393   180.115    -4.70    4.83
  97863.598   178.030    -5.56    5.51
  98238.772   173.743   -11.43    7.51
  98613.915   169.115   -12.34    7.16
  98989.027   167.056    -5.49    5.81
  99364.108   166.409    -1.72    4.29
  99739.158   167.499     2.91    4.29
 100114.177   169.272     4.73    4.30
 100489.165   171.676     6.41    4.19
 100864.122   174.173     6.66    4.55
 101239.048   177.107     7.82    4.09
 101613.943   179.428     6.19    4.13
 101988.808   181.589     5.76    3.36
 102363.641   183.585     5.32    3.93
 102738.443   185.252     4.45    4.16
 103113.214   185.919     1.78    3.92
 103487.954   183.801    -5.65    4.49
 103862.664   181.093    -7.23    3.48
 104237.342   179.487    -4.28    3.10
 104611.990   177.997    -3.98    3.13
 104986.606   176.781    -3.25    3.32
 105361.192   174.878    -5.08    3.60
 105735.747   173.281    -4.26    3.19
 106110.271   171.703    -4.21    3.13
 106484.764   170.009    -4.52    3.03
 106859.227   169.566    -1.18    3.25
 107233.658   169.821     0.68    3.97
 107608.059   169.741    -0.21    4.50
 107982.429   169.593    -0.39    4.36
 108356.768   168.781    -2.17    4.68
 108731.076   167.416    -3.65    4.92
 109105.354   166.321    -2.93    4.51
 109479.601   164.782    -4.11    4.34
 109853.816   164.134    -1.73    3.77
 110228.002   165.370     3.30    5.12
 110602.156   167.241     5.00    6.86
 110976.280   168.721     3.96    8.02
 111350.373   166.745    -5.28    8.62
 111724.435   164.041    -7.23    8.73
 112098.467   159.993   -10.82    6.60
 112472.467   157.844    -5.75    3.95
 112846.438   158.878     2.77    4.84
 113220.377   161.021     5.73    4.90
 113594.286   163.481     6.58    4.86
 113968.164   164.897     3.79    4.83
 114342.012   166.115     3.26    3.76
 114715.828   166.949     2.23    3.75
 115089.615   166.997     0.13    3.91
 115463.370   169.436     6.52    4.57
 115837.095   171.084     4.41    4.33
 116210.789   171.919     2.23    3.88
 116584.453   171.840    -0.21    4.19
 116958.086   171.021    -2.19    4.78
 117331.689   169.968    -2.82    4.64
 117705.261   169.762    -0.55    4.75
 118078.802   167.442    -6.21    5.08
 118452.313   164.581    -7.66    4.82
 118825.794   161.424    -8.45    4.06
 119199.243   159.697    -4.62    3.99
 119572.663   157.409    -6.13    5.35
 119946.051   154.017    -9.08    5.90
 120319.410   150.723    -8.82    5.51
 120692.737   147.468    -8.72    3.24
 121066.035   146.455    -2.71    2.25
 121439.302   147.669     3.25    3.46
 121812.538   149.361     4.53    4.99
 122185.744   152.801     9.22    5.38
 122558.919   156.617    10.23    5.38
 122932.064   160.723    11.00    5.69
 123305.179   164.958    11.35    7.36
 123678.263   169.036    10.93    7.68
 124051.317   173.412    11.73    7.49
 124424.340   176.193     7.45    6.23
 124797.333   178.933     7.34    5.02
 125170.295   180.181     3.35    4.61
 125543.228   179.669    -1.37    4.75
 125916.129   178.981    -1.84    4.29
 126289.001   177.370    -4.32    4.13
 126661.842   175.320    -5.50    4.24
 127034.653   173.213    -5.65    5.11
 127407.433   170.301    -7.81    6.40
 127780.183   166.378   -10.52    7.78
 128152.903   161.518   -13.04    7.28
 128525.593   158.761    -7.40    6.11
 128898.252   158.914     0.41    6.67
 129270.881   160.401     3.99    7.49
 129643.479   162.134     4.65    6.74
 130016.048   161.897    -0.64    5.91
 130388.586   159.487    -6.47    7.18
 130761.094   154.468   -13.47    6.42
 131133.572   149.916   -12.22    4.92
 131506.019   146.782    -8.41    3.95
 131878.436   145.641    -3.06    2.89
 132250.823   145.442    -0.53    3.34
 132623.180   146.413     2.61    4.06
 132995.507   148.683     6.10    5.49
 133367.803   151.455     7.44    6.14
 133740.069   154.901     9.26    5.63
 134112.305   156.894     5.35    3.96
 134484.511   156.914     0.06    3.38
 134856.687   155.933    -2.64    3.01
 135228.833   154.721    -3.26    3.13
 135600.948   152.197    -6.78    4.16
 135973.034   150.148    -5.51    4.28
 136345.089   148.389    -4.73    3.90
 136717.114   147.350    -2.79    3.28
 137089.109   147.741     1.05    3.08
 137461.074   148.079     0.91    2.71
 137833.009   147.532    -1.47    2.64
 138204.914   146.274    -3.38    3.03
 138576.789   144.213    -5.54    3.40
 138948.634   141.474    -7.36    5.01
 139320.449   139.066    -6.47    4.99
 139692.233   137.723    -3.61    5.06
 140063.988   137.501    -0.60    5.18
 140435.713   139.161     4.47    5.37
 140807.407   141.084     5.17    4.10
 141179.072   142.213     3.04    2.38
 141550.707   141.764    -1.21    1.99
 141922.312   141.115    -1.75    2.07
 142293.886   140.084    -2.77    2.23
 142670.414   139.321    -2.03    2.36
 143048.035   138.551    -2.04    2.58
 143425.625   137.723    -2.19    2.28
 143803.184   136.840    -2.34    2.51
 144180.712   136.431    -1.08    2.21
 144558.210   135.468    -2.55    2.52
 144935.676   134.666    -2.12    2.99
 145313.111   133.723    -2.50    3.59
 145690.515   133.875     0.40    3.84
 146067.889   133.370    -1.34    4.32
 146445.231   131.320    -5.43    5.35
 146822.543   128.840    -6.57    5.70
 147199.823   126.066    -7.35    4.26
 147577.073   125.839    -0.60    5.19
 147954.292   123.840    -5.30    5.78
 148331.480   121.190    -7.03    6.19
 148708.637   118.173    -8.00    4.65
 149085.763   116.605    -4.16    2.90
 149462.859   116.570    -0.09    2.93
 149839.923   117.801     3.26    3.68
 150216.957   119.664     4.94    4.34
 150593.960   120.601     2.49    4.37
 150970.932   122.609     5.33    6.65
 151347.873   124.061     3.85    6.67
 151724.783   123.624    -1.16    6.51
 152101.663   124.330     1.87    5.97
 152478.512   122.551    -4.72    4.85
 152855.330   122.232    -0.85    4.38
 153232.118   123.193     2.55    4.28
 153608.874   124.301     2.94    3.84
 153985.600   126.512     5.87    3.30
 154362.295   128.321     4.80    2.15
 154738.960   129.070     1.99    1.48
 155115.594   129.238     0.45    1.29
 155492.197   128.860    -1.01    1.64
 155868.769   128.036    -2.19    1.93
 156245.311   127.232    -2.13    2.00
 156621.822   126.042    -3.16    1.95
 156998.302   125.021    -2.71    2.47
 157374.752   122.725    -6.10    3.62
 157751.171   121.238    -3.95    3.26
 158127.559   121.370     0.35    3.49
 158503.917   122.647     3.39    3.57
 158880.244   124.213     4.16    2.45
 159256.541   124.468     0.68    2.58
 159632.807   124.683     0.57    2.68
 160009.042   124.339    -0.91    2.32
 160385.247   124.330    -0.02    2.23
 160761.421   124.008    -0.86    2.25
 161137.565   123.252    -2.01    2.03
 161513.678   122.252    -2.66    2.80
 161889.761   120.095    -5.73    3.67
 162265.813   118.536    -4.15    3.66
 162641.834   116.051    -6.61    3.83
 163017.825   113.723    -6.19    4.58
 163393.786   112.301    -3.78    4.42
 163769.716   111.448    -2.27    4.27
 164145.616   111.801     0.94    5.08
 164521.485   113.448     4.38    5.19
 164897.323   114.121     1.79    4.12
 165273.131   113.367    -2.01    3.76
 165648.909   113.030    -0.90    3.45
 166024.656   112.461    -1.51    3.51
 166400.373   112.762     0.80    3.71
 166776.060   113.282     1.38    3.08
 167151.716   113.501     0.58    2.27
 167527.341   112.581    -2.45    3.01
 167902.937   111.036    -4.11    4.14
 168278.501   108.613    -6.45    4.73
 168654.036   106.958    -4.41    4.84
 169029.540   105.461    -3.99    4.94
 169405.014   104.899    -1.50    5.36
 169780.457   103.961    -2.50    5.53
 170155.870   103.061    -2.40    5.86
 170531.253   101.017    -5.45    6.54
 170906.605    99.280    -4.63    6.31
 171281.927    97.958    -3.52    5.55
 171657.219    97.401    -1.48    5.63
 172032.481    96.561    -2.24    5.77
 172407.712    96.914     0.94    5.90
 172782.913    97.061     0.39    5.26
 173158.084   100.936    10.33    7.97
 173533.224   107.344    17.08   11.26
 173908.334   111.109    10.03   11.79
 174283.414   111.879     2.05   11.78
 174658.464   112.401     1.39   11.80
 175033.484   111.857    -1.45   12.21
 175408.473   107.350   -12.02   13.53
 175783.432   101.273   -16.21   13.04
 176158.361    95.441   -15.55    8.90
 176533.260    91.348   -10.92    7.21
 176908.128    88.964    -6.36    6.56
 177282.967    87.860    -2.95    6.50
 177657.775    86.879    -2.62    5.46
 178032.553    87.546     1.78    5.30
 178407.301    90.301     7.35    5.17
 178782.019    92.664     6.30    4.40
 179156.707    92.173    -1.31    4.24
 179531.365    91.781    -1.05    4.55
 179905.992    92.480     1.87    4.69
 180280.590    93.272     2.11    4.92
 180655.157    93.487     0.58    5.33
 181029.694    93.311    -0.47    5.29
 181404.202    93.461     0.40    5.02
 181778.679    93.273    -0.50    4.44
 182153.126    93.601     0.88    4.45
 182527.543    93.027    -1.53    5.29
 182901.930    91.743    -3.43    5.86
 183276.287    90.023    -4.59    6.62
 183650.614    88.901    -3.00    6.47
 184024.912    88.121    -2.08    5.51
 184399.179    85.781    -6.25    5.74
 184773.416    82.758    -8.08    7.35
 185147.623    80.499    -6.04    7.64
 185521.800    77.270    -8.63    7.12
 185895.947    76.008    -3.37    7.03
 186270.065    74.272    -4.64    6.91
 186644.152    71.936    -6.24    6.56
 187018.209    69.740    -5.87    5.47
 187392.237    67.801    -5.18    3.63
 187766.235    67.272    -1.42    2.29
 188140.202    67.301     0.08    2.03
 188514.140    67.350     0.13    2.09
 188888.048    66.601    -2.00    2.54
 189261.926    65.782    -2.19    2.87
 189635.774    64.901    -2.36    2.88
 190009.593    64.521    -1.02    2.76
 190383.381    65.330     2.17    3.40
 190757.140    66.134     2.15    3.16
 191130.869    66.566     1.15    3.81
 191504.568    68.536     5.27    4.79
 191878.237    71.036     6.69    6.99
 192251.877    74.341     8.84    8.17
 192625.486    76.919     6.90    8.76
 192999.066    78.115     3.20    8.69
 193372.616    76.981    -3.03    7.77
 193746.137    76.860    -0.32    6.90
 194119.627    75.926    -2.50    6.26
 194493.088    77.056     3.02    5.48
 194866.519    76.101    -2.56    4.20
 195239.920    76.576     1.27    4.43
 195613.292    79.705     8.38    5.83
 195986.634    82.507     7.50    6.44
 196359.946    83.782     3.42    6.35
 196733.229    83.638    -0.39    6.41
 197106.482    84.147     1.36    5.97
 197479.705    84.040    -0.29    5.85
 197852.898    84.821     2.09    6.44
 198226.062    86.121     3.48    6.42
 198599.197    86.601     1.29    5.90
 198972.301    87.894     3.46    5.06
 199345.376    89.075     3.17    4.62
 199718.422    89.461     1.03    4.23
 200091.437    90.213     2.01    3.61
 200464.423    91.147     2.50    4.28
 200837.380    92.393     3.34    3.75
 201210.307    93.977     4.25    4.14
 201583.204    96.101     5.69    4.44
 201956.072    98.061     5.26    3.80
 202328.910    99.205     3.07    3.62
 202701.719    99.551     0.93    3.71
 203074.498    97.027    -6.77    5.38
 203447.248    95.181    -4.95    6.33
 203819.968    93.897    -3.44    6.40
 204192.659    93.526    -0.99    6.53
 204565.320    93.650     0.33    5.48
 204937.951    93.546    -0.28    5.59
 205310.553    93.585     0.11    5.79
 205683.126    91.359    -5.98    6.34
 206055.669    89.221    -5.74    6.94
 206428.183    84.952   -11.46    7.86
 206800.667    80.541   -11.84    7.18
 207173.122    77.474    -8.23    6.49
 207545.547    75.272    -5.91    4.55
 207917.943    74.329    -2.53    4.41
 208290.310    74.919     1.58    4.73
 208662.647    74.526    -1.05    4.61
 209034.955    74.421    -0.28    4.50
 209407.233    74.781     0.97    4.14
 209779.482    75.056     0.74    3.46
 210151.702    76.843     4.80    4.36
 210523.892    80.878    10.84    6.24
 210896.053    85.291    11.86    6.82
 211268.184    90.065    12.83    6.44
 211640.287    93.370     8.88    5.52
 212012.360    92.949    -1.13    5.87
 212384.403    92.761    -0.51    6.28
 212756.417    93.481     1.93    6.50
 213128.402    95.134     4.44    6.13
 213500.358    98.062     7.87    4.28
 213872.284   101.065     8.07    4.78
 214244.181   103.495     6.53    4.48
 214616.049   105.839     6.30    4.78
 214987.888   107.977     5.75    3.57
 215359.697   108.518     1.45    3.52
 215731.477   108.921     1.08    2.88
 216103.228   107.921    -2.69    3.17
 216474.950   106.521    -3.77    3.09
 216846.642   105.760    -2.05    2.85
 217218.305   105.115    -1.74    3.31
 217594.855   104.931    -0.49    4.34
 217972.407   103.370    -4.14    5.43
 218349.928   103.173    -0.52    5.35
 218727.420   102.507    -1.77    5.57
 219104.881   101.938    -1.51    5.93
 219482.312   100.738    -3.18    6.03
 219859.713    99.291    -3.83    5.89
 220237.084    98.681    -1.62    5.71
 220614.425    99.576     2.37    6.05
 220991.735    99.243    -0.88    5.93
 221369.016    99.232    -0.03    5.82
 221746.266    97.329    -5.04    6.19
 222123.487    95.468    -4.93    6.70
 222500.677    93.977    -3.95    6.89
 222877.837    93.501    -1.26    7.19
 223254.967    91.581    -5.09    6.56
 223632.067    90.859    -1.91    6.23
 224009.137    89.781    -2.86    6.10
 224386.176    86.821    -7.85    5.40
 224763.186    86.881     0.16    6.32
 225140.166    90.551     9.73    9.85
 225517.116    93.272     7.22   10.28
 225894.036    94.703     3.80    9.36
 226270.925    95.941     3.28    9.05
 226647.785    95.576    -0.97    8.19
 227024.615    98.339     7.33    8.39
 227401.415   104.259    15.71    6.75
 227778.185   107.955     9.81    7.30
 228154.924   111.428     9.22    6.82
 228531.634   111.801     0.99    7.74
 228908.314   107.393   -11.70   11.37
 229284.964    98.781   -22.86   12.20
 229661.585    91.507   -19.31    9.46
 230038.175    90.291    -3.23   10.09
 230414.735    95.566    14.00   13.72
 230791.266   103.341    20.65   12.33
 231167.766   103.232    -0.29    9.95
 231544.237    95.997   -19.21   12.74
 231920.678    89.757   -16.57   13.18
 232297.089    84.330   -14.41    8.89
 232673.470    82.738    -4.23    5.45
 233049.821    88.141    14.35    8.82
 233426.143    95.166    18.66    9.61
 233802.435   101.899    17.89    7.20
 234178.696   106.235    11.52    4.13
 234554.928   107.601     3.63    2.88
 234931.131   106.455    -3.05    3.81
 235307.303   105.209    -3.31    4.08
 235683.446   105.291     0.22    3.59
 236059.559   104.840    -1.20    3.74
 236435.642   103.664    -3.13    4.63
 236811.695   100.993    -7.10    5.10
 237187.719    99.821    -3.12    4.90
 237563.713    99.955     0.36    5.00
 237939.677   101.641     4.48    5.27
 238315.612   103.912     6.04    4.69
 238691.517   107.781    10.29    4.76
 239067.392   110.361     6.86    4.61
 239443.237   112.201     4.89    3.93
 239819.053   113.344     3.04    3.07
 240194.839   113.032    -0.83    1.97
 240570.596   112.985    -0.13    1.79
 240946.323   112.585    -1.06    2.24
 241322.020   110.840    -4.64    3.54
 241697.687   109.107    -4.61    3.79
 242073.325   107.546    -4.15    5.08
 242448.934   106.968    -1.54    6.10
 242824.512   106.291    -1.80    6.24
 243200.061   105.161    -3.01    6.85
 243575.581   102.536    -6.99    7.37
 243951.071    98.291   -11.30    5.67
 244326.531    94.899    -9.03    6.32
 244701.962    92.291    -6.94    6.62
 245077.363    92.434     0.38    7.55
 245452.735    91.518    -2.44    7.76
 245828.077    92.343     2.20    7.98
 246203.390    89.448    -7.71    9.50
 246578.673    83.860   -14.89    9.72
 246953.927    77.421   -17.15   10.35
 247329.151    71.159   -16.68    9.20
 247704.345    68.409    -7.33    7.25
 248079.511    72.381    10.59   11.82
 248454.646    78.958    17.53   13.04
 248829.753    85.897    18.49   11.78
 249204.829    93.723    20.86   11.27
 249579.877    98.036    11.50   10.04
 249954.895    99.311     3.40    8.42
 250329.883    95.861    -9.20   10.18
 250704.842    92.109   -10.00   10.24
 251079.772    92.434     0.87    9.41
 251454.672    93.593     3.09    8.78
 251829.543    94.997     3.74    8.41
 252204.384    95.724     1.94    8.11
 252579.197    96.006     0.75    7.29
