#  158.755  -0.268   8.576 ;Mean Elev.(m), Avg Gradient(m/km), RMS Gradient(m/km) - SRTM1     
#  145.323  -0.575   8.710 ;Mean Elev.(m), Avg Gradient(m/km), RMS Gradient(m/km) - ASTER GDEM
#  162.274  -0.235   8.830 ;Mean Elev.(m), Avg Gradient(m/km), RMS Gradient(m/km) - GMTED2010 
  6 268.700176  40.626337   179.491   179.491  2 52420.14985062 22.960
  7 268.702837  40.624756   158.050   158.050  2 52455.14987441 27.350
  8 268.711253  40.628573   157.520   157.520  2 52490.14985015 26.015
  9 268.710129  40.627044   157.508   157.508  2 52525.14982826 31.594
 10 268.701116  40.626659   158.092   158.092  2 52560.14987728 27.741
 11 268.700261  40.624010   158.387   158.387  2 52595.14988360 49.140
 12 268.704045  40.626709   157.895   157.895  2 52630.14981682 40.727
 14 268.706445  40.625529   211.518   211.518  2 52700.14981846  8.724
 15 268.712039  40.627301   157.512   157.512  2 52735.14985025 37.759
 16 268.709384  40.628150   213.804   213.804  2 52770.14983808  9.104
 18 268.703704  40.624825   157.772   157.772  2 52840.14993569 36.235
 19 268.703242  40.626975   158.254   158.254  2 52875.14997521 39.817
 20 268.713850  40.628529   158.582   158.582  2 52910.14994630 26.363
 21 268.706241  40.625606   158.075   158.075  2 52945.14988770 49.647
 23 268.706320  40.626316   179.173   179.173  2 53015.14993334 13.592
 26 268.699907  40.626083   195.874   195.874  2 53120.14991414 15.774
 27 268.698328  40.624378   158.704   158.704  2 53155.14996699 25.781
 28 268.710578  40.627657   193.510   193.510  2 53190.14995757 10.321
 29 268.709363  40.628422   158.237   158.237  2 53225.14996733 30.219
 30 268.706398  40.625583   157.316   157.316  2 53260.14994145 30.244
 31 268.695120  40.623834   158.321   158.321  2 53295.14996991 22.189
 32 268.706466  40.627598   158.045   158.045  2 53330.14994318 34.957
 33 268.712740  40.627737   203.920   203.920  2 53365.14989247 14.322
 35 268.710965  40.626982   157.993   157.993  2 53435.14990746 46.115
 38 268.704167  40.625284   157.728   157.728  2 53540.14999354 32.590
 39 268.704773  40.627353   158.865   158.865  2 53575.14998799 22.537
 41 268.701141  40.626603   157.612   157.612  2 53645.14994187 30.941
 42 268.702030  40.624724   157.829   157.829  2 53680.14995852 33.504
 43 268.712444  40.627567   212.674   212.674  2 53715.14988677  6.729
 44 268.705793  40.625607   158.371   158.371  2 53750.14980297 35.878
 45 268.710675  40.627300   179.058   179.058  2 53785.14983357 16.785
 47 268.698906  40.626017   211.343   211.343  2 53855.14987657 11.859
 48 268.710575  40.627984   158.061   158.032  3 53890.14988667 37.817
 49 268.695284  40.623474   158.010   158.010  2 53925.14995132 21.848
 51 268.700614  40.625883   158.198   158.198  2 53995.14987567 28.471
 52 268.704132  40.626736   158.075   158.075  2 54030.14993221 24.297
 53 268.709606  40.628362   158.140   158.140  2 54065.14992587 44.892
 55 268.702246  40.625625   194.865   194.865  2 54135.14985139 13.658
 57 268.701309  40.625102   158.732   158.732  2 54205.14985565 37.871
 58 268.706330  40.625382   157.869   157.869  2 54240.14988980 35.329
 59 268.706005  40.627302   158.237   158.237  2 54275.14990635 25.353
 61 268.711234  40.626709   158.964   158.964  2 54345.14988297 45.376
 65 268.707704  40.625479   191.708   191.708  2 54485.14982630 11.305
 66 268.704370  40.626125   195.405   195.405  2 54520.14982465 11.933
 67 268.708666  40.626743   183.912   183.912  2 54555.14983784 18.871
 68 268.704078  40.625858   159.852   159.852  2 54590.14982093 45.251
 70 268.703952  40.624770   158.308   158.308  2 54660.14984552 21.237
 71 268.708947  40.626547   158.464   158.464  2 54695.14982457 45.001
 73 268.706394  40.625045   157.750   157.750  2 54765.14980233 26.853
 79 268.704333  40.625474   157.966   157.966  2 54975.14981342 32.117
 80 268.705655  40.627749   211.594   211.594  2 55010.14982538  9.081
 81 268.705878  40.625578   158.033   158.033  2 55045.14981573 41.222
 83 268.704221  40.626187   157.809   157.809  2 55115.14974788 28.719
 84 268.704850  40.627810   158.375   158.375  2 55150.14974751 40.032
 85 268.702016  40.625275   210.893   210.893  2 55185.14973210  6.315
 86 268.706304  40.626495   212.418   212.643  3 55220.14974539 15.972
 87 268.704569  40.626012   211.327   211.327  2 55255.14972792  6.093
 88 268.708755  40.626845   180.189   180.189  2 55290.14973475 20.115
 90 268.706201  40.626652   212.570   212.570  2 55360.14971189  9.711
 91 268.702819  40.627117   158.482   158.482  2 55395.14971717 33.621
 92 268.706255  40.627540   158.651   158.651  2 55430.14972767 39.994
 93 268.711589  40.628889   213.321   213.321  2 55465.14968944 12.767
