#  133.369  -2.808  13.510 ;Mean Elev.(m), Avg Gradient(m/km), RMS Gradient(m/km) - SRTM1     
#  125.126  -2.695  13.462 ;Mean Elev.(m), Avg Gradient(m/km), RMS Gradient(m/km) - ASTER GDEM
#  133.541  -3.069  13.607 ;Mean Elev.(m), Avg Gradient(m/km), RMS Gradient(m/km) - GMTED2010 
  7   133.434 52460.68808771 32.46 269.299580  39.139799 14.637
  7   133.257 52460.68808835 28.96 269.298530  39.136529 14.637
  7   133.324 52460.68808899 29.23 269.297480  39.133259 14.637
  9   132.327 52530.68807010 40.36 269.299530  39.140732 22.684
  9   132.247 52530.68807074 37.08 269.298480  39.137462 22.684
  9   132.052 52530.68807139 35.73 269.297430  39.134192 22.684
 10   132.888 52565.68809034 21.62 269.303892  39.137068 17.292
 10   132.434 52565.68809098 21.46 269.302842  39.133798 17.292
 10   132.804 52565.68809163 18.69 269.301792  39.130528 17.292
 12   133.496 52635.68806952 24.84 269.297386  39.144832 11.971
 12   132.707 52635.68807016 25.29 269.296336  39.141562 11.971
 13   132.189 52670.68807624 48.81 269.295604  39.149871 24.270
 13   132.158 52670.68807689 46.66 269.294554  39.146601 24.270
 13   132.154 52670.68807753 46.60 269.293504  39.143331 24.270
 13   132.220 52670.68807818 49.72 269.292454  39.140061 24.270
 14   134.537 52705.68807054 19.55 269.300821  39.141291 16.189
 14   134.230 52705.68807119 21.42 269.299771  39.138021 16.189
 14   134.035 52705.68807183 19.65 269.298721  39.134751 16.189
 15   132.323 52740.68810292 51.00 269.294705  39.152581 38.307
 15   132.242 52740.68810356 49.87 269.293655  39.149321 38.307
 15   132.144 52740.68810421 50.53 269.292605  39.146051 38.307
 15   132.237 52740.68810485 52.35 269.291555  39.142781 38.307
 16   133.054 52775.68804967 41.73 269.295775  39.146529 37.757
 16   132.935 52775.68805031 46.19 269.294725  39.143269 37.757
 16   133.042 52775.68805096 47.58 269.293675  39.139999 37.757
 17   131.918 52810.68812525 30.17 269.298196  39.146191 26.920
 17   131.751 52810.68812590 32.64 269.297146  39.142921 26.920
 17   131.823 52810.68812654 33.19 269.296096  39.139651 26.920
 17   131.694 52810.68812719 34.51 269.295046  39.136381 26.920
 19   132.115 52880.68821833 38.13 269.295327  39.146971 31.528
 19   132.107 52880.68821897 34.49 269.294277  39.143701 31.528
 19   132.142 52880.68821962 31.62 269.293227  39.140431 31.528
 20   133.436 52915.68817591 17.99 269.296861  39.146239 24.739
 20   133.733 52915.68817656 17.65 269.295811  39.142969 24.739
 20   133.707 52915.68817720 17.54 269.294761  39.139699 24.739
 21   132.330 52950.68813810 40.80 269.303764  39.134303 21.256
 21   132.174 52950.68813874 35.93 269.302714  39.131033 21.256
 22   132.017 52985.68815947 51.06 269.301235  39.137045 29.302
 22   131.978 52985.68816012 51.57 269.300185  39.133775 29.302
 24   133.152 53055.68813729 27.38 269.302818  39.139003  8.120
 24   130.976 53055.68813794 34.58 269.301768  39.135733  8.120
 24   132.199 53055.68813858 30.89 269.300718  39.132463  8.120
 25   132.291 53090.68817017 45.57 269.291168  39.166088 35.762
 25   132.288 53090.68817081 48.01 269.290118  39.162818 35.762
 25   132.292 53090.68817146 47.40 269.289068  39.159548 35.762
 25   132.218 53090.68817210 49.32 269.288018  39.156278 35.762
 26   132.247 53125.68814517 36.18 269.299875  39.138840 25.535
 26   132.268 53125.68814582 32.57 269.298825  39.135570 25.535
 27   134.731 53160.68820399 50.59 269.293798  39.153189 41.600
 27   134.602 53160.68820464 45.01 269.292748  39.149929 41.600
 27   134.482 53160.68820528 48.71 269.291698  39.146659 41.600
 27   134.613 53160.68820593 47.13 269.290648  39.143389 41.600
 28   134.483 53195.68820302 30.94 269.298306  39.142850 23.824
 28   134.381 53195.68820367 37.08 269.297256  39.139580 23.824
 28   134.157 53195.68820431 39.20 269.296206  39.136310 23.824
 29   134.699 53230.68818907 20.15 269.299767  39.140961 24.551
 29   133.945 53230.68818972 18.48 269.298717  39.137691 24.551
 29   134.129 53230.68819036 19.06 269.297667  39.134421 24.551
 30   132.328 53265.68815606 41.62 269.293798  39.159977 32.595
 30   132.244 53265.68815670 27.87 269.292738  39.156717 32.595
 30   131.899 53265.68815735 26.53 269.291698  39.153437 32.595
 30   131.838 53265.68815799 27.11 269.290638  39.150167 32.595
 30   132.020 53265.68815864 27.76 269.289588  39.146897 32.595
 33   135.223 53370.68811540 26.10 269.295156  39.150937 23.832
 33   133.687 53370.68811604 36.03 269.294106  39.147667 23.832
 33   134.765 53370.68811669 34.43 269.293056  39.144407 23.832
 33   134.538 53370.68811733 43.66 269.292006  39.141137 23.832
 34   132.142 53405.68815099 27.88 269.299715  39.143409 23.457
 34   132.177 53405.68815163 27.62 269.298665  39.140139 23.457
 34   132.128 53405.68815228 30.98 269.297615  39.136869 23.457
 36   133.469 53475.68820149 48.46 269.295759  39.151089 35.927
 36   133.443 53475.68820213 48.35 269.294709  39.147819 35.927
 36   133.355 53475.68820278 48.99 269.293659  39.144549 35.927
 36   133.292 53475.68820342 50.33 269.292609  39.141279 35.927
 37   131.617 53510.68821729 24.66 269.296891  39.145814 28.651
 37   132.069 53510.68821794 29.29 269.295841  39.142554 28.651
 37   132.254 53510.68821858 28.97 269.294791  39.139284 28.651
 38   132.032 53545.68823250 44.76 269.294018  39.155643 39.641
 38   131.941 53545.68823314 42.21 269.292968  39.152363 39.641
 38   131.825 53545.68823379 44.28 269.291918  39.149093 39.641
 38   131.980 53545.68823443 46.11 269.290868  39.145833 39.641
 39   132.268 53580.68820868 53.05 269.295312  39.150498 26.917
 39   132.387 53580.68820932 49.18 269.294262  39.147238 26.917
 39   132.326 53580.68820996 47.00 269.293212  39.143968 26.917
 39   132.273 53580.68821061 48.04 269.292162  39.140698 26.917
 40   132.335 53615.68816155 45.18 269.293272  39.159618 26.960
 40   132.323 53615.68816219 43.95 269.292212  39.156358 26.960
 40   132.252 53615.68816284 44.98 269.291162  39.153078 26.960
 40   132.204 53615.68816348 42.90 269.290112  39.149818 26.960
 43   132.789 53720.68811075 28.84 269.295815  39.147764 10.101
 43   132.811 53720.68811139 28.19 269.294765  39.144494 10.101
 43   133.735 53720.68811204 27.70 269.293715  39.141224 10.101
 43   133.450 53720.68811268 34.36 269.292665  39.137954 10.101
 44   134.430 53755.68803929 42.89 269.305051  39.135680 17.539
 44   135.072 53755.68803994 42.83 269.304001  39.132410 17.539
 44   135.239 53755.68804058 37.68 269.302951  39.129140 17.539
 48   131.966 53895.68813593 39.75 269.299011  39.141888 33.166
 48   131.881 53895.68813658 38.21 269.297961  39.138618 33.166
 48   131.717 53895.68813722 29.36 269.296911  39.135348 33.166
 49   132.050 53930.68818409 24.50 269.292574  39.164741 21.834
 49   132.111 53930.68818474 25.94 269.291524  39.161471 21.834
 49   132.152 53930.68818538 25.84 269.290474  39.158211 21.834
 49   132.124 53930.68818603 24.23 269.289424  39.154941 21.834
 49   132.333 53930.68818667 25.93 269.288364  39.151661 21.834
 50   132.157 53965.68816243 50.76 269.292988  39.160487 32.031
 50   132.138 53965.68816307 49.16 269.291928  39.157217 32.031
 50   132.136 53965.68816371 46.78 269.290888  39.153947 32.031
 50   132.074 53965.68816436 40.04 269.289828  39.150677 32.031
 51   133.035 54000.68812491 18.53 269.303774  39.137078 14.563
 51   133.267 54000.68812556 18.26 269.302724  39.133808 14.563
 51   132.809 54000.68812620 18.04 269.301674  39.130538 14.563
 53   134.472 54070.68816053 22.63 269.297558  39.145082 19.482
 53   133.878 54070.68816117 22.31 269.296508  39.141812 19.482
 53   134.417 54070.68816182 22.74 269.295458  39.138542 19.482
 54   132.276 54105.68811133 52.39 269.294127  39.157155 36.064
 54   132.335 54105.68811197 51.82 269.293077  39.153875 36.064
 54   132.181 54105.68811262 47.49 269.292017  39.150615 36.064
 54   132.228 54105.68811326 46.83 269.290967  39.147345 36.064
 55   132.216 54140.68809259 39.39 269.298851  39.145603 13.515
 55   132.038 54140.68809324 37.77 269.297801  39.142333 13.515
 55   132.158 54140.68809388 36.56 269.296751  39.139063 13.515
 55   132.169 54140.68809453 35.14 269.295701  39.135793 13.515
 58   131.767 54245.68812893 51.00 269.297913  39.147293 37.093
 58   131.828 54245.68812957 51.13 269.296863  39.144033 37.093
 58   131.815 54245.68813022 47.11 269.295813  39.140763 37.093
 58   131.847 54245.68813086 51.05 269.294763  39.137493 37.093
 59   131.959 54280.68814043 43.16 269.297351  39.145882 34.359
 59   131.848 54280.68814108 45.75 269.296301  39.142622 34.359
 59   131.749 54280.68814172 51.09 269.295251  39.139352 34.359
 60   132.077 54315.68813927 49.55 269.297965  39.147126 39.242
 60   132.075 54315.68813992 51.51 269.296915  39.143856 39.242
 60   132.055 54315.68814056 52.01 269.295865  39.140586 39.242
 60   132.198 54315.68814121 52.77 269.294815  39.137316 39.242
 61   131.939 54350.68810682 23.84 269.294993  39.149534 31.383
 61   131.626 54350.68810747 21.80 269.293943  39.146264 31.383
 61   131.508 54350.68810811 20.55 269.292893  39.142994 31.383
 61   131.502 54350.68810875 21.57 269.291843  39.139724 31.383
 62   131.868 54385.68807884 32.38 269.298682  39.143395 33.287
 62   131.866 54385.68807948 43.54 269.297632  39.140125 33.287
 62   131.937 54385.68808013 44.16 269.296582  39.136855 33.287
 63   132.107 54420.68805641 19.91 269.295254  39.151338 25.908
 63   131.954 54420.68805706 20.21 269.294204  39.148078 25.908
 63   131.519 54420.68805770 21.03 269.293154  39.144808 25.908
 63   131.593 54420.68805835 21.00 269.292104  39.141538 25.908
 65   132.138 54490.68805780 38.03 269.296729  39.148058 13.279
 65   132.143 54490.68805844 38.87 269.295679  39.144788 13.279
 65   131.910 54490.68805909 37.37 269.294629  39.141518 13.279
 65   131.996 54490.68805973 35.37 269.293579  39.138248 13.279
 66   132.109 54525.68806436 27.74 269.299131  39.141259 22.440
 66   132.084 54525.68806500 25.53 269.298081  39.137989 22.440
 66   132.156 54525.68806565 23.43 269.297031  39.134719 22.440
 67   134.789 54560.68806594 19.81 269.294909  39.150003 19.954
 67   134.737 54560.68806658 20.16 269.293859  39.146733 19.954
 67   135.251 54560.68806723 23.56 269.292809  39.143463 19.954
 67   135.044 54560.68806787 31.76 269.291759  39.140193 19.954
 68   134.795 54595.68805867 38.19 269.297487  39.148159 29.704
 68   134.825 54595.68805931 37.64 269.296437  39.144889 29.704
 68   134.637 54595.68805996 38.57 269.295387  39.141619 29.704
 68   134.605 54595.68806060 39.22 269.294337  39.138349 29.704
 69   134.371 54630.68807304 29.89 269.296426  39.147506 26.849
 69   134.198 54630.68807368 27.48 269.295376  39.144236 26.849
 69   134.190 54630.68807433 26.88 269.294326  39.140966 26.849
 69   134.365 54630.68807497 27.89 269.293276  39.137696 26.849
 70   133.325 54665.68807952 43.10 269.295518  39.146759 34.938
 70   133.284 54665.68808017 45.42 269.294468  39.143489 34.938
 70   133.195 54665.68808081 50.60 269.293418  39.140219 34.938
 72   132.269 54735.68803946 40.39 269.299347  39.143156 20.974
 72   132.269 54735.68804011 33.97 269.298297  39.139886 20.974
 72   132.008 54735.68804075 33.04 269.297247  39.136616 20.974
 74   132.054 54805.68803300 32.70 269.298337  39.144638 27.918
 74   132.116 54805.68803364 36.05 269.297287  39.141368 27.918
 74   131.989 54805.68803429 31.56 269.296237  39.138098 27.918
 75   132.333 54840.68802474 39.30 269.297382  39.146975 22.497
 75   132.377 54840.68802539 43.45 269.296332  39.143705 22.497
 75   132.366 54840.68802603 34.31 269.295282  39.140435 22.497
 75   132.346 54840.68802667 32.85 269.294232  39.137165 22.497
 76   132.278 54875.68803386 28.99 269.297346  39.146088 27.014
 76   132.262 54875.68803450 36.15 269.296296  39.142818 27.014
 76   132.268 54875.68803515 34.11 269.295246  39.139548 27.014
 76   132.234 54875.68803579 33.75 269.294196  39.136278 27.014
 77   132.911 54910.68802881 43.15 269.294702  39.156227 32.876
 77   132.865 54910.68802945 49.29 269.293652  39.152957 32.876
 77   132.852 54910.68803010 42.23 269.292602  39.149687 32.876
 77   132.919 54910.68803074 42.03 269.291552  39.146417 32.876
 77   132.785 54910.68803139 41.04 269.290502  39.143147 32.876
 78   131.865 54945.68802628 22.85 269.297113  39.144577 23.290
 78   131.756 54945.68802693 21.49 269.296063  39.141307 23.290
 78   132.245 54945.68802757 22.36 269.295013  39.138037 23.290
 79   132.129 54980.68805200 50.86 269.296415  39.149059 33.601
 79   132.010 54980.68805264 49.08 269.295365  39.145789 33.601
 79   132.052 54980.68805329 49.58 269.294315  39.142519 33.601
 79   132.104 54980.68805393 50.21 269.293265  39.139249 33.601
 80   131.945 55015.68805446 46.61 269.297152  39.147798 29.755
 80   132.040 55015.68805510 49.98 269.296102  39.144528 29.755
 80   131.906 55015.68805575 34.00 269.295052  39.141258 29.755
 80   131.652 55015.68805639 33.57 269.294002  39.137988 29.755
 81   134.100 55050.68804897 18.15 269.297358  39.145334 18.382
 81   133.467 55050.68804961 17.14 269.296308  39.142064 18.382
 81   133.413 55050.68805026 16.67 269.295258  39.138794 18.382
 82   132.280 55085.68801376 51.37 269.294316  39.153009 30.843
 82   132.234 55085.68801440 48.96 269.293266  39.149739 30.843
 82   132.124 55085.68801505 48.52 269.292216  39.146469 30.843
 82   132.249 55085.68801569 50.04 269.291166  39.143199 30.843
 84   133.300 55155.68797414 34.08 269.295332  39.151263 26.163
 84   133.248 55155.68797478 37.65 269.294282  39.147993 26.163
 84   133.257 55155.68797543 34.95 269.293232  39.144723 26.163
 84   133.191 55155.68797607 35.94 269.292182  39.141453 26.163
 86   132.653 55225.68797487 50.82 269.295487  39.149356 24.238
 86   132.523 55225.68797552 45.27 269.294437  39.146086 24.238
 86   132.608 55225.68797616 49.97 269.293387  39.142816 24.238
 86   132.531 55225.68797681 48.21 269.292337  39.139546 24.238
 88   134.126 55295.68795936 50.99 269.295614  39.152493 38.427
 88   134.079 55295.68796001 52.05 269.294564  39.149223 38.427
 88   134.216 55295.68796065 49.41 269.293514  39.145953 38.427
 88   134.141 55295.68796129 49.07 269.292464  39.142683 38.427
 88   134.062 55295.68796194 49.00 269.291414  39.139413 38.427
 89   133.553 55330.68794764 51.34 269.296189  39.150325 33.932
 89   133.628 55330.68794829 49.46 269.295139  39.147065 33.932
 89   133.512 55330.68794893 40.15 269.294089  39.143795 33.932
 89   133.303 55330.68794958 37.77 269.293039  39.140525 33.932
 90   134.085 55365.68794189 43.85 269.295934  39.147648 33.807
 90   133.999 55365.68794254 39.56 269.294884  39.144378 33.807
 90   133.914 55365.68794318 44.85 269.293834  39.141108 33.807
 90   134.089 55365.68794383 45.67 269.292784  39.137838 33.807
 91   134.760 55400.68795483 31.17 269.298616  39.142216 27.796
 91   134.920 55400.68795548 30.08 269.297566  39.138946 27.796
 91   134.779 55400.68795612 31.65 269.296516  39.135676 27.796
 92   135.582 55435.68795917 24.45 269.297226  39.144316 22.095
 92   135.460 55435.68795981 24.37 269.296176  39.141046 22.095
 92   135.578 55435.68796046 24.12 269.295126  39.137776 22.095
 93   133.072 55470.68791102 36.97 269.294311  39.151176 27.883
 93   133.041 55470.68791166 39.50 269.293261  39.147906 27.883
 93   132.971 55470.68791231 39.55 269.292211  39.144636 27.883
 93   132.976 55470.68791295 39.25 269.291161  39.141366 27.883
