-212443.464   105.859     0.00    3.45
-212071.327   105.759    -0.27    3.44
-211699.217   105.724    -0.09    3.47
-211327.135   106.126     1.08    3.22
-210954.885   105.154    -2.61    4.45
-210577.213   101.557    -9.53    6.29
-210199.569    98.357    -8.48    7.91
-209821.954    94.559   -10.06    7.39
-209444.367    91.459    -8.21    6.02
-209066.809    89.667    -4.75    6.41
-208689.279    87.879    -4.74    7.05
-208311.778    84.937    -7.79    8.19
-207934.306    82.279    -7.04    8.62
-207556.862    79.663    -6.93    8.22
-207179.447    81.540     4.98    6.95
-206802.060    82.382     2.23    6.53
-206424.702    79.879    -6.63    9.23
-206047.372    75.379   -11.93   13.30
-205670.071    67.153   -21.81   14.66
-205292.798    61.659   -14.57   13.90
-204915.554    56.319   -14.16   12.22
-204538.339    53.153    -8.40   11.24
-204161.152    57.184    10.69   14.51
-203783.993    67.568    27.54   16.55
-203406.863    77.199    25.54   13.07
-203029.761    84.785    20.12    6.64
-202652.688    86.655     4.96    4.18
-202275.644    86.419    -0.63    5.27
-201898.627    85.928    -1.30    5.55
-201521.639    83.719    -5.86    7.26
-201144.680    83.394    -0.86    7.39
-200767.749    82.799    -1.58    6.80
-200390.846    81.146    -4.39    5.77
-200013.972    81.928     2.08    3.30
-199637.126    81.439    -1.30    2.66
-199260.309    80.214    -3.25    3.30
-198883.520    79.239    -2.59    3.18
-198506.759    78.839    -1.06    2.73
-198130.027    77.879    -2.55    2.35
-197753.323    76.059    -4.83    2.44
-197376.647    75.059    -2.66    2.70
-197000.000    73.359    -4.51    3.14
-196623.381    71.501    -4.94    3.31
-196246.791    69.675    -4.85    3.33
-195870.228    68.033    -4.36    3.48
-195493.694    66.459    -4.18    3.59
-195117.189    65.439    -2.71    3.63
-194740.711    63.619    -4.84    4.04
-194364.262    62.478    -3.03    4.05
-193987.841    61.523    -2.54    4.48
-193611.448    57.635   -10.33    7.01
-193235.084    56.076    -4.14    7.08
-192858.748    55.418    -1.75    6.37
-192482.440    54.826    -1.57    5.76
-192106.160    55.819     2.64    4.13
-191729.909    56.497     1.80    2.58
-191353.686    56.753     0.68    2.64
-190977.491    57.679     2.46    2.19
-190601.324    58.683     2.67    2.01
-190225.185    59.165     1.28    2.01
-189849.075    59.319     0.41    2.28
-189472.992    57.969    -3.59    4.60
-189096.938    53.939   -10.72    8.81
-188720.912    48.763   -13.77   10.58
-188344.914    42.279   -17.25   10.70
-187968.945    37.255   -13.37    7.82
-187593.003    35.459    -4.78    6.55
-187217.089    33.759    -4.52    2.51
-186841.204    34.214     1.21    3.22
-186465.347    34.599     1.02    4.08
-186089.518    35.263     1.77    5.44
-185713.717    36.655     3.70    6.86
-185337.944    39.521     7.63    9.02
-184962.199    43.194     9.77    9.84
-184586.482    47.859    12.42    8.14
-184210.793    50.519     7.08    6.66
-183835.132    51.126     1.62    7.30
-183459.500    49.339    -4.76    8.84
-183083.895    49.079    -0.69    8.91
-182708.318    49.132     0.14    9.81
-182332.770    50.679     4.12    9.90
-181957.249    54.419     9.96    6.62
-181581.756    55.584     3.10    3.47
-181206.292    55.039    -1.45    3.87
-180830.855    54.915    -0.33    4.23
-180455.446    56.106     3.17    5.15
-180080.066    57.521     3.77    5.24
-179704.713    59.694     5.79    3.42
-179329.388    60.599     2.41    1.94
-178954.091    60.179    -1.12    1.85
-178578.822    58.380    -4.79    3.89
-178203.581    56.307    -5.53    5.61
-177828.368    56.655     0.93    6.13
-177453.183    57.292     1.70    6.43
-177078.025    58.581     3.44    5.04
-176702.896    60.399     4.85    2.32
-176327.794    60.459     0.16    2.58
-175952.721    61.939     3.95    3.55
-175577.675    63.322     3.69    3.14
-175202.657    61.519    -4.81    7.01
-174827.667    56.988   -12.08   10.41
-174452.705    54.675    -6.17   10.50
-174077.770    56.579     5.08   12.90
-173702.864    59.979     9.07   14.18
-173327.985    66.785    18.16   12.01
-172953.134    71.313    12.08    6.99
-172578.311    73.400     5.57    5.12
-172203.515    72.807    -1.58    6.27
-171828.748    73.159     0.94    7.58
-171454.008    72.234    -2.47    8.68
-171079.296    73.599     3.64    8.90
-170704.612    77.579    10.62    5.14
-170329.955    79.071     3.98    2.89
-169955.326    80.419     3.60    3.00
-169580.725    80.981     1.50    2.87
-169206.152    81.019     0.10    2.63
-168831.607    80.792    -0.61    2.75
-168457.089    78.499    -6.12    3.56
-168082.599    75.694    -7.49    5.05
-167708.136    72.679    -8.05    4.98
-167333.701    68.979    -9.88    3.74
-166959.294    66.799    -5.82    3.10
-166584.915    64.759    -5.45    5.37
-166210.563    61.398    -8.98    8.57
-165836.239    59.459    -5.18    9.22
-165461.943    58.357    -2.94    9.20
-165087.674    57.396    -2.57    8.61
-164713.433    58.540     3.06    7.73
-164339.219    58.416    -0.33    7.77
-163965.033    56.126    -6.12    9.47
-163590.875    54.350    -4.75   10.36
-163216.744    54.799     1.20   10.20
-162842.641    58.540    10.00    7.93
-162468.565    60.559     5.40    3.85
-162094.517    59.165    -3.73    3.61
-161720.497    57.704    -3.91    3.90
-161346.504    55.659    -5.47    5.58
-160972.539    52.198    -9.26    7.47
-160598.601    50.139    -5.51    7.57
-160224.691    49.688    -1.21    7.16
-159850.808    50.299     1.63    6.81
-159476.953    53.239     7.87    4.01
-159103.126    53.659     1.12    3.58
-158729.325    52.139    -4.07    7.61
-158355.553    49.079    -8.19   10.77
-157981.808    44.759   -11.56   12.33
-157608.090    41.655    -8.31   12.90
-157234.400    44.267     6.99   13.10
-156860.737    49.357    13.62   11.96
-156487.102    53.480    11.04    9.33
-156113.494    56.867     9.07    2.71
-155739.914    55.271    -4.27    7.35
-155366.361    54.792    -1.28    8.07
-154992.835    55.068     0.74    8.22
-154619.337    56.219     3.08    8.47
-154245.866    59.021     7.51    6.75
-153872.423    61.599     6.90    3.82
-153499.007    62.999     3.75    1.36
-153125.619    63.299     0.80    1.36
-152752.258    63.988     1.85    1.55
-152378.924    64.608     1.66    1.41
-152005.618    64.969     0.97    1.33
-151632.339    65.225     0.69    1.31
-151259.087    64.899    -0.87    1.36
-150885.863    64.173    -1.94    1.66
-150512.666    63.759    -1.11    1.71
-150139.496    63.106    -1.75    1.92
-149766.354    63.019    -0.23    2.20
-149393.238    63.316     0.80    2.28
-149020.151    62.919    -1.06    3.31
-148647.090    61.643    -3.42    5.73
-148274.057    60.417    -3.29    6.68
-147901.051    58.401    -5.41    8.47
-147528.072    56.275    -5.70    8.95
-147155.121    52.608    -9.83   10.41
-146782.197    45.010   -20.38   15.13
-146409.300    38.313   -17.96   16.27
-146036.430    27.557   -28.85   14.24
-145663.588    20.437   -19.10   11.88
-145290.773    16.459   -10.67    9.15
-144917.985    18.688     5.98   11.99
-144545.224    25.359    17.90   15.49
-144172.491    35.199    26.40   15.16
-143799.784    43.679    22.76   10.73
-143427.105    47.145     9.30    9.43
-143054.453    48.544     3.75    7.06
-142681.828    49.279     1.97    6.17
-142309.230    50.633     3.63    4.70
-141936.660    52.579     5.22    4.50
-141564.116    54.214     4.39    2.62
-141191.600    54.219     0.01    2.67
-140819.111    53.919    -0.81    3.05
-140446.649    51.714    -5.92    5.20
-140074.214    51.704    -0.03    6.13
-139701.806    52.376     1.80    6.08
-139329.425    54.438     5.54    5.88
-138957.072    57.724     8.83    3.70
-138584.745    59.959     6.00    3.86
-138212.446    62.459     6.72    3.65
-137840.173    63.219     2.04    2.93
-137467.928    62.724    -1.33    3.14
-137095.710    61.778    -2.54    3.49
-136723.519    60.399    -3.71    3.39
-136351.354    59.046    -3.64    2.89
-135978.877    57.753    -3.47    3.08
-135601.269    57.376    -1.00    2.54
-135223.688    56.357    -2.70    2.65
-134846.135    54.819    -4.07    2.58
-134468.610    53.979    -2.23    2.76
-134091.113    52.919    -2.81    2.92
-133713.644    50.524    -6.35    4.48
-133336.203    49.008    -4.02    5.59
-132958.789    47.540    -3.89    6.41
-132581.404    46.112    -3.79    7.06
-132204.046    45.239    -2.31    7.85
-131826.715    43.377    -4.93    8.82
-131449.413    43.086    -0.77    8.09
-131072.139    43.563     1.26    7.44
-130694.892    42.579    -2.61    8.47
-130317.673    41.619    -2.55    9.25
-129940.482    40.579    -2.76    9.40
-129563.318    40.059    -1.38    9.22
-129186.182    41.437     3.66    9.37
-128809.074    45.400    10.51    8.44
-128431.994    47.980     6.84    6.32
-128054.942    49.336     3.60    5.36
-127677.917    50.234     2.38    5.53
-127300.920    52.030     4.76    5.52
-126923.950    55.559     9.36    4.42
-126547.008    57.739     5.78    3.97
-126170.094    60.010     6.03    2.88
-125793.208    61.699     4.48    3.55
-125416.349    64.099     6.37    3.93
-125039.518    67.316     8.54    4.85
-124662.715    71.730    11.71    6.12
-124285.939    75.184     9.17    5.57
-123909.191    76.372     3.15    4.37
-123532.470    74.719    -4.39    5.05
-123155.777    70.847   -10.28    4.61
-122779.112    67.599    -8.62    3.88
-122402.474    64.819    -7.38    4.89
-122025.864    62.292    -6.71    5.04
-121649.282    58.619    -9.76    6.58
-121272.727    54.799   -10.14    6.02
-120896.199    53.792    -2.68    5.84
-120519.699    52.479    -3.49    4.76
-120143.227    53.296     2.17    5.08
-119766.782    54.359     2.82    4.93
-119390.365    55.021     1.76    4.58
-119013.976    53.724    -3.45    5.39
-118637.613    52.667    -2.81    6.32
-118261.279    53.619     2.53    4.81
-117884.972    54.459     2.23    3.67
-117508.692    55.146     1.83    2.49
-117132.440    54.339    -2.15    2.99
-116756.215    53.241    -2.92    3.71
-116380.018    51.263    -5.26    4.49
-116003.848    49.012    -5.98    5.38
-115627.706    45.234   -10.04    7.60
-115251.591    40.030   -13.84   11.20
-114875.504    39.357    -1.79   11.74
-114499.444    41.255     5.05   12.59
-114123.411    45.826    12.16   12.24
-113747.406    51.153    14.17    4.33
-113371.428    49.599    -4.13    6.54
-112995.478    45.659   -10.48   11.38
-112619.555    40.030   -14.97   12.21
-112243.659    36.521    -9.34   10.91
-111867.791    29.799   -17.89   13.63
-111491.950    25.046   -12.65   15.42
-111116.137    17.319   -20.56   15.78
-110740.351    14.021    -8.78   14.94
-110364.592    12.139    -5.01   14.45
-109988.861    10.132    -5.34   13.81
-109613.157     7.540    -6.90   12.99
-109237.480     4.559    -7.94   11.78
-108861.830     0.937    -9.64    5.72
-108486.208    -0.081    -2.71    2.50
-108110.614     0.751     2.21    2.52
-107735.046     1.139     1.03    2.12
-107359.506     1.194     0.15    2.35
-106983.993     0.438    -2.01    2.39
-106608.507     0.132    -0.82    2.77
-106233.049    -0.432    -1.50    3.18
-105857.617    -0.854    -1.12    3.07
-105482.213    -1.441    -1.57    2.94
-105106.837    -1.721    -0.75    2.63
-104731.487    -2.500    -2.08    1.76
-104356.165    -2.924    -1.13    1.13
-103980.870    -2.781     0.38    1.30
-103605.602    -2.587     0.52    2.02
-103230.361    -1.463     3.00    2.96
-102855.148    -0.432     2.75    3.06
-102479.961     0.561     2.65    3.08
-102104.802     1.255     1.85    2.38
-101729.670     1.079    -0.47    2.17
-101354.566     0.969    -0.29    2.24
-100979.488     1.042     0.19    2.43
-100604.437     2.051     2.69    2.85
-100229.414     3.359     3.49    2.42
 -99854.418     3.887     1.41    2.13
 -99479.449     3.999     0.30    1.55
 -99104.507     3.542    -1.22    1.75
 -98729.592     2.359    -3.16    2.31
 -98354.704     1.481    -2.34    2.29
 -97979.843     0.539    -2.51    2.19
 -97605.009     0.501    -0.10    2.31
 -97230.203     1.263     2.03    2.86
 -96855.423     1.439     0.47    2.75
 -96480.671     1.899     1.23    2.48
 -96105.945     2.106     0.55    2.26
 -95731.247     1.544    -1.50    1.64
 -95356.576     1.559     0.04    1.36
 -94981.931     1.948     1.04    1.65
 -94607.314     2.799     2.27    1.91
 -94232.724     3.879     2.88    1.87
 -93858.160     4.939     2.83    2.31
 -93483.624     6.259     3.52    3.76
 -93109.115     6.855     1.59    4.65
 -92734.632     7.234     1.01    5.11
 -92360.177     8.097     2.30    5.87
 -91985.749     8.091    -0.02    5.87
 -91611.347     8.019    -0.19    6.26
 -91236.973     8.001    -0.05    5.55
 -90862.625     8.418     1.12    5.22
 -90488.304     8.608     0.51    5.29
 -90114.011     8.616     0.02    5.04
 -89739.744     8.163    -1.21    4.47
 -89365.504     7.498    -1.78    3.85
 -88991.291     8.241     1.99    4.37
 -88617.105     8.255     0.04    4.17
 -88242.946     7.867    -1.04    4.52
 -87868.813     7.418    -1.20    4.42
 -87494.708     6.819    -1.60    3.92
 -87120.629     6.438    -1.02    3.25
 -86746.578     5.438    -2.67    2.88
 -86372.553     4.520    -2.46    2.94
 -85998.555     3.561    -2.56    2.18
 -85624.583     3.299    -0.70    1.68
 -85250.639     3.239    -0.16    1.27
 -84876.721     3.499     0.70    1.18
 -84502.831     3.735     0.63    1.38
 -84128.967     4.086     0.94    1.61
 -83755.129     4.307     0.59    2.51
 -83381.319     4.719     1.10    3.11
 -83007.535     4.949     0.61    3.20
 -82633.779     4.785    -0.44    3.02
 -82260.049     4.663    -0.33    2.22
 -81886.345     5.377     1.91    2.28
 -81512.669     7.639     6.05    6.64
 -81139.019    10.981     8.94   10.63
 -80765.396    17.139    16.48   16.23
 -80391.799    25.001    21.04   18.96
 -80018.230    31.219    16.65   18.66
 -79644.687    38.659    19.92   15.35
 -79271.170    41.234     6.90   11.75
 -78897.681    42.010     2.08    8.88
 -78524.218    38.313    -9.90   11.35
 -78150.782    34.459   -10.32   10.76
 -77777.372    32.251    -5.91   10.71
 -77403.989    32.663     1.10   10.68
 -77030.633    34.199     4.11    9.66
 -76657.304    35.396     3.21    8.58
 -76284.001    36.785     3.72    8.51
 -75910.725    38.650     5.00    8.90
 -75537.475    42.988    11.62    5.27
 -75164.252    43.095     0.29    5.48
 -74791.055    40.086    -8.06    7.82
 -74417.886    39.198    -2.38    8.48
 -74044.742    38.357    -2.25    8.74
 -73671.626    43.198    12.98    8.71
 -73298.536    48.010    12.90    6.34
 -72925.472    49.010     2.68    4.93
 -72552.435    48.173    -2.24    6.70
 -72179.425    49.112     2.52    6.76
 -71806.441    48.587    -1.41    6.87
 -71433.484    49.398     2.17    5.95
 -71060.553    50.939     4.13    3.08
 -70687.649    49.359    -4.24    3.06
 -70314.771    47.398    -5.26    4.81
 -69941.920    42.042   -14.36    9.10
 -69569.096    37.979   -10.90    8.81
 -69196.297    34.546    -9.21    7.62
 -68823.526    33.714    -2.23    8.25
 -68450.780    35.906     5.88    8.14
 -68078.062    38.739     7.60    8.38
 -67705.370    41.316     6.92    7.69
 -67332.704    43.459     5.75    6.68
 -66960.064    44.979     4.08    5.81
 -66587.452    42.683    -6.16    9.31
 -66214.865    38.619   -10.91   11.13
 -65842.305    33.415   -13.97   12.96
 -65469.771    27.899   -14.81   14.23
 -65097.264    23.730   -11.19   11.06
 -64724.784    23.596    -0.36   11.25
 -64352.329    24.719     3.01   11.65
 -63979.901    26.214     4.01   11.79
 -63607.500    30.499    11.51    9.21
 -63235.124    33.376     7.73    5.39
 -62862.776    35.876     6.71    2.82
 -62490.453    35.937     0.17    2.04
 -62118.157    35.173    -2.05    3.13
 -61745.887    33.969    -3.23    5.18
 -61373.644    31.438    -6.80    7.34
 -61000.915    30.438    -2.68    7.53
 -60623.366    30.188    -0.66    7.80
 -60245.845    31.299     2.94    7.16
 -59868.351    34.198     7.68    3.68
 -59490.884    34.819     1.64    3.20
 -59113.444    35.906     2.88    4.55
 -58736.031    38.275     6.28    5.74
 -58358.645    37.939    -0.89    9.80
 -57981.286    32.523   -14.35   16.55
 -57603.955    24.826   -20.40   19.65
 -57226.650    16.091   -23.15   17.82
 -56849.373     7.688   -22.28   11.10
 -56472.123     1.887   -15.38    3.95
 -56094.899     0.111    -4.71    3.41
 -55717.703    -1.194    -3.46    2.66
 -55340.534    -1.882    -1.82    1.27
 -54963.392    -1.855     0.07    1.44
 -54586.276    -2.073    -0.58    1.14
 -54209.188    -2.378    -0.81    1.25
 -53832.127    -2.874    -1.32    1.17
 -53455.093    -3.401    -1.40    0.93
 -53078.086    -3.624    -0.59    0.92
 -52701.105    -3.802    -0.47    0.93
 -52324.152    -3.687     0.31    1.01
 -51947.226    -3.602     0.22    1.20
 -51570.327    -3.500     0.27    1.12
 -51193.454    -3.337     0.43    1.17
 -50816.609    -3.520    -0.49    1.23
 -50439.790    -3.781    -0.69    0.98
 -50062.999    -3.911    -0.34    1.00
 -49686.234    -4.221    -0.82    0.94
 -49309.496    -4.092     0.34    0.96
 -48932.785    -4.113    -0.05    1.00
 -48556.102    -3.921     0.51    1.26
 -48179.444    -3.796     0.33    1.45
 -47802.814    -3.868    -0.19    1.57
 -47426.211    -3.669     0.53    2.09
 -47049.635    -1.801     4.96    5.20
 -46673.085     0.622     6.44    7.40
 -46296.562     3.839     8.54   10.59
 -45920.066     6.579     7.28   13.53
 -45543.597     9.220     7.02   16.29
 -45167.155     8.887    -0.88   15.22
 -44790.740    13.214    11.49   21.51
 -44414.351    12.539    -1.79   22.59
 -44037.989     9.765    -7.37   21.63
 -43661.654     5.251   -12.00   14.76
 -43285.346     6.519     3.37   17.34
 -42909.065    11.046    12.03   22.53
 -42532.810    16.439    14.33   28.28
 -42156.582    18.896     6.53   30.32
 -41780.381    14.377   -12.01   26.90
 -41404.207     6.540   -20.83   19.42
 -41028.059     1.357   -13.78    7.92
 -40651.938    -0.604    -5.21    3.93
 -40275.844    -1.085    -1.28    2.03
 -39899.776    -1.419    -0.89    1.95
 -39523.736    -1.001     1.11    5.10
 -39147.722    -2.041    -2.77    1.79
 -38771.734    -1.990     0.14    3.51
 -38395.774    -2.584    -1.58    1.28
 -38019.840    -2.933    -0.93    1.28
 -37643.932    -3.018    -0.23    1.30
 -37268.052    -3.194    -0.47    1.68
 -36892.198    -3.346    -0.40    1.72
 -36516.370    -3.398    -0.14    1.94
 -36140.570    -3.437    -0.10    1.98
 -35764.796    -3.456    -0.05    1.72
 -35389.048    -3.208     0.66    1.86
 -35013.327    -2.812     1.05    2.75
 -34637.633    -2.312     1.33    2.99
 -34261.966    -0.786     4.06    6.81
 -33886.325    -1.606    -2.18    3.28
 -33510.710     0.520     5.66   10.14
 -33135.122    -0.150    -1.78    9.65
 -32759.561    -0.561    -1.09    9.12
 -32384.027    -1.632    -2.85    4.93
 -32008.518     0.622     6.00   12.91
 -31633.037     1.118     1.32   13.05
 -31257.582     1.132     0.04   13.10
 -30882.153     0.071    -2.83   10.34
 -30506.751    -1.166    -3.30    4.01
 -30131.376     0.051     3.24    9.62
 -29756.027     0.584     1.42   10.78
 -29380.705    -0.398    -2.62    9.11
 -29005.409     3.939    11.56   17.93
 -28630.139    11.605    20.43   25.21
 -28254.897    23.561    31.86   31.52
 -27879.680    36.521    34.54   34.63
 -27504.490    46.008    25.29   31.75
 -27129.327    53.807    20.79   25.32
 -26754.190    51.719    -5.57   22.79
 -26379.079    44.751   -18.58   22.43
 -26003.995    31.806   -34.51   26.44
 -25628.937    20.539   -30.04   23.17
 -25253.906    13.626   -18.43   18.30
 -24878.901    21.969    22.25   24.37
 -24503.922    32.220    27.34   23.78
 -24128.970    43.939    31.26   23.14
 -23754.045    54.999    29.50   22.41
 -23379.145    61.010    16.03   18.56
 -23004.272    66.663    15.08   13.54
 -22629.426    65.480    -3.16   14.27
 -22254.606    65.999     1.39   14.66
 -21879.812    66.654     1.75   13.57
 -21505.044    64.520    -5.70   13.11
 -21130.303    57.765   -18.03   18.79
 -20755.588    47.704   -26.85   20.19
 -20380.900    44.132    -9.53   20.48
 -20006.238    45.563     3.82   22.27
 -19631.602    53.799    21.98   22.19
 -19256.992    60.872    18.88   20.85
 -18882.409    65.119    11.34   17.61
 -18507.852    67.626     6.69   17.33
 -18133.321    72.887    14.05   15.32
 -17758.817    72.908     0.05   14.06
 -17384.339    76.643     9.97   11.47
 -17009.887    78.887     6.00   10.85
 -16635.461    77.502    -3.70    9.11
 -16261.062    77.771     0.72    8.65
 -15886.689    73.153   -12.34   13.20
 -15512.342    67.622   -14.77   15.07
 -15138.021    67.091    -1.42   14.72
 -14763.727    69.563     6.60   12.77
 -14389.459    74.439    13.03   10.55
 -14015.217    79.198    12.72    6.51
 -13641.001    79.518     0.85    7.53
 -13266.811    80.209     1.85    8.24
 -12892.648    80.887     1.81    7.45
 -12518.510    82.267     3.69    6.64
 -12144.399    83.643     3.68    6.10
 -11770.314    83.234    -1.09    6.54
 -11396.255    82.584    -1.74    7.56
 -11022.223    83.928     3.59    6.89
 -10648.216    84.033     0.28    7.74
 -10274.235    83.479    -1.48    9.30
  -9900.281    82.928    -1.47   11.33
  -9526.353    82.646    -0.75   11.25
  -9152.451    78.663   -10.65   13.46
  -8778.575    68.785   -26.42   19.50
  -8404.725    63.420   -14.35   17.95
  -8030.901    63.868     1.20   18.92
  -7657.103    74.596    28.70   20.23
  -7283.332    83.154    22.90   13.56
  -6909.586    83.071    -0.22   12.70
  -6535.866    71.917   -29.85   20.19
  -6162.173    58.255   -36.56   22.27
  -5788.505    48.021   -27.39   20.28
  -5414.864    44.459    -9.53   19.27
  -5041.248    43.605    -2.29   21.79
  -4667.659    40.055    -9.50   25.93
  -4294.096    29.969   -27.00   23.35
  -3920.558    19.745   -27.37   18.71
  -3547.047    12.720   -18.81   16.28
  -3173.561     8.500   -11.30   14.30
  -2800.102     4.024   -11.98    3.16
  -2426.668     3.871    -0.41    3.50
  -2053.261     4.413     1.45    3.99
  -1679.879     3.899    -1.38    4.06
  -1306.524     4.024     0.34    4.75
   -933.194     3.745    -0.75    4.75
   -559.890     2.876    -2.33    4.54
   -186.613     2.132    -1.99    4.15
    186.639     1.292    -2.25    3.40
    559.865     1.033    -0.69    3.62
    933.065     1.602     1.52    4.16
   1306.239     2.521     2.46    4.84
   1679.388     2.867     0.93    4.55
   2052.510     2.234    -1.70    3.79
   2425.606     1.459    -2.08    3.09
   2798.677     1.581     0.33    2.52
   3171.722     1.352    -0.61    2.06
   3544.741     1.576     0.60    2.17
   3917.734     1.392    -0.49    2.26
   4290.701     1.219    -0.46    2.11
   4663.642     0.587    -1.70    1.65
   5036.558     0.540    -0.12    1.37
   5409.448     0.646     0.28    1.66
   5782.312     0.847     0.54    2.09
   6155.150     1.112     0.71    2.46
   6527.962     1.313     0.54    2.44
   6900.748     1.906     1.59    2.53
   7273.509     2.063     0.42    2.39
   7646.244     2.153     0.24    2.13
   8018.953     2.296     0.38    2.02
   8391.637     1.887    -1.10    1.91
   8764.294     1.418    -1.26    2.01
   9136.926     0.876    -1.46    1.74
   9509.533     0.619    -0.69    1.42
   9882.113     0.263    -0.95    1.34
  10254.668     0.399     0.36    1.49
  10627.197     0.459     0.16    1.53
  10999.700     1.643     3.18    4.76
  11372.178     3.279     4.39    6.29
  11744.630     2.949    -0.89    2.99
  12117.056     4.520     4.22    4.17
  12489.456     8.813    11.53   11.34
  12861.831    14.906    16.36   18.79
  13234.180    24.263    25.13   27.05
  13606.504    33.584    25.03   30.75
  13979.517    40.132    17.56   30.49
  14357.004    43.316     8.43   26.31
  14734.464    41.230    -5.53   22.28
  15111.899    41.709     1.27   17.05
  15489.307    36.639   -13.43   13.47
  15866.688    32.611   -10.67   10.88
  16244.043    25.765   -18.14   11.08
  16621.372    20.359   -14.33    8.26
  16998.674    19.643    -1.90    7.44
  17375.950    22.679     8.05    8.66
  17753.200    26.821    10.98    6.04
  18130.424    26.650    -0.45    5.74
  18507.621    24.608    -5.41    6.61
  18884.791    19.219   -14.29    8.01
  19261.935    14.643   -12.13    7.99
  19639.054    12.417    -5.90    6.73
  20016.145     9.847    -6.82    5.69
  20393.211     9.763    -0.22    5.92
  20770.250    13.418     9.69    7.52
  21147.263    17.542    10.94   10.28
  21524.249    24.194    17.64    9.86
  21901.209    28.745    12.07    6.45
  22278.143    28.667    -0.21    6.03
  22655.051    24.887   -10.03    7.54
  23031.933    19.285   -14.87    7.76
  23408.788    15.459   -10.15    6.36
  23785.617    13.539    -5.10    6.26
  24162.420    12.296    -3.30    6.33
  24539.196    10.643    -4.39    6.98
  24915.947     8.991    -4.38    7.22
  25292.671     5.587    -9.04    7.26
  25669.369     4.480    -2.94    6.76
  26046.041     4.359    -0.32    5.79
  26422.686     5.132     2.05    4.88
  26799.305     6.867     4.61    4.01
  27175.899     7.479     1.63    3.04
  27552.466     7.394    -0.23    3.14
  27929.007     8.806     3.75    4.31
  28305.521    12.063     8.65    6.56
  28682.010    15.806     9.94    6.02
  29058.473    18.745     7.81    5.17
  29434.909    19.867     2.98    5.17
  29811.319    21.584     4.56    5.70
  30187.703    23.785     5.85    5.68
  30564.061    26.563     7.38    6.25
  30940.393    28.520     5.20    5.62
  31316.699    29.949     3.80    5.75
  31692.979    32.084     5.67    7.42
  32069.233    33.896     4.82    8.66
  32445.460    35.339     3.83    9.58
  32821.662    37.480     5.69    9.22
  33197.838    38.663     3.14    7.79
  33573.987    39.839     3.13    6.85
  33950.110    41.602     4.69    7.03
  34326.208    46.643    13.40    5.95
  34702.279    51.182    12.07    5.57
  35078.325    54.055     7.64    4.50
  35454.344    55.501     3.85    3.32
  35830.337    56.019     1.38    3.99
  36206.305    55.683    -0.89    4.02
  36582.246    55.230    -1.21    3.65
  36958.162    55.091    -0.37    3.56
  37334.051    54.285    -2.15    3.64
  37709.915    51.719    -6.83    5.86
  38085.752    48.459    -8.67    6.71
  38461.564    46.105    -6.26    6.04
  38837.349    44.969    -3.02    6.69
  39213.109    46.520     4.13    6.20
  39588.843    47.626     2.94    4.12
  39964.551    46.937    -1.83    4.40
  40340.233    42.821   -10.96    8.08
  40715.889    37.459   -14.27    9.43
  41091.519    35.010    -6.52    8.74
  41467.123    36.667     4.41    9.01
  41842.702    40.230     9.48    8.82
  42218.254    43.819     9.56    6.73
  42593.781    45.633     4.83    7.09
  42969.282    49.419    10.08    6.63
  43344.756    53.021     9.59    7.17
  43720.206    56.584     9.49    5.62
  44095.629    56.112    -1.26    6.00
  44471.026    55.336    -2.07    6.08
  44846.398    54.792    -1.45    6.24
  45221.744    53.002    -4.77    8.47
  45597.064    47.605   -14.38   11.49
  45972.358    42.908   -12.51   10.62
  46347.626    42.540    -0.98   11.19
  46722.869    49.355    18.16   13.19
  47098.085    57.126    20.71   11.14
  47473.276    62.919    15.44    7.11
  47848.442    63.481     1.50    9.45
  48223.581    62.919    -1.50   11.87
  48598.695    63.730     2.16   12.68
  48973.783    66.001     6.05   12.62
  49348.845    69.132     8.35   13.69
  49723.882    71.785     7.07   13.18
  50098.892    74.584     7.46   13.05
  50473.878    78.785    11.20   12.98
  50848.837    81.605     7.52   12.17
  51223.771    87.724    16.32   10.29
  51598.679    91.418     9.85   10.28
  51973.561    87.355   -10.84   17.76
  52348.417    84.584    -7.39   19.63
  52723.248    83.989    -1.59   20.20
  53098.054    85.241     3.34   22.16
  53472.833    95.099    26.30   15.54
  53847.587    99.021    10.47    8.00
  54222.316    96.042    -7.95   11.00
  54597.018    90.479   -14.85   13.50
  54971.695    82.806   -20.48   19.00
  55346.347    67.105   -41.91   28.40
  55720.972    52.676   -38.51   27.40
  56095.573    45.523   -19.10   22.43
  56470.147    48.917     9.06   25.31
  56844.696    54.319    14.42   27.07
  57219.220    60.949    17.70   23.44
  57593.718    67.188    16.66   20.67
  57968.190    71.030    10.26   21.15
  58342.637    76.481    14.55   22.99
  58717.058    74.359    -5.67   26.29
  59091.453    63.331   -29.45   28.95
  59465.823    55.357   -21.30   24.73
  59840.168    52.806    -6.81   21.55
  60214.487    60.112    19.52   24.91
  60588.780    69.643    25.46   25.84
  60963.048    76.863    19.29   24.03
  61337.291    82.608    15.35   21.47
  61711.508    90.757    21.77   20.73
  62085.699    98.969    21.95   18.83
  62459.865    94.299   -12.48   22.25
  62834.005    82.296   -32.08   26.27
  63208.120    67.667   -39.10   23.19
  63582.210    59.751   -21.16   21.30
  63956.274    52.704   -18.84   19.18
  64330.313    50.089    -6.99   21.26
  64704.326    44.561   -14.78   17.59
  65078.314    38.438   -16.37   11.46
  65452.276    34.806    -9.71    7.98
  65826.213    27.643   -19.16   12.28
  66200.124    19.396   -22.05   11.82
  66574.010    13.826   -14.90   10.33
  66947.871     8.589   -14.01    1.47
  67321.706     8.724     0.36    1.93
  67695.516     9.438     1.91    2.41
  68069.301     9.751     0.84    2.70
  68443.060     9.928     0.48    2.89
  68816.793     9.779    -0.40    2.84
  69190.502     9.959     0.48    2.88
  69564.185    10.097     0.37    2.54
  69937.843    12.501     6.43    5.02
  70311.475    18.906    17.14   10.91
  70685.082    28.605    25.96   14.49
  71058.664    38.704    27.03   14.14
  71432.220    46.296    20.32   14.25
  71805.751    52.063    15.44   13.36
  72179.257    57.521    14.61   12.85
  72552.737    61.316    10.16   12.23
  72926.193    62.741     3.82    9.15
  73299.622    60.602    -5.73   10.61
  73673.027    57.980    -7.02   13.96
  74046.406    55.584    -6.42   13.79
  74419.761    55.751     0.45   13.15
  74793.089    60.949    13.92   15.28
  75166.393    68.001    18.89   15.89
  75539.671    71.589     9.61   13.87
  75912.925    73.650     5.52   12.58
  76286.152    74.118     1.25   12.98
  76659.355    75.928     4.85   12.08
  77032.533    82.626    17.95   12.12
  77405.685    85.021     6.42   10.76
  77778.812    85.501     1.28   12.56
  78151.914    79.396   -16.36   13.36
  78524.990    69.239   -27.22   16.25
  78898.042    62.850   -17.12   14.95
  79271.068    55.379   -20.03   14.98
  79644.070    44.501   -29.16   18.82
  80017.046    34.271   -27.43   18.81
  80389.996    29.938   -11.62   16.17
  80762.922    30.334     1.06   16.86
  81135.823    36.479    16.48   17.96
  81508.698    45.720    24.78   17.59
  81881.549    50.969    14.08   12.16
  82254.374    54.980    10.76   11.61
  82627.174    55.806     2.22   12.61
  82999.949    52.626    -8.53   14.29
  83372.699    50.417    -5.92   15.23
  83745.424    45.010   -14.51   14.70
  84118.124    40.654   -11.69   12.66
  84490.798    40.059    -1.60    9.87
  84863.448    41.868     4.85   10.45
  85236.072    45.999    11.09   10.78
  85608.672    51.285    14.19    8.98
  85981.246    54.745     9.28    9.85
  86353.796    58.055     8.88   10.05
  86726.320    62.771    12.66   10.86
  87098.820    70.230    20.02   11.52
  87471.294    72.821     6.96   10.35
  87843.743    75.646     7.59    9.78
  88216.168    80.438    12.86    9.83
  88588.567    80.416    -0.06   10.81
  88961.883    77.459    -7.92   11.22
  89339.311    76.501    -2.54   12.06
  89716.713    76.398    -0.27   11.96
  90094.089    75.133    -3.35   11.23
  90471.440    76.969     4.86   11.31
  90848.765    77.307     0.90   10.37
  91226.064    76.010    -3.44   10.29
  91603.338    74.524    -3.94   10.01
  91980.586    72.030    -6.61    9.99
  92357.808    76.884    12.87   12.07
  92735.005    81.524    12.30   11.82
  93112.176    86.146    12.25    6.92
  93489.321    86.745     1.59    7.47
  93866.441    87.042     0.79    8.07
  94243.535    84.908    -5.66    9.84
  94620.603    83.089    -4.82   10.31
  94997.646    73.988   -24.14   14.89
  95374.663    67.368   -17.56   15.72
  95751.655    63.867    -9.29   16.00
  96128.621    62.372    -3.97   16.81
  96505.561    63.683     3.48   18.56
  96882.476    69.481    15.38   13.61
  97259.366    68.693    -2.09   13.03
  97636.229    68.376    -0.84   11.66
  98013.068    61.807   -17.43   16.01
  98389.880    54.416   -19.61   19.18
  98766.667    49.214   -13.81   16.44
  99143.429    50.785     4.17   15.35
  99520.165    57.459    17.71   14.93
  99896.876    64.800    19.48   13.08
 100273.561    67.699     7.70   13.61
 100650.220    72.133    11.77   13.22
 101026.854    76.112    10.56   12.61
 101403.463    82.188    16.13   11.67
 101780.046    87.459    14.00   10.02
 102156.604    94.751    19.36   11.77
 102533.136   102.118    19.57   11.49
 102909.642   105.622     9.30   10.35
 103286.124   109.563    10.47    9.57
 103662.580   112.225     7.07   11.37
 104039.010   115.745     9.35   10.93
 104415.415   119.307     9.46    8.98
 104791.794   119.119    -0.50    9.48
 105168.148   115.501    -9.61   10.40
 105544.477   109.667   -15.50   13.32
 105920.780   108.084    -4.21   13.12
 106297.058   109.561     3.92   14.06
 106673.311   113.501    10.47   13.73
 107049.538   118.024    12.02   12.34
 107425.740   116.799    -3.26   13.55
 107801.916   118.377     4.19   15.06
 108178.067   120.646     6.03   14.13
 108554.193   119.021    -4.32   15.65
 108930.293   114.584   -11.80   16.58
 109306.368   115.683     2.92   16.12
 109682.418   114.828    -2.27   14.79
 110058.442   113.275    -4.13   15.54
 110434.441   115.855     6.86   15.94
 110810.415   119.745    10.35   16.49
 111186.363   124.771    13.37   14.85
 111562.286   125.146     1.00   13.58
 111938.184   116.209   -23.77   20.58
 112314.057   108.154   -21.43   16.54
 112689.904   110.622     6.56   17.12
 113065.726   120.146    25.34   18.43
 113441.522   132.785    33.63   15.36
 113817.294   140.194    19.71   13.99
 114193.040   143.799     9.60   13.56
 114568.761   138.118   -15.12   18.80
 114944.457   132.480   -15.01   18.92
 115320.127   131.908    -1.52   18.40
 115695.773   125.959   -15.83   20.29
 116071.393   123.146    -7.49   20.20
 116446.988   119.709    -9.15   17.53
 116822.557   121.394     4.49   18.54
 117198.102   135.596    37.81   20.88
 117573.621   149.170    36.14   19.93
 117949.115   161.908    33.92   19.83
 118324.584   172.251    27.54   13.26
 118700.028   174.376     5.66   12.30
 119075.447   175.540     3.10   14.17
 119450.840   174.735    -2.14   14.43
 119826.209   172.611    -5.66   12.89
 120201.552   173.328     1.91   11.70
 120576.870   175.251     5.12   10.15
 120952.163   178.542     8.77    9.62
 121327.431   183.241    12.52    9.96
 121702.673   182.989    -0.67   10.25
 122077.891   178.959   -10.74   13.51
 122453.084   170.126   -23.54   16.15
 122828.251   159.589   -28.08   13.56
 123203.393   154.561   -13.40   13.74
 123578.511   157.111     6.80   16.64
 123953.603   161.643    12.08   16.41
 124328.670   165.589    10.52   15.52
 124703.712   165.004    -1.56   14.86
 125078.729   156.667   -22.23   16.65
 125453.721   151.981   -12.50   16.39
 125828.688   153.884     5.08   15.04
 126203.630   156.561     7.14   15.75
 126578.547   161.720    13.76   13.71
 126953.439   161.622    -0.26   14.06
 127328.306   155.300   -16.86   15.11
 127703.148   144.282   -29.39   22.02
 128077.965   132.481   -31.48   18.67
 128452.757   127.153   -14.21   17.08
 128827.524   126.850    -0.81   16.51
 129202.266   131.667    12.85   17.41
 129576.983   142.730    29.52   18.05
 129951.676   149.459    17.96   16.56
 130326.343   152.981     9.40   16.93
 130700.985   157.313    11.56   17.14
 131075.602   162.292    13.29   19.96
 131450.195   165.980     9.84   19.19
 131824.762   168.118     5.71   16.83
 132199.305   172.021    10.42   15.23
 132573.822   177.081    13.51   16.07
 132948.315   184.067    18.65   14.07
 133322.783   188.546    11.96   12.30
 133697.226   188.540    -0.01   12.49
 134071.644   186.140    -6.41   15.35
 134446.037   181.146   -13.34   18.20
 134820.406   175.887   -14.05   17.68
 135194.749   172.033   -10.29   18.20
 135569.068   169.629    -6.42   18.75
 135943.362   163.111   -17.41   21.02
 136317.630   154.938   -21.83   21.25
 136691.875   145.438   -25.38   16.47
 137066.094   139.438   -16.03   14.98
 137440.288   136.374    -8.19   15.15
 137814.458   136.459     0.23   16.95
 138188.603   134.480    -5.29   16.91
 138562.723   137.894     9.12   17.96
 138936.818   140.709     7.52   17.27
 139310.889   143.292     6.91   14.49
 139684.935   142.063    -3.29   15.20
 140058.955   136.855   -13.92   19.61
 140432.952   123.969   -34.45   21.77
 140806.923   112.765   -29.96   16.43
 141180.870   106.641   -16.38   13.86
 141554.792   108.159     4.06   14.38
 141928.689   113.437    14.11   15.78
 142302.561   119.688    16.72   18.72
 142676.409   131.310    31.08   18.42
 143050.232   138.271    18.62   16.31
 143424.031   147.395    24.40   16.34
 143797.804   154.415    18.78   14.27
 144171.553   160.076    15.14   12.97
 144545.277   165.828    15.39   13.41
 144918.977   169.608    10.11   12.35
 145292.652   172.336     7.30   11.85
 145666.302   173.611     3.41   11.97
 146039.928   175.540     5.16   12.90
 146413.529   180.111    12.23   12.44
 146787.105   181.106     2.66   10.53
 147160.656   181.618     1.37   11.64
 147534.183   179.153    -6.60   12.95
 147907.686   178.176    -2.61   12.84
 148281.164   176.663    -4.05   13.86
 148654.617   176.688     0.07   13.11
 149028.045   169.894   -18.19   16.32
 149401.449   157.459   -33.30   14.70
 149774.828   155.482    -5.29   13.78
 150148.183   160.991    14.75   17.39
 150521.513   167.778    18.18   17.37
 150894.819   174.863    18.98   14.05
 151268.100   178.501     9.74   16.49
 151641.356   180.741     6.00   15.16
 152014.588   180.159    -1.56   16.12
 152387.796   183.095     7.87   14.75
 152760.979   184.919     4.89   13.00
 153134.137   186.348     3.83   11.88
 153507.271   189.771     9.17   11.21
 153880.380   186.799    -7.96   14.26
 154253.465   183.042   -10.07   15.09
 154626.525   179.867    -8.51   13.89
 154999.561   181.771     5.10   14.81
 155372.572   184.735     7.95   12.98
 155745.559   189.241    12.08   13.09
 156118.521   190.688     3.88   13.42
 156491.459   197.542    18.38   14.67
 156864.372   202.042    12.07   15.09
 157237.261   207.417    14.41   14.84
 157610.125   211.735    11.58   12.58
 157982.965   217.230    14.73    9.46
 158355.781   216.524    -1.89   11.97
 158728.572   208.310   -22.03   20.06
 159101.339   196.948   -30.47   23.68
 159474.081   189.751   -19.31   18.23
 159846.799   190.334     1.56   18.46
 160219.492   196.629    16.89   17.90
 160592.161   202.042    14.52   12.35
 160964.806   202.828     2.11   11.99
 161337.426   200.019    -7.54   16.23
 161710.022   200.686     1.79   16.95
 162082.594   207.399    18.01   17.92
 162455.141   218.481    29.74   20.82
 162827.664   228.683    27.38   16.20
 163200.162   233.842    13.85   11.75
 163572.636   234.688     2.27    8.92
 163946.277   232.807    -5.03    7.34
 164323.648   231.027    -4.72    7.69
 164700.994   223.331   -20.39   14.66
 165078.315   212.568   -28.52   20.77
 165455.611   207.521   -13.37   19.99
 165832.882   208.826     3.46   20.63
 166210.129   212.415     9.51   23.38
 166587.350   221.792    24.85   20.68
 166964.546   230.754    23.76   18.67
 167341.717   238.357    20.15   15.30
 167718.863   244.785    17.04   13.57
 168095.985   246.584     4.77   12.02
 168473.081   243.587    -7.95   13.50
 168850.152   239.481   -10.89   16.31
 169227.199   234.676   -12.74   12.70
 169604.220   232.741    -5.13   12.44
 169981.217   231.459    -3.40   13.09
 170358.189   227.355   -10.89   14.69
 170735.135   226.872    -1.28   15.11
 171112.057   227.214     0.91   15.93
 171488.954   229.322     5.59   14.07
 171865.826   227.765    -4.13   14.15
 172242.674   218.459   -24.69   16.40
 172619.496   210.167   -22.00   15.59
 172996.293   206.693    -9.22   15.51
 173373.066   207.459     2.03   17.09
 173749.814   208.735     3.39   17.13
 174126.537   209.416     1.81   15.70
 174503.235   206.792    -6.96   13.80
 174879.908   205.608    -3.14   12.67
 175256.556   204.938    -1.78   11.20
 175633.180   207.605     7.08   12.13
 176009.778   211.416    10.12   13.07
 176386.352   216.884    14.52   16.19
 176762.902   224.267    19.60   15.06
 177139.426   234.105    26.12   14.42
 177515.925   242.584    22.52   13.68
 177892.400   251.568    23.86   15.12
 178268.850   260.819    24.57   14.82
 178645.276   267.163    16.85   12.23
 179021.676   268.519     3.60   12.96
 179398.052   272.981    11.85   12.73
 179774.403   274.153     3.11   12.13
 180150.729   271.884    -6.03   13.37
 180527.031   269.046    -7.54   15.83
 180903.307   257.438   -30.84   16.06
 181279.559   252.254   -13.77   15.69
 181655.787   250.024    -5.93   17.66
 182031.989   249.234    -2.10   20.22
 182408.167   252.698     9.21   20.29
 182784.321   250.296    -6.39   17.41
 183160.449   246.192   -10.91   16.63
 183536.553   243.616    -6.85   18.14
 183912.632   240.546    -8.16   17.51
 184288.687   239.540    -2.67   18.20
 184664.717   236.863    -7.12   19.20
 185040.722   233.167    -9.83   18.89
 185416.703   219.855   -35.40   20.56
 185792.659   207.481   -32.91   20.68
 186168.590   209.140     4.41   21.24
 186544.497   212.167     8.05   22.23
 186920.379   220.271    21.56   21.37
 187296.236   228.376    21.56   15.71
 187672.069   234.055    15.11   17.49
 188047.878   240.646    17.54   15.94
 188423.661   246.307    15.06   14.34
 188799.421   253.251    18.48   12.27
 189175.155   256.230     7.93   11.81
 189550.865   256.884     1.74   10.84
 189926.551   257.355     1.25   10.88
 190302.211   256.352    -2.67   12.09
 190677.848   251.730   -12.30   15.59
 191053.460   245.800   -15.78   15.93
 191429.047   243.520    -6.07   15.35
 191804.610   244.133     1.63   15.79
 192180.148   244.813     1.81   15.59
 192555.661   243.267    -4.12   16.98
 192931.151   243.089    -0.47   18.70
 193306.615   247.763    12.45   17.63
 193682.055   252.903    13.69   14.34
 194057.471   257.544    12.36   13.01
 194432.862   255.501    -5.44   13.68
 194808.229   246.654   -23.56   16.80
 195183.571   238.398   -21.99   20.15
 195558.889   229.785   -22.94   20.74
 195934.183   227.988    -4.79   20.39
 196309.451   229.436     3.86   20.92
 196684.696   237.928    22.63   19.76
 197059.916   242.241    11.49   13.55
 197435.112   238.438   -10.14   18.77
 197810.283   234.076   -11.62   17.37
 198185.429   235.068     2.64   18.65
 198560.552   243.394    22.19   19.53
 198935.650   246.220     7.53   15.94
 199310.723   244.459    -4.69   16.63
 199685.773   237.188   -19.38   18.50
 200060.797   229.608   -20.21   17.94
 200435.798   225.501   -10.95   17.41
 200810.774   217.926   -20.20   18.12
 201185.725   214.055   -10.32   20.93
 201560.653   209.502   -12.14   21.48
 201935.556   208.313    -3.17   22.11
 202310.434   205.969    -6.25   24.37
 202685.289   207.313     3.58   23.89
 203060.119   198.730   -22.89   26.71
 203434.924   190.012   -23.25   24.38
 203809.706   178.672   -30.25   26.28
 204184.463   168.741   -26.49   22.47
 204559.196   170.938     5.86   26.81
 204933.904   169.850    -2.90   27.72
 205308.588   168.334    -4.05   26.97
 205683.248   167.751    -1.56   27.81
 206057.884   166.437    -3.51   26.33
 206432.495   161.568   -13.00   28.13
 206807.082   163.046     3.95   31.00
 207181.645   159.046   -10.68   28.76
 207556.183   162.146     8.28   32.85
 207930.698   170.133    21.32   35.01
 208305.188   181.398    30.07   34.99
 208679.654   190.068    23.15   30.19
 209054.095   196.675    17.64   24.30
 209428.513   195.459    -3.25   21.67
 209802.906   203.377    21.15   19.44
 210177.275   208.459    13.57   18.44
 210551.620   213.001    12.13   18.11
 210925.941   212.097    -2.41   21.79
 211300.237   204.350   -20.69   28.38
 211674.509   184.263   -53.66   38.50
 212048.757   167.372   -45.12   36.68
 212422.981   159.720   -20.44   31.29
 212797.181   146.884   -34.29   29.39
 213171.357   137.763   -24.37   29.93
 213545.508   138.917     3.08   33.94
 213919.636   135.374    -9.47   33.16
 214293.739   131.834    -9.46   33.85
 214667.818   127.850   -10.65   32.25
 215041.873   113.521   -38.30   27.77
 215415.904   108.105   -14.48   27.08
 215789.911   107.863    -0.65   30.98
 216163.894   101.751   -16.34   30.20
 216537.852    95.544   -16.59   29.98
 216911.787    95.876     0.89   31.51
 217285.697    98.504     7.03   34.86
 217659.583   117.683    51.29   44.18
 218033.446   131.111    35.91   44.05
 218407.284   126.042   -13.56   50.36
 218781.098   115.331   -28.65   52.91
 219154.888   101.292   -37.55   38.57
 219528.655    93.821   -19.99   31.06
 219902.397   100.436    17.70   37.50
 220276.115   102.289     4.96   36.23
 220649.809   108.970    17.88   34.47
 221023.479   105.589    -9.05   29.76
 221397.125   101.704   -10.40   29.82
 221770.747    91.785   -26.54   27.29
 222144.345    82.765   -24.14   22.50
 222517.919    79.002   -10.07   20.91
 222891.469    78.694    -0.82   20.32
 223264.995    88.186    25.41   23.85
 223638.497   106.683    49.51   29.61
 224011.975   123.568    45.20   28.30
 224385.430   132.459    23.80   25.20
 224758.860   134.140     4.50   26.55
 225132.266   131.502    -7.06   28.26
 225505.649   117.289   -38.06   25.58
 225879.007   100.785   -44.19   23.34
 226252.342    87.182   -36.43   26.98
 226625.652    80.438   -18.06   25.96
 226998.939    79.778    -1.77   22.94
 227372.202    87.757    21.37   25.31
 227745.441    95.693    21.26   23.48
 228118.656   105.126    25.27   22.28
 228491.847   108.654     9.45   20.57
 228865.015   108.778     0.33   16.75
 229238.158   114.352    14.94   15.25
 229611.278   117.605     8.71   14.76
 229984.373   123.542    15.91   13.10
 230357.445   128.328    12.83   13.23
 230730.493   129.084     2.02   13.82
 231103.517   130.394     3.51   14.37
 231476.518   130.792     1.07   14.88
 231849.494   132.391     4.28   15.00
 232222.447   135.071     7.19   15.40
 232595.376   138.785     9.96   19.73
 232968.281   144.602    15.59   22.32
 233341.162   154.251    25.87   21.88
 233714.020   165.146    29.22   21.39
 234086.854   167.863     7.29   21.57
 234459.664   172.413    12.20   19.48
 234832.450   178.263    15.69   16.81
 235205.212   180.748     6.66   14.98
 235577.951   182.834     5.60   13.58
 235950.666   186.021     8.55   13.75
 236323.357   191.046    13.48   13.20
 236696.025   189.563    -3.98   13.85
 237068.668   186.763    -7.51   16.61
 237441.288   178.438   -22.34   17.44
 237813.885   174.937    -9.39   16.79
 238186.457   179.751    12.92   18.80
 238559.006   188.001    22.14   15.31
 238932.989   192.395    11.75   11.83
 239310.301   192.959     1.49   12.77
 239687.587   191.307    -4.38   12.77
 240064.850   183.126   -21.68   14.27
 240442.088   178.118   -13.27   12.67
 240819.301   177.042    -2.85   11.26
 241196.491   178.133     2.89   12.55
 241573.656   183.167    13.34   15.13
 241950.797   189.046    15.58   12.04
 242327.913   192.808     9.97   10.89
 242705.005   197.799    13.23    9.78
 243082.073   199.303     3.99    7.38
 243459.117   196.813    -6.60    8.87
 243836.136   190.357   -17.12   10.33
 244213.131   185.089   -13.97   10.65
 244590.102   183.279    -4.80    9.05
 244967.049   184.368     2.89    9.60
 245343.971   185.405     2.75    7.91
