-230526.380    42.786     0.00    4.23
-230150.844    42.561    -0.60    3.63
-229775.289    42.333    -0.61    2.90
-229399.713    43.795     3.89    3.38
-229024.117    46.106     6.15    5.47
-228648.500    49.727     9.64    9.39
-228272.863    54.109    11.66   10.36
-227897.206    57.651     9.43   10.82
-227521.528    63.326    15.10   12.63
-227145.831    65.833     6.67   12.49
-226770.112    69.333     9.31   12.08
-226394.374    73.326    10.62   10.72
-226018.615    75.043     4.57    8.60
-225642.835    77.644     6.92    9.53
-225267.035    78.432     2.09    9.87
-224891.215    76.851    -4.21   10.10
-224515.375    76.727    -0.33    9.48
-224139.514    76.200    -1.40    7.81
-223763.633    75.044    -3.07    7.93
-223387.731    74.244    -2.13    8.95
-223011.809    70.478   -10.02    8.29
-222635.866    67.477    -7.98   10.04
-222259.903    62.109   -14.28   13.17
-221883.920    53.913   -21.79   12.52
-221507.916    45.413   -22.60    9.58
-221131.891    39.111   -16.76    6.45
-220755.847    36.381    -7.26    4.43
-220379.782    36.652     0.72    3.68
-220003.696    40.477    10.17    5.80
-219627.590    45.130    12.37    7.50
-219251.463    51.244    16.25    8.17
-218875.316    56.773    14.69    7.28
-218499.149    63.045    16.67    6.95
-218122.961    67.452    11.71    7.18
-217746.752    71.867    11.73    7.25
-217370.523    76.419    12.10    7.59
-216994.274    75.867    -1.47    8.39
-216618.004    72.778    -8.21    9.79
-216241.713    67.476   -14.09    8.54
-215865.402    64.370    -8.25    7.01
-215489.071    62.333    -5.41    8.35
-215112.719    63.267     2.48    8.01
-214736.346    62.234    -2.74    8.16
-214359.953    57.326   -13.04   10.21
-213983.540    50.638   -17.76   12.15
-213607.106    43.205   -19.74   10.15
-213230.651    39.935    -8.68    5.94
-212854.176    39.682    -0.67    4.42
-212477.680    41.778     5.57    5.95
-212101.163    46.348    12.14    8.03
-211724.627    49.826     9.24    9.85
-211348.069    56.064    16.56   10.67
-210971.491    61.705    14.98   12.56
-210594.892    66.065    11.58   10.74
-210218.273    66.977     2.42    8.67
-209841.633    65.227    -4.65    9.46
-209464.973    61.356   -10.28    9.83
-209088.291    58.357    -7.96    8.83
-208711.590    58.087    -0.72    9.17
-208334.867    58.800     1.89    8.72
-207958.125    59.870     2.84    7.68
-207581.361    56.022   -10.21    9.91
-207204.577    48.163   -20.86   12.27
-206827.772    43.045   -13.58   11.95
-206450.946    41.500    -4.10   12.27
-206074.100    40.622    -2.33   11.71
-205697.234    40.911     0.77    9.53
-205320.346    39.773    -3.02    6.62
-204943.438    38.956    -2.17    4.31
-204566.509    38.024    -2.47    2.97
-204189.560    35.133    -7.67    5.22
-203812.590    32.318    -7.47    5.72
-203435.599    29.568    -7.29    4.11
-203058.587    28.717    -2.26    3.29
-202681.555    30.804     5.53    5.43
-202304.502    32.761     5.19    7.01
-201927.428    35.273     6.66    8.33
-201550.334    35.511     0.63    7.01
-201173.219    36.556     2.77    7.03
-200796.083    36.909     0.94    6.43
-200418.927    38.149     3.29    6.26
-200041.749    38.091    -0.15    4.62
-199665.972    38.222     0.35    3.55
-199292.865    38.674     1.21    3.24
-198919.738    39.696     2.74    3.46
-198546.591    41.889     5.88    4.93
-198173.424    44.432     6.81    5.38
-197800.236    47.064     7.05    5.91
-197427.028    49.227     5.80    6.59
-197053.799    50.043     2.19    7.06
-196680.551    52.043     5.36    8.42
-196307.282    53.087     2.79    8.48
-195933.993    54.696     4.31    7.53
-195560.683    56.435     4.66    7.38
-195187.353    57.733     3.48    7.17
-194814.003    59.000     3.39    6.99
-194440.632    60.522     4.07    7.37
-194067.241    60.091    -1.15    6.32
-193693.830    60.739     1.74    5.20
-193320.398    62.273     4.11    4.47
-192946.946    62.804     1.42    4.13
-192573.474    61.200    -4.29    4.94
-192199.981    58.674    -6.76    4.97
-191826.468    55.659    -8.07    5.18
-191452.935    54.571    -2.91    6.97
-191079.381    53.711    -2.30    8.14
-190705.807    51.455    -6.04    8.71
-190332.212    50.022    -3.83    8.03
-189958.597    48.089    -5.17    4.88
-189584.962    48.262     0.46    3.67
-189211.306    50.659     6.41    4.19
-188837.630    53.214     6.84    3.60
-188463.933    55.136     5.14    3.64
-188090.216    58.022     7.72    4.81
-187716.479    61.022     8.03    5.49
-187342.721    65.065    10.82    6.61
-186968.942    68.523     9.25    6.76
-186595.144    70.109     4.24    8.31
-186221.324    67.952    -5.77   11.73
-185847.485    61.044   -18.48   12.68
-185473.624    54.705   -16.95    7.34
-185099.744    52.957    -4.67    5.17
-184725.843    55.617     7.11    8.64
-184351.921    58.957     8.93    9.66
-183977.979    62.521     9.53    9.60
-183604.017    63.886     3.65    8.26
-183230.034    64.064     0.47    6.08
-182856.030    63.773    -0.78    4.47
-182482.006    64.400     1.68    3.58
-182107.961    68.587    11.19    6.42
-181733.896    72.326     9.99    7.41
-181359.811    74.935     6.97    7.25
-180985.705    76.523     4.24    6.88
-180611.578    75.261    -3.37    7.79
-180237.431    74.196    -2.85    6.70
-179863.263    73.935    -0.70    6.07
-179489.075    74.622     1.84    5.29
-179114.866    75.864     3.32    4.94
-178740.637    75.783    -0.22    5.27
-178366.387    75.477    -0.82    5.13
-177992.116    75.745     0.71    5.51
-177617.825    73.283    -6.58    6.57
-177243.514    69.851    -9.17    8.44
-176869.182    63.935   -15.80    9.07
-176494.829    58.932   -13.36    7.52
-176120.455    53.333   -14.95    7.05
-175746.061    49.071   -11.38    5.40
-175371.647    46.174    -7.74    5.25
-174997.212    43.364    -7.50    4.33
-174622.756    42.844    -1.39    3.89
-174248.279    41.467    -3.68    4.38
-173873.782    40.977    -1.31    4.55
-173499.265    41.295     0.85    5.12
-173124.726    41.095    -0.53    5.41
-172750.167    42.311     3.25    6.61
-172375.588    42.136    -0.47    7.85
-172000.988    42.467     0.88    8.71
-171626.367    39.435    -8.09   10.04
-171251.725    38.250    -3.16    9.72
-170877.063    40.543     6.12    9.85
-170502.380    42.463     5.12    9.12
-170127.676    47.089    12.34    7.45
-169752.952    50.681     9.58    8.25
-169378.207    48.761    -5.12    9.96
-169003.442    45.913    -7.60   10.19
-168628.655    44.826    -2.90    8.53
-168253.848    47.809     7.96   10.05
-167879.020    53.955    16.39    9.48
-167504.172    60.128    16.47    7.77
-167129.303    63.023     7.72    6.60
-166754.413    62.978    -0.12    8.04
-166379.502    61.574    -3.74    8.84
-166004.571    59.689    -5.03    9.97
-165629.619    59.319    -0.99   10.16
-165254.646    57.822    -3.99   10.98
-164879.652    58.000     0.47    9.86
-164504.638    57.727    -0.73    8.14
-164129.603    57.489    -0.64    7.19
-163754.547    59.565     5.54    6.84
-163379.470    60.523     2.55    6.29
-163004.373    60.565     0.11    5.78
-162629.255    59.761    -2.14    5.87
-162254.116    57.383    -6.34    5.91
-161878.956    54.222    -8.42    5.69
-161503.775    52.170    -5.47    5.38
-161128.574    50.733    -3.83    4.94
-160753.351    51.452     1.92    5.62
-160378.108    51.422    -0.08    5.67
-160002.844    50.605    -2.18    7.12
-159627.560    50.311    -0.78    7.37
-159252.254    47.467    -7.58    8.66
-158876.928    44.116    -8.93    9.05
-158501.581    40.289   -10.20    7.25
-158126.213    38.571    -4.57    5.38
-157750.824    43.364    12.76    9.86
-157375.414    53.915    28.10   12.98
-156999.983    60.413    17.31   10.98
-156624.532    62.064     4.40    9.92
-156249.059    58.935    -8.33   12.06
-155873.566    56.239    -7.18   10.76
-155498.052    52.116   -10.98    9.46
-155122.517    50.978    -3.03    9.43
-154746.961    47.318    -9.74   10.44
-154371.384    44.023    -8.77    9.50
-153995.786    42.522    -4.00    7.80
-153620.168    44.568     5.45    7.56
-153244.528    48.625    10.80    7.31
-152868.868    51.848     8.58    7.59
-152493.186    54.617     7.37    6.73
-152117.484    54.711     0.25    6.35
-151741.760    53.841    -2.32    7.21
-151366.016    51.000    -7.56    6.55
-150990.251    50.318    -1.81    6.49
-150614.465    50.104    -0.57    6.97
-150238.658    48.826    -3.40    7.58
-149862.830    48.370    -1.21    7.99
-149486.981    46.522    -4.92    6.39
-149111.110    47.091     1.51    5.19
-148735.219    45.400    -4.50    5.84
-148359.307    44.024    -3.66    5.67
-147983.374    42.022    -5.33    6.58
-147607.420    39.273    -7.31    8.91
-147231.445    34.933   -11.54    9.41
-146855.449    29.652   -14.04    7.89
-146479.432    25.381   -11.36    7.05
-146103.394    21.750    -9.65    6.63
-145727.335    19.465    -6.08    6.34
-145351.255    17.783    -4.47    6.53
-144975.154    15.935    -4.91    6.28
-144599.032    15.587    -0.92    7.19
-144222.888    16.696     2.95    8.28
-143846.724    15.000    -4.51    8.72
-143470.539    14.630    -0.98    9.01
-143094.332    12.727    -5.06    9.04
-142718.105    10.600    -5.65   11.20
-142341.856     9.170    -3.80   11.45
-141965.586     6.217    -7.85    9.59
-141589.296     3.128    -8.21    5.22
-141212.984     2.364    -2.03    4.27
-140836.651     0.370    -5.30    4.91
-140460.297    -0.705    -2.85    5.37
-140083.922    -2.356    -4.39    5.13
-139707.525    -4.065    -4.54    3.61
-139331.108    -4.545    -1.28    2.64
-138954.669    -2.913     4.34    3.08
-138578.210    -1.000     5.08    3.58
-138201.729     2.170     8.42    5.81
-137825.227     4.065     5.03    5.34
-137448.704     5.500     3.81    5.62
-137072.160     7.273     4.71    5.88
-136695.594     9.452     5.79    6.30
-136319.008    12.378     7.77    7.37
-135942.400    16.705    11.49    7.57
-135565.771    18.889     5.80    7.44
-135189.121    23.578    12.45    8.47
-134812.450    27.738    11.04    9.00
-134435.757    32.587    12.87    9.11
-134059.043    39.651    18.75    6.04
-133682.309    43.244     9.54    6.14
-133305.553    48.596    14.20    7.08
-132928.775    51.435     7.53    6.23
-132551.977    52.702     3.36    5.99
-132175.157    51.568    -3.01    8.45
-131798.316    50.702    -2.30    8.42
-131421.454    53.205     6.64    8.38
-131044.570    54.844     4.35    8.33
-130667.666    58.804    10.51    4.69
-130290.740    60.000     3.17    4.44
-129913.792    56.702    -8.75    6.21
-129536.824    55.326    -3.65    6.26
-129159.834    53.851    -3.91    5.84
-128782.823    52.578    -3.38    5.30
-128405.791    51.391    -3.15    6.49
-128028.737    46.533   -12.88    8.72
-127651.662    41.310   -13.85    7.67
-127274.566    39.196    -5.60    6.98
-126897.449    37.841    -3.59    6.99
-126520.310    37.267    -1.52    7.58
-126143.150    36.543    -1.92    7.80
-125765.968    33.791    -7.30    8.68
-125388.766    30.159    -9.63    8.42
-125011.542    28.409    -4.64    8.00
-124636.047    28.022    -1.03    9.04
-124263.006    29.674     4.43   10.75
-123889.946    29.911     0.64   11.02
-123516.864    29.587    -0.87    9.28
-123143.761    26.400    -8.54    8.71
-122770.638    23.587    -7.54    7.78
-122397.493    20.500    -8.27    6.36
-122024.328    18.400    -5.63    3.54
-121651.142    20.467     5.54    6.48
-121277.935    23.644     8.51    8.79
-120904.707    25.702     5.51    9.71
-120531.458    28.630     7.84    8.66
-120158.189    31.646     8.08    8.57
-119784.898    35.045     9.11    8.94
-119411.587    38.234     8.54    7.27
-119038.254    39.045     2.17    6.80
-118664.901    35.778    -8.75    9.06
-118291.527    28.739   -18.85    9.85
-117918.132    21.935   -18.22    8.48
-117544.716    16.708   -13.99    5.73
-117171.279    16.500    -0.56    5.80
-116797.821    21.196    12.57    8.75
-116424.342    26.109    13.15    8.33
-116050.842    31.826    15.31    6.83
-115677.321    36.622    12.84    6.12
-115303.780    40.205     9.59    5.95
-114930.217    43.000     7.48    5.24
-114556.633    43.452     1.21    5.31
-114183.028    42.174    -3.42    5.68
-113809.403    42.000    -0.47    5.95
-113435.756    40.298    -4.55    6.70
-113062.088    39.957    -0.91    7.25
-112688.400    39.915    -0.11    6.82
-112314.690    41.614     4.55    7.47
-111940.959    46.214    12.31    7.03
-111567.208    48.933     7.27    6.43
-111193.435    50.047     2.98    5.65
-110819.641    48.200    -4.94    6.55
-110445.826    44.133   -10.88    7.00
-110071.991    40.568    -9.54    7.43
-109698.134    39.761    -2.16    7.64
-109324.256    39.643    -0.32    7.39
-108950.357    40.800     3.09    7.05
-108576.437    40.682    -0.32    8.07
-108202.496    33.761   -18.51   11.26
-107828.533    28.447   -14.21    9.31
-107454.550    27.217    -3.29    8.58
-107080.546    28.787     4.20    8.93
-106706.520    30.511     4.61    8.32
-106332.474    31.413     2.41    8.00
-105958.406    31.091    -0.86    7.88
-105584.317    32.848     4.70    8.03
-105210.207    38.200    14.30    7.49
-104836.076    40.932     7.30    7.00
-104461.924    42.766     4.90    6.56
-104087.751    44.111     3.59    6.27
-103713.557    46.688     6.88    6.29
-103339.341    49.178     6.65    5.86
-102965.105    49.574     1.06    5.64
-102590.847    47.182    -6.39    6.55
-102216.568    44.622    -6.84    6.81
-101842.268    41.822    -7.48    6.87
-101467.946    38.023   -10.15    7.08
-101093.604    35.891    -5.69    7.76
-100719.240    34.156    -4.64    7.74
-100344.855    33.532    -1.67    8.21
 -99970.449    31.630    -5.08    8.65
 -99596.022    31.064    -1.51    9.36
 -99221.574    29.222    -4.92    9.47
 -98847.104    28.568    -1.75    9.66
 -98472.613    26.587    -5.29    8.07
 -98098.101    23.548    -8.11    6.73
 -97723.568    20.478    -8.19    7.39
 -97349.014    14.800   -15.16    8.09
 -96974.438    10.156   -12.40    7.45
 -96599.841     5.304   -12.95    5.73
 -96225.223     2.093    -8.57    4.06
 -95850.583     0.523    -4.19    3.08
 -95475.922    -0.705    -3.28    1.86
 -95101.241    -0.522     0.49    1.72
 -94726.537    -0.340     0.48    1.78
 -94351.813     1.478     4.85    3.51
 -93977.067     4.191     7.24    4.93
 -93602.300    10.045    15.62    8.42
 -93227.512    16.870    18.21   10.41
 -92852.702    25.273    22.42   10.81
 -92477.871    30.333    13.50    8.23
 -92103.019    34.065     9.95    7.38
 -91728.145    35.587     4.06    6.65
 -91353.250    37.574     5.30    6.80
 -90978.334    41.364    10.11    6.09
 -90603.397    42.979     4.31    6.11
 -90228.438    44.609     4.35    5.21
 -89853.457    43.638    -2.59    6.47
 -89478.456    40.756    -7.69    6.50
 -89103.433    40.455    -0.80    6.87
 -88728.389    37.326    -8.34    6.97
 -88353.323    36.023    -3.47    7.39
 -87978.236    32.500    -9.39    8.68
 -87603.128    29.696    -7.48    6.97
 -87227.998    30.128     1.15    7.50
 -86852.847    32.978     7.60    6.93
 -86477.675    35.196     5.91    5.59
 -86102.481    34.909    -0.76    7.33
 -85727.265    32.667    -5.98    8.62
 -85352.029    27.400   -14.03   11.12
 -84976.771    20.045   -19.60   10.66
 -84601.491    14.556   -14.63    9.29
 -84226.190    10.222   -11.55    5.33
 -83850.868     7.409    -7.49    3.31
 -83475.524     6.522    -2.36    3.22
 -83100.159     4.976    -4.12    3.22
 -82724.772     2.822    -5.74    3.56
 -82349.364     0.851    -5.25    3.33
 -81973.934    -0.283    -3.02    2.65
 -81598.483    -0.787    -1.34    2.21
 -81223.011    -0.804    -0.05    2.19
 -80847.517    -1.000    -0.52    1.62
 -80472.001    -1.289    -0.77    1.55
 -80096.464    -1.413    -0.33    1.48
 -79720.906    -0.511     2.40    2.85
 -79345.326     0.841     3.60    4.14
 -78969.725     3.404     6.82    6.22
 -78594.102     4.841     3.82    7.31
 -78218.457     3.562    -3.40    7.71
 -77842.791     2.522    -2.77    8.31
 -77467.104     1.000    -4.05    8.33
 -77091.395     0.800    -0.53    8.45
 -76715.664     3.978     8.46   11.46
 -76339.912     8.111    11.00   13.77
 -75964.138    13.524    14.40   16.26
 -75588.343    16.174     7.05   15.85
 -75212.527    21.068    13.02   15.35
 -74836.688    26.222    13.71   16.69
 -74460.828    36.556    27.49   16.14
 -74084.947    42.605    16.09   12.18
 -73709.044    44.533     5.13    9.82
 -73333.119    41.738    -7.44   10.46
 -72957.173    39.600    -5.69    9.22
 -72581.205    37.021    -6.86    9.00
 -72205.216    37.457     1.16    8.58
 -71829.205    40.043     6.88    7.87
 -71453.172    41.444     3.73    7.51
 -71077.118    42.978     4.08    5.41
 -70701.042    42.455    -1.39    5.20
 -70324.945    41.356    -2.92    5.41
 -69948.826    36.889   -11.87    6.93
 -69572.685    31.109   -15.37    9.05
 -69196.522    26.979   -10.98    8.74
 -68820.338    24.500    -6.59    8.40
 -68444.133    24.604     0.28    9.36
 -68067.905    26.000     3.71    9.30
 -67691.656    26.021     0.06    9.22
 -67315.385    25.600    -1.12    8.78
 -66939.093    26.744     3.04    9.66
 -66562.779    29.978     8.59    9.72
 -66186.443    33.279     8.77    9.48
 -65810.086    35.511     5.93    9.09
 -65433.706    36.386     2.33    8.91
 -65057.306    37.543     3.07    8.47
 -64680.883    37.711     0.45    8.08
 -64304.439    38.159     1.19    7.74
 -63927.972    37.727    -1.15    6.86
 -63551.485    39.244     4.03    6.47
 -63174.975    41.326     5.53    7.10
 -62798.444    45.468    11.00    5.76
 -62421.891    47.935     6.55    5.33
 -62045.316    51.375     9.14    5.48
 -61668.720    54.955     9.50    5.11
 -61292.101    57.362     6.39    4.87
 -60915.461    57.932     1.51    4.65
 -60538.799    57.200    -1.94    5.38
 -60162.116    56.511    -1.83    6.30
 -59785.410    54.467    -5.43    6.82
 -59408.683    50.245   -11.21    8.75
 -59031.934    48.522    -4.57    8.51
 -58655.163    47.170    -3.59    6.62
 -58278.370    47.311     0.37    5.91
 -57901.556    49.545     5.93    6.06
 -57524.720    52.489     7.81    4.45
 -57147.862    54.786     6.09    3.45
 -56770.982    55.565     2.07    3.34
 -56394.080    55.318    -0.66    3.78
 -56017.156    54.217    -2.92    4.37
 -55640.211    52.348    -4.96    5.69
 -55263.243    50.023    -6.17    6.19
 -54886.254    47.250    -7.35    7.03
 -54509.243    45.864    -3.68    7.08
 -54132.210    45.957     0.25    6.33
 -53755.155    48.106     5.70    5.01
 -53378.079    48.674     1.51    5.00
 -53000.980    47.542    -3.00    5.74
 -52623.859    46.045    -3.97    6.77
 -52246.717    43.000    -8.07    7.42
 -51869.553    40.227    -7.35    6.97
 -51492.366    38.533    -4.49    7.01
 -51115.158    37.979    -1.47    7.85
 -50737.928    36.826    -3.06    8.65
 -50360.676    36.688    -0.37    8.84
 -49983.402    36.022    -1.76    8.65
 -49608.173    34.574    -3.86    7.90
 -49235.197    33.304    -3.41    7.71
 -48862.199    31.277    -5.44    6.82
 -48489.179    27.222   -10.87    7.81
 -48116.138    21.721   -14.75    7.27
 -47743.076    16.848   -13.06    6.38
 -47369.992    13.233    -9.69    3.90
 -46996.886    14.085     2.28    6.21
 -46623.760    18.614    12.14    9.33
 -46250.611    24.383    15.46   10.16
 -45877.442    31.400    18.80    7.01
 -45504.250    35.455    10.86    5.82
 -45131.038    36.956     4.02    6.07
 -44757.804    38.143     3.18    5.40
 -44384.548    38.933     2.12    4.33
 -44011.271    37.800    -3.04    5.38
 -43637.972    34.422    -9.05    6.77
 -43264.652    31.596    -7.57    6.44
 -42891.310    28.205    -9.08    6.48
 -42517.947    23.000   -13.94    8.60
 -42144.563    18.302   -12.58   10.10
 -41771.156    12.370   -15.89    8.92
 -41397.729     7.419   -13.26    3.68
 -41024.279     7.261    -0.42    2.44
 -40650.809     9.936     7.16    5.26
 -40277.316    13.413     9.31    6.65
 -39903.802    17.702    11.48    7.22
 -39530.267    22.136    11.87    5.98
 -39156.710    24.312     5.83    4.97
 -38783.131    26.267     5.23    4.58
 -38409.531    28.149     5.04    5.24
 -38035.909    29.432     3.43    5.14
 -37662.266    29.089    -0.92    5.69
 -37288.601    26.848    -6.00    6.66
 -36914.914    25.111    -4.65    6.40
 -36541.206    23.064    -5.48    6.80
 -36167.476    21.182    -5.04    6.22
 -35793.725    20.208    -2.60    6.95
 -35419.952    18.587    -4.34    7.93
 -35046.157    16.234    -6.29    8.41
 -34672.341    13.630    -6.96    7.91
 -34298.503    11.409    -5.94    5.85
 -33924.643    12.304     2.39    6.88
 -33550.762    12.238    -0.18    6.86
 -33176.859    12.239     0.00    7.50
 -32802.935    13.227     2.64    8.92
 -32428.989    11.511    -4.59    9.35
 -32055.021     9.689    -4.87    9.20
 -31681.031     6.477    -8.59    7.83
 -31307.020     3.622    -7.63    3.58
 -30932.987     2.667    -2.55    2.30
 -30558.932     2.667     0.00    2.17
 -30184.856     4.277     4.30    4.47
 -29810.758     5.478     3.21    5.12
 -29436.638     7.128     4.41    5.66
 -29062.497     8.891     4.71    5.51
 -28688.333    11.333     6.53    6.26
 -28314.149    16.591    14.05    9.24
 -27939.942    21.500    13.12   10.81
 -27565.713    28.386    18.40    9.09
 -27191.463    30.756     6.33    7.47
 -26817.191    31.851     2.93    6.50
 -26442.898    32.370     1.39    6.66
 -26068.582    33.745     3.67    6.33
 -25694.245    34.886     3.05    5.72
 -25319.886    37.396     6.70    6.23
 -24945.505    38.848     3.88    6.53
 -24571.103    37.083    -4.71   12.14
 -24196.678    33.756    -8.89   15.84
 -23822.232    28.444   -14.18   18.50
 -23447.764    21.304   -19.07   18.39
 -23073.274    16.614   -12.53   15.72
 -22698.763    10.766   -15.61   13.40
 -22324.229     8.261    -6.69   10.68
 -21949.674     4.340   -10.47    4.92
 -21575.097     3.778    -1.50    2.59
 -21200.498     4.370     1.58    3.26
 -20825.878     4.867     1.33    3.24
 -20451.235     5.167     0.80    3.22
 -20076.570     5.422     0.68    2.95
 -19701.884     4.822    -1.60    2.69
 -19327.176     4.422    -1.07    1.75
 -18952.446     4.362    -0.16    1.52
 -18577.694     4.283    -0.21    1.57
 -18202.920     4.348     0.17    1.14
 -17828.124     4.409     0.16    1.02
 -17453.307     4.826     1.11    1.02
 -17078.467     4.844     0.05    1.17
 -16703.606     5.000     0.41    1.13
 -16328.723     5.312     0.83    1.32
 -15953.817     5.413     0.27    1.36
 -15578.890     5.375    -0.10    1.25
 -15203.941     5.364    -0.03    1.28
 -14828.970     5.562     0.53    1.22
 -14453.977     5.804     0.64    1.11
 -14078.962     6.000     0.52    1.12
 -13703.925     6.400     1.07    1.48
 -13328.866     6.545     0.39    1.59
 -12953.785     6.478    -0.18    1.17
 -12578.683     6.477    -0.00    0.98
 -12203.558     6.354    -0.33    0.98
 -11828.411     6.500     0.39    1.07
 -11453.242     7.000     1.33    2.17
 -11078.052     7.174     0.46    2.42
 -10702.839     7.523     0.93    2.99
 -10327.604     7.659     0.36    3.06
  -9952.347     7.477    -0.48    3.87
  -9577.069     7.444    -0.09    3.73
  -9201.768     7.646     0.54    3.85
  -8826.445     7.756     0.29    3.91
  -8451.100     8.149     1.05    3.73
  -8075.733     8.000    -0.40    3.69
  -7700.344     7.913    -0.23    2.68
  -7324.933     7.674    -0.64    2.20
  -6949.500     7.174    -1.33    1.62
  -6574.045     6.915    -0.69    1.54
  -6198.568     6.435    -1.28    1.17
  -5823.069     6.208    -0.60    1.32
  -5447.547     5.886    -0.86    1.17
  -5072.004     5.860    -0.07    1.13
  -4696.438     6.152     0.78    1.32
  -4320.851     6.542     1.04    1.46
  -3945.241     7.667     3.00    2.78
  -3569.609     8.933     3.37    3.93
  -3193.955    11.261     6.20    4.91
  -2818.279    13.045     4.75    5.22
  -2442.581    15.000     5.20    5.54
  -2066.861    14.304    -1.85    5.73
  -1691.118    12.574    -4.60    6.09
  -1315.353    11.044    -4.07    6.27
   -939.567     8.136    -7.74    6.48
   -563.758     5.489    -7.04    7.27
   -187.927     2.071    -9.09    5.53
    187.927     0.696    -3.66    2.14
    563.802     2.277     4.21    3.79
    939.700     4.556     6.06    5.20
   1315.620     6.979     6.45    5.64
   1691.562     9.267     6.09    4.33
   2067.526     9.234    -0.09    3.74
   2443.512     8.844    -1.04    2.97
   2819.521     8.761    -0.22    2.88
   3195.552     8.478    -0.75    2.65
   3571.605     8.304    -0.46    2.65
   3947.680     8.340     0.10    2.62
   4323.778     7.364    -2.60    1.59
   4699.897     7.020    -0.91    1.35
   5076.039     6.696    -0.86    1.75
   5452.204     6.426    -0.72    1.78
   5828.390     6.304    -0.32    1.79
   6204.599     6.444     0.37    1.73
   6580.830     6.652     0.55    1.51
   6957.083     6.864     0.56    0.95
   7333.359     6.872     0.02    1.06
   7709.657     6.636    -0.63    1.22
   8085.977     6.533    -0.27    1.08
   8462.319     6.217    -0.84    1.03
   8838.684     6.333     0.31    1.11
   9215.071     6.065    -0.71    1.10
   9591.481     5.795    -0.72    1.09
   9967.912     6.087     0.77    1.79
  10344.367     6.319     0.62    2.08
  10720.843     6.565     0.65    1.88
  11097.342     6.688     0.32    1.64
  11473.863     6.750     0.17    1.82
  11850.406     6.896     0.39    1.55
  12226.972     6.565    -0.88    1.46
  12603.560     6.426    -0.37    1.46
  12980.171     6.267    -0.42    1.01
  13356.804     6.444     0.47    1.10
  13733.459     6.723     0.74    1.10
  14110.137     6.864     0.37    0.98
  14486.837     7.149     0.76    1.08
  14863.559     7.217     0.18    1.07
  15240.304     7.319     0.27    1.00
  15617.071     7.391     0.19    1.06
  15993.861     7.186    -0.54    0.98
  16370.673     7.222     0.10    1.04
  16747.508     7.250     0.07    1.18
  17124.365     7.422     0.46    1.18
  17501.244     7.745     0.86    1.09
  17878.146     8.109     0.97    1.06
  18255.070     8.383     0.73    0.95
  18632.017     8.773     1.03    1.20
  19008.986     8.894     0.32    1.07
  19385.978     9.174     0.74    1.06
  19762.992     9.533     0.95    1.01
  20140.029     9.638     0.28    0.87
  20517.088    10.136     1.32    1.11
  20894.170    10.280     0.38    1.21
  21271.274    10.326     0.12    1.27
  21648.400    10.468     0.38    1.25
  22025.550    10.348    -0.32    1.20
  22402.721    10.467     0.32    1.25
  22779.916    10.978     1.36    1.57
  23157.132    11.750     2.05    1.75
  23534.372    12.283     1.41    1.63
  23911.633    12.523     0.64    1.45
  24288.918    12.244    -0.74    1.51
  24666.225    12.085    -0.42    1.46
  25043.554    12.044    -0.11    1.31
  25418.521    11.848    -0.52    1.28
  25791.426    11.773    -0.20    1.03
  26164.353    11.667    -0.28    1.00
  26537.301    11.638    -0.08    1.09
  26910.272    11.478    -0.43    1.03
  27283.265    11.083    -1.06    1.07
  27656.280    10.826    -0.69    1.16
  28029.317    10.750    -0.20    1.30
  28402.376    10.659    -0.24    1.22
  28775.456    10.583    -0.20    1.07
  29148.560    10.689     0.28    1.12
  29521.685    10.689     0.00    1.10
  29894.832    10.783     0.25    1.17
  30268.001    10.761    -0.06    1.04
  30641.192    10.625    -0.36    1.04
  31014.406    10.750     0.33    1.86
  31387.641    10.750     0.00    1.84
  31760.899    10.630    -0.32    1.91
  32134.179    10.319    -0.83    0.98
  32507.480    10.348     0.08    0.95
  32880.804    10.319    -0.08    0.96
  33254.150    10.778     1.23    2.09
  33627.519    11.000     0.60    2.39
  34000.909    11.022     0.06    2.33
  34374.321    10.822    -0.53    2.50
  34747.756    10.553    -0.72    2.48
  35121.213     9.489    -2.85    1.36
  35494.692     9.222    -0.71    1.43
  35868.193     8.957    -0.71    1.50
  36241.716     9.000     0.12    1.48
  36615.261     9.435     1.16    1.34
  36988.829     9.860     1.14    1.19
  37362.419    10.133     0.73    1.47
  37736.031     9.957    -0.47    1.50
  38109.665    10.000     0.11    1.46
  38483.321     9.708    -0.78    1.11
  38857.000     9.630    -0.21    1.25
  39230.701     9.583    -0.13    1.38
  39604.424     9.273    -0.83    1.39
  39978.169     9.562     0.78    1.41
  40351.936     9.413    -0.40    1.31
  40725.726     9.370    -0.12    1.37
  41099.538     9.383     0.04    1.24
  41473.372     9.565     0.49    1.50
  41847.229     9.583     0.05    1.61
  42221.108     9.500    -0.22    1.55
  42595.009     9.542     0.11    1.46
  42968.932     9.391    -0.40    1.02
  43342.877     9.438     0.12    1.05
  43716.845     9.370    -0.18    0.97
  44090.835     9.447     0.21    1.19
  44464.848     9.311    -0.36    1.28
  44838.882     9.674     0.97    1.46
  45212.940    10.370     1.86    1.48
  45587.019    10.578     0.56    1.37
  45961.121    10.933     0.95    1.19
  46335.245    11.333     1.07    1.62
  46709.391    11.455     0.32    1.76
  47083.560    11.468     0.04    1.76
  47457.751    11.378    -0.24    2.05
  47831.964    10.804    -1.53    1.51
  48206.200    10.409    -1.06    1.00
  48580.458    10.413     0.01    1.11
  48954.738    10.489     0.20    1.06
  49329.041    10.674     0.49    1.16
  49703.366    10.479    -0.52    1.37
  50077.714    10.136    -0.92    1.32
  50452.084     9.979    -0.42    1.28
  50826.476     9.867    -0.30    1.22
  51200.891    10.000     0.36    1.34
  51575.328    10.022     0.06    1.18
  51949.788    10.087     0.17    1.05
  52324.270    10.085    -0.00    1.02
  52698.774    10.000    -0.23    0.90
  53073.301     9.830    -0.45    1.13
  53447.851     9.689    -0.38    1.56
  53822.422     9.702     0.04    1.57
  54197.017     9.500    -0.54    1.36
  54571.633     9.489    -0.03    1.20
  54946.273     9.348    -0.38    1.14
  55320.934     9.289    -0.16    1.01
  55695.618     9.156    -0.36    1.15
  56070.325     8.750    -1.08    1.40
  56445.054     8.711    -0.10    1.36
  56819.806     8.708    -0.01    1.44
  57194.580     8.978     0.72    1.50
  57569.376     9.638     1.76    1.58
  57944.195    10.356     1.91    1.58
  58319.037    10.913     1.49    1.46
  58693.901    11.089     0.47    1.59
  59068.788    10.609    -1.28    1.71
  59443.697    10.042    -1.51    1.86
  59818.629     9.674    -0.98    1.67
  60193.583     9.583    -0.24    1.40
  60568.560     9.500    -0.22    1.45
  60943.559     9.686     0.50    1.39
  61318.581     9.391    -0.79    1.22
  61693.625     8.979    -1.10    1.10
  62068.693     8.957    -0.06    1.07
  62443.782     8.521    -1.16    1.17
  62818.895     8.156    -0.97    1.15
  63194.029     8.067    -0.24    1.18
  63569.187     8.000    -0.18    1.10
  63944.367     8.244     0.65    1.03
  64319.570     8.196    -0.13    1.07
  64694.795     8.489     0.78    1.62
  65070.043     9.889     3.73    3.56
  65445.313    11.957     5.51    5.05
  65820.607    14.364     6.41    5.49
  66195.922    16.444     5.54    5.34
  66571.261    17.889     3.85    4.50
  66946.622    18.830     2.51    3.41
  67322.006    19.191     0.96    2.58
  67697.412    19.457     0.71    2.25
  68072.841    19.755     0.80    2.15
  68448.293    20.091     0.89    2.48
  68823.768    20.438     0.92    2.64
  69199.265    21.087     1.73    1.87
  69574.785    21.106     0.05    1.81
  69950.328    21.065    -0.11    1.98
  70325.893    20.217    -2.26    2.58
  70701.481    17.957    -6.02    4.58
  71077.092    16.409    -4.12    4.79
  71452.725    15.042    -3.64    4.08
  71828.381    14.783    -0.69    4.21
  72204.060    15.333     1.47    4.21
  72579.762    14.891    -1.18    3.82
  72955.486    14.844    -0.12    3.30
  73331.234    15.818     2.59    3.36
  73707.004    17.364     4.11    3.93
  74082.796    18.609     3.31    3.66
  74458.612    18.812     0.54    2.99
  74834.450    18.783    -0.08    3.10
  75210.311    17.596    -3.16    2.46
  75586.195    16.864    -1.95    2.13
  75962.102    16.468    -1.05    2.54
  76338.031    16.674     0.55    3.00
  76713.983    17.261     1.56    3.12
  77089.959    18.468     3.21    3.48
  77465.957    18.348    -0.32    3.58
  77841.977    17.354    -2.64    3.98
  78218.021    17.182    -0.46    3.60
  78594.087    16.367    -2.17    4.02
  78970.177    15.304    -2.83    4.70
  79346.289    14.000    -3.47    5.25
  79722.424    11.239    -7.34    4.69
  80098.582     9.489    -4.65    2.76
  80474.762     9.333    -0.41    2.62
  80850.966     9.279    -0.14    2.49
  81227.193    10.222     2.51    2.29
  81603.442    11.604     3.67    3.53
  81979.714    12.444     2.23    4.03
  82356.010    13.617     3.12    4.79
  82732.328    14.111     1.31    5.04
  83108.669    14.174     0.17    4.87
  83485.033    13.457    -1.91    4.48
  83861.420    12.435    -2.71    3.59
  84237.829    12.125    -0.82    2.72
  84614.262    11.717    -1.08    1.92
  84990.718    11.875     0.42    1.42
  85367.196    12.068     0.51    1.34
  85743.698    12.347     0.74    1.42
  86120.223    12.717     0.98    1.38
  86496.770    13.042     0.86    1.38
  86873.341    13.277     0.62    1.54
  87249.934    13.200    -0.20    1.47
  87626.551    13.304     0.28    1.87
  88003.190    12.911    -1.04    1.69
  88379.853    12.766    -0.39    1.68
  88756.538    12.674    -0.24    1.73
  89133.247    12.467    -0.55    1.22
  89509.978    12.362    -0.28    1.09
  89886.733    12.565     0.54    1.05
  90263.511    12.717     0.40    1.17
  90640.311    13.289     1.52    1.63
  91017.135    14.085     2.11    1.94
  91393.982    15.021     2.48    2.20
  91770.852    15.826     2.14    1.83
  92147.744    16.245     1.11    1.79
  92524.660    16.341     0.25    1.88
  92901.599    16.429     0.23    1.87
  93278.561    16.478     0.13    1.56
  93655.547    16.604     0.33    1.40
  94032.555    16.826     0.59    1.34
  94409.586    17.156     0.87    1.73
  94786.641    17.457     0.80    2.75
  95163.718    17.644     0.50    2.78
  95540.819    17.261    -1.02    2.03
  95917.943    17.200    -0.16    2.14
  96295.090    17.356     0.41    2.41
  96672.260    17.435     0.21    2.40
  97049.453    17.341    -0.25    1.66
  97426.670    17.522     0.48    1.55
  97803.909    17.532     0.03    1.49
  98181.172    17.532     0.00    1.64
  98558.458    17.438    -0.25    1.66
  98935.767    17.174    -0.70    1.88
  99313.099    17.902     1.93    2.32
  99690.455    17.911     0.02    2.16
 100067.833    17.271    -1.70    2.51
 100442.559    17.283     0.03    2.33
 100815.392    17.021    -0.70    2.12
 101188.249    16.681    -0.91    2.13
 101561.128    17.196     1.38    1.76
 101934.029    16.978    -0.58    1.79
 102306.954    17.091     0.30    1.89
 102679.900    17.250     0.43    2.05
 103052.870    17.435     0.50    2.27
 103425.862    18.532     2.94    2.35
 103798.877    19.326     2.13    2.16
 104171.914    19.717     1.05    2.06
 104544.975    19.733     0.04    2.05
 104918.058    20.140     1.09    1.71
 105291.163    20.761     1.67    2.17
 105664.291    22.267     4.04    3.39
 106037.442    22.936     1.79    3.56
 106410.616    23.625     1.85    3.47
 106783.812    24.348     1.94    3.66
 107157.031    25.396     2.81    4.24
 107530.273    27.341     5.21    4.80
 107903.537    29.362     5.41    4.90
 108276.824    32.044     7.19    5.56
 108650.134    34.894     7.63    7.09
 109023.467    37.457     6.87    6.81
 109396.822    39.156     4.55    6.17
 109770.201    40.319     3.12    6.79
 110143.602    39.087    -3.30    6.31
 110517.025    39.771     1.83    6.38
 110890.472    42.886     8.34    7.53
 111263.941    49.062    16.54    8.68
 111637.433    52.435     9.03    7.70
 112010.948    52.354    -0.22    7.88
 112384.485    48.958    -9.09    9.35
 112758.046    44.400   -12.20    8.51
 113131.629    42.911    -3.99    5.78
 113505.235    45.318     6.44    7.07
 113878.864    49.348    10.79    8.75
 114252.515    55.196    15.65    8.14
 114626.190    58.467     8.75    7.69
 114999.887    58.553     0.23    8.35
 115373.607    57.289    -3.38    7.87
 115747.351    54.104    -8.52    6.61
 116121.116    52.089    -5.39    4.61
 116494.905    53.587     4.01    5.07
 116868.717    53.533    -0.14    6.17
 117242.551    50.935    -6.95    6.92
 117616.409    48.438    -6.68    6.31
 117990.289    47.217    -3.26    4.68
 118364.192    49.188     5.27    4.78
 118738.118    54.000    12.87    8.37
 119112.067    59.627    15.05   11.49
 119486.039    66.543    18.50   10.05
 119860.034    68.979     6.51    8.13
 120234.051    66.348    -7.04   10.69
 120608.092    62.625    -9.95   10.95
 120982.156    62.217    -1.09   10.00
 121356.242    65.400     8.51   11.52
 121730.352    73.152    20.72   10.10
 122104.484    78.191    13.47    9.71
 122478.639    80.298     5.63    9.68
 122852.818    83.200     7.76    8.65
 123227.019    82.702    -1.33    8.58
 123601.243    82.870     0.45    8.35
 123975.491    83.178     0.82    9.98
 124349.761    81.848    -3.55   10.90
 124724.054    82.364     1.38   10.84
 125098.370    84.156     4.79    9.71
 125472.710    86.208     5.48    9.68
 125847.072    87.717     4.03    7.34
 126221.457    85.286    -6.50   10.52
 126595.866    80.543   -12.67   12.81
 126970.297    76.340   -11.23   12.55
 127344.751    74.273    -5.52   11.52
 127719.229    80.458    16.52   11.20
 128093.729    87.065    17.64   10.14
 128468.253    92.812    15.35    9.56
 128842.800    97.489    12.49    8.48
 129217.369    99.500     5.37    6.73
 129591.962    98.064    -3.83    7.88
 129966.578    94.386    -9.82   10.35
 130341.217    88.438   -15.88   12.84
 130715.879    77.935   -28.04   16.46
 131090.564    67.660   -27.43   17.43
 131465.272    56.217   -30.54   13.54
 131840.004    50.543   -15.14    8.13
 132214.758    51.804     3.36    9.35
 132589.536    57.000    13.87    9.63
 132964.337    62.174    13.81   10.39
 133339.160    65.957    10.10   12.10
 133714.007    65.468    -1.31   13.15
 134088.878    63.167    -6.14   15.63
 134463.771    56.413   -18.02   17.05
 134838.688    49.061   -19.61   16.22
 135213.627    40.250   -23.50   13.05
 135588.590    34.604   -15.06    9.14
 135963.576    30.217   -11.70    3.69
 136338.585    28.957    -3.36    2.18
 136713.618    28.043    -2.44    1.87
 137088.673    28.106     0.17    1.77
 137463.752    27.979    -0.34    2.05
 137838.854    28.068     0.24    2.07
 138213.979    28.167     0.26    1.74
 138589.128    28.391     0.60    1.68
 138964.300    27.875    -1.38    1.68
 139339.495    27.702    -0.46    1.98
 139714.713    27.067    -1.69    1.67
 140089.954    27.283     0.58    1.87
 140465.219    27.884     1.60    2.33
 140840.507    28.217     0.89    2.30
 141215.818    28.106    -0.30    2.31
 141591.153    27.935    -0.46    2.33
 141966.511    27.854    -0.21    2.00
 142341.892    27.652    -0.54    2.28
 142717.296    27.875     0.59    2.38
 143092.724    28.000     0.33    2.78
 143468.175    27.894    -0.28    2.79
 143843.649    26.911    -2.62    1.40
 144219.147    27.152     0.64    1.61
 144594.668    28.188     2.76    2.51
 144970.212    29.000     2.16    2.88
 145345.779    29.915     2.44    2.47
 145721.370    30.356     1.17    2.22
 146096.985    30.681     0.87    2.11
 146472.622    30.283    -1.06    1.61
 146848.283    30.000    -0.75    2.05
 147223.968    29.326    -1.79    2.10
 147599.676    28.674    -1.73    1.70
 147975.407    29.478     2.14    3.18
 148351.161    31.333     4.94    4.17
 148726.939    33.043     4.55    4.22
 149102.741    34.667     4.32    3.59
 149478.565    36.000     3.55    3.27
 149854.414    37.061     2.82    2.86
 150230.285    38.318     3.34    2.03
 150606.180    39.521     3.20    3.00
 150982.099    40.000     1.27    3.12
 151358.041    40.340     0.91    3.16
 151734.006    40.696     0.94    3.02
 152109.995    38.191    -6.66    5.66
 152486.007    34.255   -10.47    6.59
 152862.043    30.727    -9.38    5.59
 153238.102    28.458    -6.03    3.49
 153614.184    27.391    -2.84    1.29
 153990.291    27.583     0.51    1.11
 154366.420    28.702     2.97    2.34
 154742.573    29.867     3.10    2.74
 155118.750    31.283     3.76    2.31
 155494.950    32.591     3.48    1.32
 155871.174    32.587    -0.01    1.09
 156247.421    32.894     0.82    1.56
 156623.692    33.065     0.46    1.53
 156999.986    33.000    -0.17    1.72
 157376.304    33.045     0.12    1.84
 157752.645    33.280     0.62    1.63
 158129.010    33.239    -0.11    1.49
 158505.398    33.458     0.58    1.50
 158881.810    33.457    -0.00    1.57
 159258.246    33.348    -0.29    1.65
 159634.705    33.196    -0.40    1.76
 160011.188    32.696    -1.33    1.84
 160387.694    32.438    -0.69    1.83
 160764.224    31.804    -1.68    1.87
 161140.778    31.319    -1.29    1.76
 161517.355    31.872     1.47    4.04
 161893.955    33.200     3.53    5.70
 162270.580    34.043     2.24    5.77
 162647.228    34.933     2.36    5.69
 163023.900    34.739    -0.52    5.09
 163400.595    33.146    -4.23    1.99
 163777.314    32.891    -0.68    1.64
 164154.056    32.837    -0.14    1.48
 164530.823    32.795    -0.11    1.13
 164907.613    33.098     0.80    1.20
 165284.426    33.457     0.95    1.29
 165661.263    33.958     1.33    1.93
 166038.124    34.565     1.61    2.48
 166415.009    34.468    -0.26    2.83
 166791.917    34.283    -0.49    3.56
 167168.849    33.609    -1.79    3.91
 167545.805    33.447    -0.43    4.46
 167922.785    34.489     2.76    5.07
 168299.788    33.609    -2.34    4.58
 168676.815    33.854     0.65    4.10
 169053.866    33.660    -0.52    3.56
 169430.940    33.022    -1.69    2.08
 169808.038    33.109     0.23    1.37
 170185.160    33.283     0.46    2.05
 170562.306    33.292     0.02    2.81
 170939.475    33.674     1.01    2.90
 171316.669    33.620    -0.14    2.76
 171693.886    33.727     0.28    2.32
 172071.127    34.143     1.10    2.34
 172448.391    36.413     6.02    4.53
 172825.680    40.562    11.00    7.32
 173202.992    45.370    12.74    7.52
 173580.328    49.711    11.51    6.64
 173957.688    52.500     7.39    5.27
 174335.072    53.089     1.56    5.39
 174712.479    50.489    -6.89    7.40
 175089.911    47.021    -9.19    7.55
 175464.421    45.152    -4.99    6.82
 175837.184    45.438     0.77    6.55
 176209.970    49.289    10.33    9.52
 176582.779    57.021    20.74   10.18
 176955.612    63.543    17.50    8.57
 177328.468    67.938    11.79    6.80
 177701.347    69.234     3.48    7.32
 178074.249    69.196    -0.10    9.09
 178447.175    70.167     2.60    9.39
 178820.124    69.565    -1.61   11.41
 179193.096    69.306    -0.69   10.59
 179566.091    70.114     2.17   10.77
 179939.110    70.360     0.66   10.44
 180312.152    73.739     9.06   10.27
 180685.217    77.653    10.49    9.04
 181058.306    79.783     5.71    9.28
 181431.418    83.021     8.68    8.54
 181804.553    84.870     4.95    7.79
 182177.712    85.295     1.14    7.22
 182550.894    86.196     2.41    6.69
 182924.099    86.622     1.14    6.44
 183297.328    84.830    -4.80    8.09
 183670.580    83.146    -4.51    9.29
 184043.855    83.848     1.88    9.87
 184417.154    87.851    10.73   10.17
 184790.476    92.587    12.69    8.73
 185163.822    93.234     1.73    9.64
 185537.190    90.109    -8.37   11.40
 185910.583    86.771    -8.94    9.71
 186283.998    83.522    -8.70    6.80
 186657.437    84.891     3.67    6.67
 187030.900    86.958     5.54    6.06
 187404.386    88.761     4.83    5.68
 187777.895    90.122     3.65    5.71
 188151.428    92.341     5.94    7.12
 188524.984    96.040     9.90    6.46
 188898.564    98.652     6.99    5.29
 189272.167   100.653     5.36    6.88
 189645.793   104.761    11.00    9.23
 190019.443   109.957    13.91   10.50
 190393.117   115.065    13.67   10.10
 190766.814   118.636     9.56    9.36
 191140.534   121.457     7.55    8.16
 191514.278   122.556     2.94    6.28
 191888.045   121.362    -3.19    6.09
 192261.836   118.375    -7.99    7.49
 192635.651   115.848    -6.76    7.91
 193009.488   114.553    -3.46    8.04
 193383.350   115.089     1.43    7.25
 193757.235   113.319    -4.73    6.89
 194131.143   111.022    -6.14    6.16
 194505.075   111.146     0.33    6.84
 194879.031   116.000    12.98    8.87
 195253.010   121.870    15.70    7.88
 195627.013   127.646    15.45    6.08
 196001.039   130.109     6.59    4.66
 196375.089   128.102    -5.37    8.41
 196749.162   121.750   -16.98   14.17
 197123.259   113.347   -22.47   15.27
 197497.380   105.935   -19.82   14.23
 197871.524   105.417    -1.39   13.13
 198245.691   108.812     9.08   13.58
 198619.883   115.696    18.40   13.54
 198994.098   123.130    19.87   10.92
 199368.336   125.488     6.30   10.43
 199742.599   119.830   -15.12   15.12
 200116.884   110.213   -25.70   15.99
 200491.194   106.319   -10.40   14.72
 200865.527   111.625    14.18   18.83
 201239.884   121.804    27.20   19.20
 201614.264   131.490    25.88   14.00
 201988.668   135.023     9.44   12.15
 202363.096   134.042    -2.62   12.35
 202737.548   127.522   -17.42   17.04
 203112.023   120.872   -17.76   17.07
 203486.521   115.894   -13.30   15.11
 203861.044   117.391     4.00   15.65
 204235.590   125.021    20.37   17.80
 204610.160   129.977    13.23   15.83
 204984.754   129.917    -0.16   14.75
 205359.371   125.522   -11.73   13.93
 205734.012   123.979    -4.12   11.97
 206108.677   127.170     8.52   14.17
 206483.366   130.333     8.44   15.42
 206858.078   137.239    18.43   14.89
 207232.814   139.372     5.69   14.38
 207607.574   139.702     0.88   13.71
 207982.357   143.067     8.98   14.63
 208357.165   146.065     8.00   16.69
 208731.996   149.771     9.89   16.52
 209106.851   150.587     2.18   15.50
 209481.730   154.061     9.27   16.09
 209856.632   153.841    -0.59   15.44
 210231.559   152.940    -2.40   13.00
 210606.509   152.804    -0.36   11.41
 210981.483   154.167     3.63    9.84
 211356.481   160.870    17.88   10.78
 211731.502   166.750    15.68   12.11
 212106.548   172.938    16.50   11.49
 212481.617   177.304    11.65   12.57
 212856.710   178.447     3.05   12.37
 213231.827   180.766     6.18   12.52
 213606.968   181.553     2.10   12.74
 213982.133   182.213     1.76   13.86
 214357.321   182.438     0.60   13.30
 214732.534   183.447     2.69   12.20
 215107.770   185.739     6.11   10.41
 215483.031   188.761     8.05   10.28
 215858.315   192.587    10.20    8.19
 216233.623   193.149     1.50    8.23
 216608.955   194.688     4.10    8.18
 216984.311   194.870     0.49    9.35
 217359.691   191.592    -8.73   12.34
 217735.095   185.727   -15.63   16.37
 218110.522   180.980   -12.65   14.74
 218485.974   179.348    -4.35   14.47
 218861.450   183.041     9.84   14.14
 219236.949   189.362    16.84   14.85
 219612.473   192.617     8.67   12.69
 219988.021   195.065     6.52   13.18
 220363.592   194.239    -2.20   15.07
 220739.188   188.304   -15.80   13.60
 221114.807   188.106    -0.53   12.34
 221490.451   192.717    12.28   12.96
 221866.118   199.000    16.73   10.87
 222241.810   203.064    10.82    7.81
 222617.526   201.833    -3.28    8.60
 222993.265   199.348    -6.62   10.02
 223369.029   194.771   -12.18   10.59
 223744.816   189.043   -15.25   11.96
 224120.628   185.021   -10.70   11.55
 224496.464   181.375    -9.70   10.96
 224872.324   181.391     0.04   11.23
 225248.208   185.837    11.83   12.05
 225624.116   194.182    22.20   10.86
 226000.048   199.667    14.59    9.99
 226376.004   203.816    11.04    6.76
