#   85.000  -1.251  11.534 ;Mean Elev.(m), Avg Gradient(m/km), RMS Gradient(m/km) - SRTM1     
#   75.233  -1.477  12.060 ;Mean Elev.(m), Avg Gradient(m/km), RMS Gradient(m/km) - ASTER GDEM
#   85.212  -1.230  11.715 ;Mean Elev.(m), Avg Gradient(m/km), RMS Gradient(m/km) - GMTED2010 
  7 270.701694  36.597842    83.712    83.734  6 52471.14708861 31.590
  8 270.705412  36.594857    76.164    76.189  6 52506.14706761 46.793
  9 270.705640  36.594781    82.664    82.662  6 52541.14704981 49.210
 10 270.698656  36.600584    83.108    83.097  7 52576.14709875 35.713
 11 270.706121  36.593971    83.067    83.049  6 52611.14705935 32.610
 12 270.703192  36.596175    87.586    87.525  7 52646.14704723 44.254
 13 270.719591  36.579179    85.293    85.336  3 52681.14701620 22.617
 15 270.694991  36.601819    86.765    86.791  6 52751.14710103 32.453
 16 270.695286  36.602871    91.733    91.707  6 52786.14704519 34.657
 17 270.698005  36.601207    85.384    85.394  7 52821.14711866 37.245
 18 270.705020  36.594987    85.705    85.690  6 52856.14716491 36.352
 19 270.699157  36.600272    87.470    87.516  7 52891.14719862 44.088
 20 270.708675  36.591817    82.563    82.564  6 52926.14714938 53.146
 21 270.709816  36.590967    85.692    85.638  6 52961.14711698 24.987
 22 270.702126  36.597346    87.602    87.525  6 52996.14715707 16.264
 23 270.709500  36.591182    88.592    88.628  6 53031.14711814 20.939
 24 270.708680  36.591148    87.965    88.077  5 53066.14712553 22.168
 25 270.705437  36.594627    88.149    88.149  6 53101.14712654 38.870
 26 270.709693  36.590733    87.610    87.731  5 53136.14712712 23.898
 27 270.699679  36.599150    88.944    88.962  6 53171.14718145 45.309
 28 270.703474  36.595156    86.364    86.052  6 53206.14719360 43.084
 29 270.714535  36.585297    83.718    83.011  4 53241.14715912 39.752
 30 270.698535  36.600338    88.222    88.170  7 53276.14713189 22.797
 31 270.699228  36.600222    87.244    87.172  6 53311.14717401 30.423
 32 270.708464  36.592133    90.459    90.433  6 53346.14713812 29.100
 33 270.701206  36.598308    92.527    92.557  7 53381.14709647 47.627
 34 270.715082  36.584300    89.948    89.970  4 53416.14711435 23.924
 35 270.699235  36.599121    86.078    86.648  7 53451.14711441 28.405
 36 270.693886  36.601655    85.903    85.818  5 53486.14720041 26.345
 37 270.708659  36.591361    85.228    85.079  6 53521.14719183 35.710
 38 270.696359  36.601541    83.825    83.822  7 53556.14721801 45.146
 39 270.720563  36.578546    80.978    80.898  3 53591.14715254 49.441
 40 270.690530  36.602509    81.149    81.193  3 53626.14714387 30.683
 41 270.699253  36.600343    82.077    82.082  7 53661.14716897 34.340
 42 270.708358  36.591602    85.290    85.492  5 53696.14713697 22.831
 43 270.717738  36.581976    81.650    81.649  3 53731.14705767 23.175
 44 270.711291  36.588406    89.362    89.310  5 53766.14702984 28.542
 45 270.716913  36.581678    87.137    87.055  3 53801.14703102 13.745
 46 270.699342  36.599570    86.672    86.702  6 53836.14704127 29.827
 47 270.702708  36.596711    85.891    85.814  7 53871.14709731 24.327
 48 270.699484  36.599244    82.699    82.689  7 53906.14713612 37.774
 49 270.692474  36.603458    82.863    82.899  5 53941.14716654 45.876
 50 270.706902  36.593179    80.753    80.693  6 53976.14711995 34.572
 51 270.700309  36.598264    83.997    84.006  6 54011.14712234 37.914
 52 270.712673  36.587485    87.185    86.948  4 54046.14713436 24.529
 53 270.708593  36.591223    84.691    84.692  6 54081.14712804 29.984
 54 270.713439  36.586716    90.396    90.363  5 54116.14706060 29.021
 55 270.702952  36.597356    84.093    84.070  6 54151.14707964 29.094
 56 270.712514  36.587828    89.640    89.641  5 54186.14705279 52.710
 57 270.700757  36.598541    87.630    87.456  7 54221.14708941 43.436
 58 270.705578  36.593131    85.286    85.298  6 54256.14711170 41.530
 59 270.708532  36.591184    83.734    83.646  6 54291.14711272 32.707
 60 270.709953  36.589912    82.560    82.558  5 54326.14710996 51.457
 61 270.714553  36.585048    87.840    87.953  4 54361.14706074 18.684
 62 270.706204  36.593951    86.711    87.068  6 54396.14705068 25.958
 63 270.713014  36.587050    87.785    88.222  5 54431.14701094 26.193
 64 270.704862  36.595627    86.770    86.759  6 54466.14703169 20.635
 65 270.710305  36.590714    85.869    85.820  5 54501.14702488 27.688
 66 270.708046  36.592447    91.275    91.302  5 54536.14704596 33.113
 67 270.712980  36.587060    93.974    94.008  4 54571.14702668 40.552
 68 270.704557  36.595068    90.957    90.922  6 54606.14704083 30.805
 69 270.706775  36.592694    90.681    90.693  6 54641.14704946 50.841
 70 270.704033  36.596323    86.357    86.358  6 54676.14705242 48.775
 71 270.715069  36.584170    82.203    82.211  4 54711.14700541 52.814
 72 270.703710  36.596259    83.363    83.369  6 54746.14702018 51.033
 73 270.710092  36.589878    83.131    81.720  5 54781.14699118 32.131
 74 270.704056  36.595292    86.320    86.124  6 54816.14701298 17.642
 75 270.709903  36.590631    87.829    88.096  5 54851.14698980 35.285
 76 270.703282  36.596266    88.212    88.135  7 54886.14701707 39.962
 77 270.710792  36.589384    88.804    88.769  6 54921.14699048 32.962
 78 270.701675  36.598012    90.445    90.442  7 54956.14701370 39.191
 79 270.702035  36.596615    87.796    87.954  6 54991.14703661 34.330
 80 270.709453  36.590338    86.384    86.668  5 55026.14702597 31.953
 81 270.706853  36.593499    85.739    85.940  6 55061.14702032 30.138
 82 270.712856  36.587171    86.084    88.037  5 55096.14696892 22.913
 83 270.704423  36.595287    87.801    87.801  6 55131.14696289 46.615
 84 270.710512  36.589864    87.602    87.513  5 55166.14693130 35.622
 85 270.703470  36.595861    88.798    88.850  7 55201.14695532 42.685
 86 270.709819  36.590727    90.922    90.941  5 55236.14693775 49.335
 87 270.706104  36.593735    89.194    89.158  5 55271.14694897 42.973
 88 270.714525  36.585141    89.121    89.136  4 55306.14691847 22.596
 89 270.706471  36.593576    91.723    91.717  6 55341.14692005 41.586
 90 270.709274  36.591081    89.460    89.427  5 55376.14691211 36.779
 91 270.705957  36.593131    87.845    87.853  6 55411.14693552 50.953
 92 270.708462  36.591666    86.067    86.329  6 55446.14692805 29.876
 93 270.717184  36.581854    85.680    85.520  4 55481.14685849 33.256
