-154853.275    56.953     0.00    6.10
-154475.769    60.895    10.44    7.69
-154098.137    66.047    13.65    6.31
-153720.535    70.664    12.23    5.23
-153342.961    73.407     7.26    3.55
-152965.416    73.998     1.57    3.15
-152587.899    72.267    -4.59    4.55
-152210.411    70.213    -5.44    3.99
-151832.952    70.429     0.57    4.52
-151455.521    71.699     3.36    5.32
-151078.119    74.787     8.18    4.68
-150700.745    77.630     7.54    3.43
-150323.400    79.037     3.73    3.10
-149946.083    81.047     5.33    2.62
-149568.795    82.016     2.57    2.18
-149191.535    82.751     1.95    1.62
-148814.305    82.832     0.22    1.53
-148437.102    82.207    -1.66    1.62
-148059.928    81.547    -1.75    2.04
-147682.783    80.667    -2.33    2.45
-147305.666    79.684    -2.61    2.50
-146928.577    78.438    -3.30    3.03
-146551.517    77.135    -3.46    4.09
-146174.486    76.792    -0.91    4.18
-145797.483    76.707    -0.23    3.65
-145420.508    76.427    -0.74    3.51
-145043.562    75.963    -1.23    3.73
-144666.644    74.567    -3.71    4.62
-144289.755    73.155    -3.75    5.36
-143912.894    72.939    -0.57    5.83
-143536.061    72.526    -1.09    5.78
-143159.257    71.526    -2.65    6.40
-142782.482    69.893    -4.34    6.41
-142405.734    69.771    -0.32    5.58
-142029.015    69.628    -0.38    5.24
-141652.325    70.567     2.49    4.56
-141275.662    71.958     3.70    3.80
-140899.029    73.076     2.97    1.72
-140522.423    72.127    -2.52    2.10
-140145.846    71.327    -2.12    2.50
-139769.297    70.609    -1.91    2.17
-139392.777    70.467    -0.38    2.02
-139016.284    69.270    -3.18    3.66
-138639.820    66.958    -6.14    5.53
-138263.385    66.017    -2.50    5.96
-137886.977    66.547     1.41    5.86
-137510.598    69.127     6.86    4.42
-137134.248    70.249     2.98    3.27
-136757.925    70.488     0.64    2.82
-136381.631    70.696     0.55    3.18
-136005.365    72.363     4.43    3.80
-135629.127    74.338     5.25    4.14
-135252.917    76.669     6.20    3.29
-134876.736    78.777     5.61    2.05
-134500.583    79.625     2.25    1.44
-134124.458    79.159    -1.24    1.75
-133748.361    77.996    -3.09    2.03
-133372.293    76.447    -4.12    2.87
-132996.252    74.227    -5.90    3.26
-132620.240    71.343    -7.67    4.40
-132244.256    67.664    -9.78    5.36
-131868.300    64.395    -8.70    4.58
-131492.372    62.767    -4.33    3.41
-131116.473    60.547    -5.91    3.80
-130740.601    59.507    -2.77    5.01
-130364.758    56.667    -7.56    5.33
-129988.942    53.894    -7.38    5.69
-129613.155    52.547    -3.58    5.92
-129237.396    51.721    -2.20    5.16
-128861.665    52.076     0.95    5.38
-128485.962    55.047     7.91    5.31
-128110.288    56.445     3.72    5.18
-127734.641    58.445     5.32    5.28
-127359.022    60.567     5.65    4.31
-126983.431    60.841     0.73    4.81
-126607.869    61.007     0.44    5.06
-126232.334    62.261     3.34    4.68
-125856.828    64.751     6.63    5.03
-125481.349    67.887     8.35    4.00
-125105.898    69.807     5.11    2.81
-124730.476    70.649     2.24    2.25
-124355.081    71.847     3.19    2.58
-123979.715    73.764     5.11    3.42
-123604.376    76.987     8.59    3.96
-123229.065    79.588     6.93    3.37
-122853.783    78.939    -1.73    5.22
-122478.528    77.704    -3.29    7.38
-122103.301    77.707     0.01    7.75
-121728.102    78.547     2.24    8.17
-121352.931    82.057     9.36    6.85
-120977.788    84.880     7.53    2.64
-120602.673    86.164     3.42    2.22
-120227.586    86.894     1.95    2.67
-119852.527    88.359     3.91    3.27
-119477.495    89.690     3.55    2.72
-119102.491    90.989     3.47    2.24
-118727.516    91.743     2.01    1.97
-118352.568    91.327    -1.11    2.30
-117977.648    90.684    -1.71    2.57
-117602.756    90.207    -1.27    2.54
-117227.891    90.527     0.85    3.17
-116853.055    90.867     0.91    3.40
-116478.246    91.907     2.78    2.69
-116103.465    91.984     0.21    2.12
-115728.712    91.307    -1.81    2.25
-115353.987    90.351    -2.55    2.57
-114979.289    90.272    -0.21    2.32
-114604.620    89.975    -0.79    2.39
-114229.978    89.853    -0.33    2.19
-113855.364    88.407    -3.86    2.64
-113480.777    85.996    -6.44    4.65
-113106.218    83.927    -5.52    4.96
-112731.688    82.525    -3.74    5.39
-112357.184    80.907    -4.32    5.29
-111982.709    80.151    -2.02    5.23
-111608.261    78.200    -5.21    6.22
-111233.841    75.506    -7.20    7.50
-110859.449    75.247    -0.69    8.19
-110485.084    76.645     3.73    8.18
-110110.747    78.787     5.72    7.27
-109736.437    80.767     5.29    3.21
-109362.156    79.404    -3.64    3.15
-108987.902    77.077    -6.22    4.92
-108613.675    75.887    -3.18    5.44
-108239.477    75.347    -1.44    5.38
-107865.306    75.649     0.81    5.31
-107491.162    76.463     2.18    4.90
-107117.046    77.427     2.58    3.07
-106742.958    77.112    -0.84    2.06
-106368.897    75.939    -3.14    2.32
-105994.864    74.343    -4.27    2.06
-105620.859    72.894    -3.87    2.27
-105246.881    71.167    -4.62    3.06
-104872.931    68.730    -6.52    4.85
-104499.008    65.307    -9.16    5.78
-104125.113    62.590    -7.27    6.22
-103751.245    61.547    -2.79    6.01
-103377.405    61.693     0.39    6.66
-103003.592    60.465    -3.28    7.55
-102629.807    58.787    -4.49    7.57
-102256.050    57.167    -4.33    7.72
-101882.319    56.162    -2.69    6.10
-101508.617    53.253    -7.79    5.63
-101134.942    52.167    -2.91    5.74
-100761.294    51.409    -2.03    5.97
-100387.674    49.627    -4.77    6.49
-100014.081    49.887     0.70    7.11
 -99640.516    50.307     1.12    6.69
 -99266.979    49.934    -1.00    6.55
 -98893.468    49.609    -0.87    6.17
 -98519.985    48.527    -2.90    6.49
 -98146.530    46.612    -5.13    6.65
 -97773.102    46.987     1.00    6.02
 -97399.701    47.630     1.72    5.41
 -97026.328    48.880     3.35    4.06
 -96652.982    49.827     2.54    3.10
 -96279.664    49.987     0.43    3.16
 -95906.373    50.978     2.66    3.51
 -95533.109    52.079     2.95    2.72
 -95159.873    52.704     1.67    3.13
 -94786.664    53.373     1.79    4.12
 -94413.482    53.107    -0.71    4.27
 -94040.328    53.463     0.96    3.95
 -93667.201    53.159    -0.82    3.70
 -93294.101    53.107    -0.14    3.41
 -92921.029    53.247     0.38    3.01
 -92547.984    53.447     0.54    2.52
 -92174.966    53.947     1.34    2.03
 -91801.976    53.967     0.05    1.74
 -91429.013    53.627    -0.91    2.14
 -91056.077    52.587    -2.79    2.78
 -90683.168    51.627    -2.57    3.14
 -90310.287    49.847    -4.77    4.29
 -89937.433    46.241    -9.67    7.97
 -89564.606    44.088    -5.77    8.39
 -89191.806    42.307    -4.78    8.87
 -88819.034    38.981    -8.92    9.75
 -88446.289    35.327    -9.81    9.58
 -88073.571    32.047    -8.80    7.85
 -87700.880    30.311    -4.66    5.10
 -87328.217    33.467     8.47    7.80
 -86955.580    36.887     9.18    8.71
 -86582.971    42.233    14.35    8.63
 -86210.389    46.859    12.42    6.74
 -85837.834    48.867     5.39    5.41
 -85465.307    49.525     1.77    5.15
 -85092.806    46.687    -7.62    6.71
 -84720.333    42.026   -12.51    7.42
 -84347.887    39.771    -6.05    5.48
 -83975.468    40.407     1.71    5.53
 -83603.076    42.827     6.50    6.21
 -83230.711    46.771    10.59    5.58
 -82858.373    49.955     8.55    2.89
 -82486.062    50.927     2.61    2.63
 -82113.779    50.247    -1.83    3.93
 -81741.522    49.227    -2.74    3.95
 -81369.293    49.227     0.00    3.85
 -80997.090    50.587     3.65    4.12
 -80624.915    52.996     6.47    3.58
 -80252.767    54.401     3.78    2.07
 -79880.646    54.507     0.28    2.14
 -79503.137    53.481    -2.72    2.64
 -79125.567    52.566    -2.42    2.53
 -78748.026    52.234    -0.88    2.04
 -78370.513    52.147    -0.23    1.92
 -77993.027    52.447     0.79    2.32
 -77615.569    50.465    -5.25    5.00
 -77238.140    49.566    -2.38    5.50
 -76860.738    49.981     1.10    6.09
 -76483.363    51.625     4.36    6.08
 -76106.017    53.363     4.61    4.74
 -75728.699    53.607     0.65    3.98
 -75351.408    54.187     1.54    4.16
 -74974.145    55.588     3.72    3.43
 -74596.910    57.588     5.30    3.12
 -74219.702    59.276     4.48    2.77
 -73842.523    59.996     1.91    2.42
 -73465.371    60.607     1.62    2.33
 -73088.247    60.151    -1.21    2.56
 -72711.151    59.343    -2.14    2.71
 -72334.082    59.090    -0.67    3.18
 -71957.041    60.331     3.29    4.04
 -71580.028    62.504     5.76    3.68
 -71203.043    64.567     5.47    3.08
 -70826.085    65.955     3.68    2.45
 -70449.155    67.127     3.11    2.04
 -70072.253    68.057     2.47    1.65
 -69695.379    68.322     0.70    1.60
 -69318.532    68.608     0.76    1.55
 -68941.713    69.047     1.16    1.39
 -68564.921    69.267     0.58    1.16
 -68188.157    69.363     0.26    1.17
 -67811.421    69.255    -0.29    1.13
 -67434.712    69.727     1.25    1.96
 -67058.031    70.373     1.72    2.36
 -66681.378    70.867     1.31    2.19
 -66304.752    70.669    -0.52    2.09
 -65928.154    70.975     0.81    1.46
 -65551.584    71.429     1.21    1.49
 -65175.041    72.164     1.95    1.58
 -64798.525    72.802     1.69    1.35
 -64422.038    73.334     1.41    1.18
 -64045.577    73.607     0.72    1.19
 -63669.145    73.867     0.69    1.10
 -63292.740    74.107     0.64    1.09
 -62916.362    74.159     0.14    1.11
 -62540.012    74.068    -0.24    1.11
 -62163.690    73.955    -0.30    1.12
 -61787.395    73.996     0.11    1.26
 -61411.127    74.187     0.51    1.24
 -61034.887    74.302     0.31    1.18
 -60658.675    74.015    -0.76    1.35
 -60282.490    73.894    -0.32    1.44
 -59906.332    73.501    -1.04    1.67
 -59530.202    72.723    -2.07    2.23
 -59154.100    71.823    -2.39    2.83
 -58778.025    71.526    -0.79    2.74
 -58401.977    71.672     0.39    2.70
 -58025.957    72.107     1.16    2.56
 -57649.964    72.649     1.44    1.88
 -57273.999    72.632    -0.05    1.65
 -56898.061    72.751     0.32    1.63
 -56522.150    73.098     0.92    1.23
 -56146.267    72.727    -0.99    1.40
 -55770.411    72.487    -0.64    1.53
 -55394.583    71.526    -2.56    1.68
 -55018.782    70.227    -3.46    2.49
 -54643.008    68.742    -3.95    2.66
 -54267.262    67.387    -3.61    2.70
 -53891.543    66.710    -1.80    2.96
 -53515.852    67.179     1.25    3.49
 -53140.187    68.187     2.68    4.03
 -52764.551    69.710     4.06    2.96
 -52388.941    70.407     1.86    1.95
 -52013.359    69.655    -2.00    2.39
 -51637.804    67.867    -4.76    2.77
 -51262.276    66.630    -3.29    2.75
 -50886.776    66.934     0.81    2.85
 -50511.303    67.841     2.41    3.02
 -50135.857    68.647     2.15    2.63
 -49760.439    66.914    -4.62    4.63
 -49385.047    63.016   -10.38    7.12
 -49009.683    62.771    -0.65    7.35
 -48634.346    64.485     4.57    7.43
 -48259.037    66.098     4.30    7.12
 -47883.755    68.771     7.12    4.92
 -47508.500    69.938     3.11    6.29
 -47133.272    71.647     4.55    7.13
 -46758.071    74.524     7.67    5.65
 -46382.898    75.096     1.52    4.36
 -46007.751    73.568    -4.07    5.00
 -45632.632    73.608     0.11    4.62
 -45257.540    74.118     1.36    5.00
 -44882.475    76.747     7.01    5.20
 -44507.438    81.322    12.20    6.35
 -44132.427    85.823    12.00    5.95
 -43757.444    88.547     7.26    4.40
 -43382.488    90.261     4.57    2.92
 -43007.559    88.387    -5.00    4.48
 -42632.657    83.127   -14.03    6.86
 -42257.782    77.975   -13.74    8.08
 -41882.934    74.527    -9.20    6.17
 -41508.114    72.090    -6.50    4.14
 -41133.320    72.987     2.39    4.32
 -40758.554    76.100     8.31    3.45
 -40383.814    78.247     5.73    3.33
 -40009.102    80.261     5.38    2.92
 -39634.417    81.347     2.90    2.92
 -39259.758    82.067     1.92    3.15
 -38885.127    81.994    -0.20    3.57
 -38510.523    82.017     0.06    3.00
 -38135.946    80.887    -3.02    3.32
 -37761.396    79.007    -5.02    3.87
 -37386.873    78.318    -1.84    3.92
 -37012.377    78.649     0.88    4.53
 -36637.907    77.445    -3.22    5.36
 -36263.465    77.588     0.38    5.07
 -35889.050    77.975     1.04    4.66
 -35514.662    79.016     2.78    4.73
 -35140.301    81.098     5.56    3.66
 -34765.967    82.445     3.60    3.65
 -34391.659    83.193     2.00    3.93
 -34017.379    85.037     4.93    4.14
 -33643.125    87.738     7.22    4.01
 -33268.899    89.998     6.04    3.27
 -32894.699    91.373     3.67    2.99
 -32520.527    92.704     3.56    2.99
 -32146.381    93.963     3.37    2.57
 -31772.262    94.730     2.05    2.08
 -31398.170    94.649    -0.22    2.38
 -31024.105    94.227    -1.13    2.77
 -30650.067    92.241    -5.31    3.54
 -30276.055    90.797    -3.86    3.60
 -29902.071    89.005    -4.79    3.09
 -29528.113    87.901    -2.95    2.81
 -29154.182    87.247    -1.75    3.12
 -28780.278    86.343    -2.42    3.36
 -28406.401    84.687    -4.43    3.24
 -28032.550    82.488    -5.88    3.06
 -27658.727    81.338    -3.08    2.93
 -27284.930    78.827    -6.72    4.22
 -26911.160    75.395    -9.18    5.09
 -26537.417    74.407    -2.64    5.33
 -26163.700    74.690     0.76    5.39
 -25790.011    77.526     7.59    6.03
 -25416.348    82.327    12.85    5.63
 -25042.712    86.088    10.07    5.77
 -24669.102    90.447    11.67    5.49
 -24295.520    93.503     8.18    3.37
 -23921.964    93.213    -0.78    4.23
 -23548.435    90.984    -5.97    6.36
 -23174.932    86.771   -11.28    6.46
 -22801.457    82.318   -11.93    6.02
 -22428.007    77.322   -13.38    7.33
 -22054.585    73.465   -10.33    7.65
 -21681.189    71.200    -6.07    6.97
 -21307.820    68.975    -5.96    6.93
 -20934.478    68.016    -2.57    7.05
 -20561.163    65.159    -7.65    7.54
 -20187.874    61.485    -9.84    6.98
 -19814.611    59.234    -6.03    6.74
 -19441.375    56.628    -6.98    6.09
 -19068.166    53.634    -8.02    6.82
 -18694.984    52.687    -2.54    7.40
 -18321.828    51.251    -3.85    6.82
 -17948.699    51.272     0.06    7.86
 -17575.596    50.100    -3.14    8.21
 -17202.520    50.343     0.65    8.63
 -16829.471    48.121    -5.95    8.85
 -16456.448    48.465     0.92    9.27
 -16083.452    46.200    -6.07    9.05
 -15710.482    45.609    -1.58    9.28
 -15337.539    45.338    -0.73   11.14
 -14964.622    46.308     2.60   12.84
 -14591.732    44.179    -5.71   13.45
 -14218.869    44.343     0.44   13.43
 -13846.032    44.067    -0.74   13.01
 -13473.221    39.363   -12.62   13.30
 -13100.437    36.506    -7.66   13.00
 -12727.680    36.827     0.86   13.73
 -12354.949    38.249     3.82   16.01
 -11982.244    37.227    -2.74   16.90
 -11609.566    38.090     2.32   19.68
 -11236.915    30.367   -20.73   19.70
 -10864.290    21.302   -24.33   17.82
 -10491.691    13.363   -21.31   12.36
 -10119.119     7.771   -15.01    2.65
  -9746.573     6.463    -3.51    1.77
  -9374.054     5.207    -3.37    2.08
  -9001.561     4.742    -1.25    2.11
  -8629.095     4.272    -1.26    1.97
  -8256.655     3.717    -1.49    2.04
  -7884.241     3.527    -0.51    1.83
  -7511.854     2.713    -2.18    1.95
  -7139.494     2.404    -0.83    2.03
  -6767.159     2.118    -0.77    1.54
  -6394.851     1.827    -0.78    1.59
  -6022.569     1.734    -0.25    1.65
  -5650.314     1.632    -0.28    1.63
  -5278.085     1.383    -0.67    1.62
  -4905.872     1.404     0.05    1.72
  -4528.333     1.247    -0.42    1.64
  -4150.822     1.383     0.36    1.34
  -3773.338     1.677     0.78    1.29
  -3395.882     1.647    -0.08    1.50
  -3018.452     1.956     0.82    1.37
  -2641.050     1.998     0.11    1.35
  -2263.674     2.395     1.05    1.63
  -1886.326     2.832     1.16    1.58
  -1509.005     3.687     2.26    2.89
  -1131.711     3.943     0.68    3.74
   -754.444     3.363    -1.54    4.50
   -377.204     2.588    -2.06    4.96
      0.009     2.690     0.27    5.73
    377.195     3.771     2.87    6.02
    754.354    12.057    21.97   17.79
   1131.486    28.267    42.98   27.79
   1508.590    44.677    43.52   30.10
   1885.668    53.704    23.94   26.50
   2262.719    57.547    10.19   22.01
   2639.742    56.037    -4.01   19.35
   3016.739    55.807    -0.61   19.27
   3393.709    59.404     9.54   21.19
   3770.651    60.690     3.41   20.19
   4147.567    64.960    11.33   19.62
   4524.456    70.847    15.62   17.60
   4901.317    76.506    15.02   17.04
   5278.152    81.506    13.27   17.83
   5654.960    84.771     8.67   16.01
   6031.741    83.776    -2.64   15.31
   6408.495    76.927   -18.18   18.69
   6785.222    68.916   -21.26   22.20
   7161.922    54.287   -38.84   21.07
   7538.595    39.747   -38.60   14.54
   7915.241    31.687   -21.40   10.75
   8291.861    25.607   -16.14   10.26
   8668.453    22.334    -8.69   11.65
   9045.019    21.247    -2.89   13.68
   9421.557    21.440     0.51   15.42
   9798.069    18.730    -7.20   15.44
  10174.554    16.527    -5.85   13.70
  10551.013    12.139   -11.66    8.29
  10927.444     9.649    -6.61    3.45
  11303.848    10.547     2.39    5.49
  11680.226    12.943     6.37    7.92
  12056.577    16.465     9.36   10.09
  12432.901    21.057    12.20   11.84
  12809.198    29.098    21.37   12.42
  13185.469    37.121    21.32   10.23
  13561.712    44.567    19.79    8.59
  13937.929    47.612     8.09    7.78
  14314.119    45.947    -4.43   14.05
  14690.283    40.674   -14.02   17.56
  15066.419    37.241    -9.13   17.07
  15442.529    34.077    -8.41   15.83
  15818.612    30.526    -9.44   13.02
  16194.668    29.812    -1.90   12.47
  16570.698    31.220     3.74   13.33
  16946.701    30.213    -2.68   12.44
  17322.677    31.241     2.73   10.22
  17698.626    33.193     5.19   11.05
  18074.549    39.383    16.47   12.88
  18450.445    45.351    15.88   12.82
  18826.315    52.566    19.20   10.56
  19202.158    56.251     9.80    9.00
  19577.974    54.853    -3.72   10.07
  19953.763    53.808    -2.78   10.73
  20329.526    53.139    -1.78   12.00
  20705.262    57.127    10.61   13.41
  21080.971    61.281    11.06   12.38
  21456.654    64.853     9.51   12.40
  21832.310    68.291     9.15   12.26
  22207.940    72.118    10.19   13.10
  22583.543    76.812    12.50   11.81
  22959.119    79.359     6.78   11.70
  23334.669    81.098     4.63   13.44
  23710.193    84.713     9.63   15.33
  24085.689    89.939    13.92   17.12
  24461.159    94.068    11.00   17.94
  24836.603    98.947    12.99   14.66
  25212.020    99.943     2.65   12.29
  25587.410   100.588     1.72   10.59
  25962.774   100.281    -0.82    8.97
  26338.111   102.755     6.59    6.40
  26713.422   104.376     4.32    6.15
  27088.707   107.462     8.22    5.55
  27463.964   109.427     5.24    4.82
  27839.196   110.016     1.57    3.59
  28214.401   108.167    -4.93    4.26
  28589.579   106.567    -4.26    4.04
  28964.731   105.568    -2.66    3.18
  29339.856   105.247    -0.86    2.73
  29714.955   105.351     0.28    2.46
  30090.028   104.547    -2.14    2.87
  30465.074   102.147    -6.40    4.16
  30840.093    99.261    -7.69    4.96
  31215.086    96.914    -6.26    4.76
  31590.053    95.734    -3.15    3.60
  31964.993    95.867     0.35    3.84
  32339.907    97.373     4.02    3.61
  32714.795    98.527     3.08    4.07
  33089.656   100.363     4.90    3.78
  33464.491   102.057     4.52    3.42
  33839.299   103.887     4.88    3.29
  34214.081   104.628     1.98    3.03
  34588.837   105.234     1.62    2.32
  34963.566   105.329     0.25    2.15
  35338.269   105.485     0.42    2.08
  35712.945   105.322    -0.44    2.69
  36087.596   104.608    -1.91    3.25
  36462.219   103.873    -1.96    3.52
  36836.817   103.651    -0.59    3.40
  37211.388   102.227    -3.80    3.64
  37585.933   100.481    -4.66    5.04
  37960.452    98.307    -5.81    5.32
  38334.944    96.185    -5.67    4.71
  38709.410    94.792    -3.72    4.64
  39083.850    94.465    -0.87    3.67
  39458.264    92.907    -4.16    3.72
  39832.651    89.984    -7.81    4.92
  40207.012    87.291    -7.19    6.34
  40581.347    84.200    -8.26    5.81
  40955.655    81.859    -6.25    5.26
  41329.938    78.690    -8.47    5.61
  41704.194    75.934    -7.36    5.60
  42078.423    76.481     1.46    6.87
  42452.627    78.812     6.23    7.87
  42826.805    83.910    13.62    6.82
  43200.956    86.586     7.15    4.28
  43575.081    86.147    -1.17    4.68
  43949.180    83.588    -6.84    6.16
  44323.253    80.851    -7.32    5.35
  44697.299    79.914    -2.50    5.13
  45071.320    81.588     4.48    6.52
  45445.314    84.674     8.25    6.10
  45819.282    87.276     6.96    4.55
  46193.224    87.771     1.32    5.81
  46567.140    86.026    -4.67    5.90
  46941.029    84.710    -3.52    5.55
  47314.893    85.672     2.57    5.16
  47688.731    87.139     3.92    5.44
  48062.542    89.895     7.37    5.19
  48436.327    92.707     7.52    3.97
  48810.087    94.388     4.50    3.33
  49183.820    94.586     0.53    2.92
  49557.527    95.221     1.70    2.81
  49931.208    95.792     1.53    2.43
  50304.863    96.255     1.24    2.47
  50678.492    96.588     0.89    1.66
  51052.095    95.832    -2.02    2.20
  51425.671    94.359    -3.94    2.86
  51799.222    93.241    -2.99    2.81
  52172.747    92.255    -2.64    2.53
  52546.246    90.934    -3.54    2.80
  52919.719    89.179    -4.70    3.82
  53293.166    86.172    -8.05    5.50
  53666.586    82.771    -9.11    5.49
  54039.981    80.674    -5.62    4.42
  54413.350    80.467    -0.56    4.60
  54786.693    82.373     5.11    5.56
  55160.010    84.307     5.18    5.14
  55533.301    84.713     1.09    4.61
  55906.566    81.771    -7.88    7.30
  56279.805    76.485   -14.16    8.10
  56653.018    72.445   -10.83    6.62
  57026.206    69.261    -8.53    3.96
  57399.367    71.164     5.10    6.96
  57772.502    76.823    15.17    9.89
  58145.612    82.313    14.71    9.32
  58518.695    85.914     9.65    5.44
  58891.753    86.241     0.88    4.66
  59264.785    84.187    -5.51    7.11
  59637.791    79.179   -13.42    8.61
  60010.771    75.901    -8.79    7.63
  60383.726    75.587    -0.84    7.59
  60756.654    76.895     3.51    7.67
  61129.557    79.787     7.76    6.85
  61502.433    81.776     5.33    6.20
  61875.284    82.755     2.63    5.27
  62248.109    83.907     3.09    6.07
  62620.909    85.975     5.55    7.51
  62993.682    90.507    12.16    8.44
  63366.430    95.611    13.69    6.54
  63739.152    99.270     9.82    5.67
  64111.848   101.938     7.16    3.45
  64484.518   102.526     1.58    2.59
  64857.163   102.812     0.77    2.66
  65229.782   103.179     0.99    2.74
  65602.375   102.934    -0.66    2.94
  65974.942   101.853    -2.90    3.95
  66347.484   100.200    -4.44    4.24
  66719.999    98.373    -4.90    3.63
  67092.489    97.713    -1.77    3.24
  67464.954    97.759     0.12    3.15
  67837.392    97.179    -1.56    2.60
  68209.805    94.927    -6.05    4.36
  68582.193    92.690    -6.01    5.85
  68954.554    90.383    -6.19    6.73
  69326.890    88.443    -5.21    7.16
  69699.200    87.853    -1.58    6.67
  70071.633    87.460    -1.06    5.17
  70449.112    87.427    -0.09    4.00
  70826.565    88.380     2.53    4.06
  71203.991    90.241     4.93    4.97
  71581.391    93.016     7.35    5.44
  71958.764    95.234     5.88    4.81
  72336.111    98.142     7.71    3.73
  72713.431    99.142     2.65    3.64
  73090.725    99.343     0.53    4.65
  73467.993    99.118    -0.59    4.99
  73845.234    99.967     2.25    4.42
  74222.449   100.627     1.75    3.84
  74599.638   101.764     3.02    3.57
  74976.800   102.067     0.80    4.09
  75353.936   102.443     1.00    4.47
  75731.046   103.297     2.26    4.16
  76108.129   104.037     1.96    4.06
  76485.186   104.424     1.03    4.58
  76862.216   104.975     1.46    5.12
  77239.221   106.047     2.84    5.46
  77616.199   107.975     5.12    5.53
  77993.150   110.669     7.15    4.84
  78370.076   112.894     5.90    4.84
  78746.975   115.894     7.96    4.67
  79123.848   117.901     5.33    3.34
  79500.695   118.762     2.29    2.69
  79877.515   118.738    -0.06    2.51
  80254.309   118.751     0.03    2.33
  80631.077   119.338     1.56    2.09
  81007.819   118.751    -1.56    2.70
  81384.534   117.179    -4.17    3.70
  81761.224   114.047    -8.32    5.12
  82137.887   111.484    -6.80    5.33
  82514.523   111.672     0.50    5.35
  82891.134   113.363     4.49    5.31
  83267.719   113.894     1.41    5.24
  83644.277   113.696    -0.53    5.73
  84020.809   113.867     0.45    5.45
  84397.315   114.460     1.57    4.98
  84773.795   115.847     3.68    5.04
  85150.248   118.611     7.34    3.17
  85526.676   119.771     3.08    2.43
  85903.077   119.669    -0.27    2.46
  86279.453   118.996    -1.79    3.67
  86655.802   118.568    -1.14    3.91
  87032.125   119.308     1.97    4.72
  87408.422   121.200     5.03    4.66
  87784.693   121.068    -0.35    5.07
  88160.937   119.859    -3.21    6.36
  88537.156   116.404    -9.18    9.61
  88913.349   111.866   -12.06   13.07
  89289.515   107.449   -11.74   15.65
  89665.656   102.612   -12.86   18.47
  90041.770    95.934   -17.75   21.81
  90417.858    88.440   -19.92   22.88
  90793.921    84.955    -9.27   21.99
  91169.957    76.465   -22.58   20.98
  91545.967    71.318   -13.69   21.12
  91921.952    67.234   -10.86   20.11
  92297.910    64.818    -6.43   22.79
  92673.842    65.363     1.45   21.74
  93049.748    63.506    -4.94   23.03
  93425.629    56.185   -19.47   25.08
  93801.483    41.227   -39.79   19.68
  94177.311    28.774   -33.13    7.12
  94553.114    32.664    10.35   14.96
  94928.890    45.866    35.13   26.37
  95304.641    56.404    28.04   25.51
  95680.365    60.172    10.03   22.37
  96056.064    54.568   -14.92   23.72
  96431.736    41.026   -36.04   16.71
  96807.383    37.634    -9.03   11.65
  97183.004    43.797    16.41   15.18
  97558.599    54.755    29.17   18.36
  97934.168    61.016    16.67   19.07
  98309.711    66.690    15.11   21.74
  98685.228    69.291     6.93   19.31
  99060.720    75.747    17.19   19.69
  99436.185    82.751    18.65   20.94
  99811.625    92.227    25.24   20.27
 100187.039    99.481    19.32   20.08
 100562.426   102.771     8.76   17.71
 100937.789   112.832    26.80   17.77
 101313.125   119.525    17.83   18.05
 101688.435   121.963     6.50   17.27
 102063.720   119.786    -5.80   19.48
 102438.979   110.193   -25.56   26.02
 102814.212    96.866   -35.51   27.99
 103189.419    85.424   -30.49   26.80
 103564.600    80.588   -12.89   19.80
 103939.756    81.460     2.32   17.99
 104314.886    77.607   -10.27   17.40
 104689.990    69.342   -22.03   17.99
 105065.068    60.807   -22.75   15.05
 105440.121    61.286     1.28   17.30
 105815.148    64.485     8.53   20.24
 106190.149    67.853     8.98   19.53
 106565.124    64.674    -8.48   19.37
 106940.074    54.109   -28.17   20.51
 107314.998    47.329   -18.08   17.01
 107689.896    43.547   -10.09   14.12
 108064.768    37.589   -15.89   16.14
 108439.615    31.914   -15.14   15.80
 108814.436    25.424   -17.31   12.85
 109189.232    20.185   -13.98    6.18
 109564.002    18.827    -3.62    1.18
 109938.746    18.797    -0.08    1.08
 110313.464    19.647     2.27    2.49
 110688.157    19.308    -0.90    2.81
 111062.824    22.588     8.75   10.22
 111437.466    31.338    23.36   17.26
 111812.081    41.130    26.13   19.71
 112186.672    49.812    23.17   15.48
 112561.236    49.351    -1.23   15.56
 112935.775    42.255   -18.94   16.30
 113310.289    33.693   -22.86   14.06
 113684.777    27.445   -16.68   11.48
 114059.239    22.159   -14.11    6.69
 114433.676    21.483    -1.81    5.37
 114808.087    23.853     6.33    7.62
 115182.472    29.774    15.81   11.80
 115556.832    38.625    23.64   14.65
 115931.167    49.242    28.36   16.09
 116305.475    55.547    16.84   14.97
 116679.759    62.270    17.96   13.36
 117054.017    64.151     5.02   13.67
 117428.249    60.241   -10.45   16.12
 117802.456    59.880    -0.96   17.76
 118176.637    60.823     2.52   16.52
 118550.793    60.908     0.23   15.51
 118924.923    60.730    -0.48   15.69
 119299.028    60.130    -1.60   15.99
 119673.107    58.838    -3.45   16.63
 120047.161    46.853   -32.04   18.84
 120421.189    38.164   -23.23   19.38
 120795.192    29.147   -24.11   12.92
 121169.169    24.916   -11.31    4.54
 121543.121    28.967    10.83    6.45
 121917.048    35.440    17.31   10.34
 122290.949    43.255    20.90   12.49
 122664.825    50.797    20.17   12.26
 123038.675    56.880    16.27   13.51
 123412.500    51.996   -13.06   18.87
 123786.299    43.395   -23.01   22.22
 124160.073    32.759   -28.45   17.74
 124533.822    25.963   -18.18    4.82
 124907.545    28.832     7.68    7.25
 125281.243    34.609    15.46   11.23
 125654.916    41.142    17.48   14.70
 126028.563    46.467    14.25   15.09
 126402.185    47.908     3.86   14.68
 126775.781    46.978    -2.49   16.25
 127149.353    44.653    -6.22   14.80
 127522.898    41.281    -9.03   14.50
 127896.419    39.632    -4.42   16.23
 128269.914    36.755    -7.70   15.93
 128643.384    33.302    -9.25   13.79
 129016.829    30.445    -7.65    9.95
 129390.248    31.440     2.67    8.47
 129763.642    34.568     8.38   10.69
 130137.010    41.922    19.69   14.80
 130510.354    46.261    11.62   14.97
 130883.672    43.276    -8.00   14.53
 131256.965    39.338   -10.55   14.92
 131630.233    32.505   -18.30   10.05
 132003.475    30.037    -6.61    6.00
 132376.692    33.177     8.41   10.72
 132749.884    36.947    10.10   11.88
 133123.051    40.206     8.73   12.37
 133496.192    41.465     3.37   12.29
 133869.308    42.087     1.67   12.75
 134242.399    40.302    -4.78   11.47
 134615.465    39.967    -0.90   10.26
 134988.506    39.776    -0.51   10.53
 135361.521    40.984     3.24   11.35
 135734.512    45.221    11.36   13.72
 136107.477    45.068    -0.41   13.27
 136480.417    44.213    -2.29   14.15
 136853.332    43.771    -1.19   15.90
 137226.221    42.383    -3.72   15.37
 137599.086    42.934     1.48   14.65
 137971.925    47.771    12.97   17.53
 138344.739    54.655    18.46   19.84
 138717.529    64.228    25.67   21.09
 139090.293    73.440    24.71   20.14
 139463.031    79.047    15.04   16.95
 139835.745    85.934    18.48   12.65
 140208.434    83.220    -7.28   16.29
 140581.098    74.213   -24.17   21.80
 140953.736    61.922   -32.98   25.13
 141326.350    58.363    -9.55   23.62
 141698.938    55.177    -8.55   20.55
 142071.501    61.220    16.22   21.90
 142444.040    68.255    18.88   21.53
 142816.553    70.193     5.20   22.56
 143189.041    64.608   -14.99   21.59
 143561.504    62.812    -4.82   19.04
 143933.942    60.934    -5.04   15.00
 144306.356    64.419     9.36   15.45
 144678.744    68.164    10.05   16.25
 145051.424    73.634    14.68   17.30
 145428.840    73.485    -0.39   17.11
 145806.231    73.812     0.87   16.75
 146183.596    75.443     4.32   15.25
 146560.936    77.318     4.97   14.90
 146938.250    81.742    11.73   13.78
 147315.538    85.807    10.77   14.09
 147692.800    90.334    12.00   12.59
 148070.037    95.755    14.37   12.61
 148447.248   102.100    16.82   12.38
 148824.433   107.109    13.28   10.64
 149201.593   112.401    14.03   11.15
 149578.727   114.873     6.55   10.79
 149955.835   122.193    19.41   15.30
 150332.918   126.588    11.66   15.68
 150709.975   128.838     5.97   15.98
 151087.007   127.771    -2.83   16.78
 151464.013   122.677   -13.51   16.79
 151840.993   120.645    -5.39   15.56
 152217.947   127.702    18.72   20.88
 152594.877   132.669    13.18   21.53
 152971.780   139.503    18.13   19.05
 153348.658   148.838    24.77   18.48
 153725.510   157.334    22.54   20.13
 154102.337   166.419    24.11   19.68
 154479.138   177.121    28.40   12.86
 154855.914   183.090    15.84    4.67
 155232.664   183.568     1.27    3.92
 155609.389   184.241     1.79    4.21
 155986.088   185.612     3.64    4.04
 156362.761   186.647     2.75    2.67
 156739.409   186.183    -1.23    3.88
 157116.032   181.771   -11.71    7.30
 157492.629   175.351   -17.05    9.88
 157869.200   172.751    -6.90    9.96
 158245.746   173.930     3.13   10.19
 158622.267   175.313     3.67   10.03
 158998.762   175.380     0.18    9.58
 159375.231   168.324   -18.74   13.22
 159751.676   158.264   -26.72   14.29
 160128.094   147.669   -28.14   10.66
 160504.487   146.590    -2.87   10.52
 160880.855   150.383    10.08   12.55
 161257.198   160.660    27.30   12.56
 161633.515   168.507    20.85    9.17
 162009.806   172.047     9.40    8.03
 162386.072   172.934     2.36    8.13
 162762.313   173.994     2.81    7.87
 163138.528   174.172     0.47    7.72
 163514.718   175.972     4.79    7.11
 163890.883   177.590     4.30    6.45
 164267.022   181.568    10.57    6.83
 164643.136   183.759     5.83    6.16
 165019.224   184.130     0.99    7.21
 165395.287   184.343     0.57    7.73
 165771.325   185.155     2.16    6.10
 166147.337   185.647     1.31    5.15
 166523.324   185.865     0.58    5.62
 166899.286   188.427     6.81    6.34
 167275.223   191.329     7.72    4.74
 167651.134   191.734     1.08    4.13
 168027.020   191.241    -1.31    4.66
 168402.880   190.380    -2.29    4.25
 168778.715   191.100     1.92    3.26
 169154.525   191.895     2.11    2.98
 169530.310   190.485    -3.75    4.02
 169906.069   189.547    -2.50    5.35
 170281.803   190.005     1.22    5.83
 170657.512   190.901     2.38    5.22
 171033.196   191.738     2.23    5.78
 171408.854   192.485     1.99    6.94
 171784.487   192.142    -0.91    7.37
 172160.095   191.975    -0.44    6.54
 172535.678   192.213     0.63    6.01
 172911.236   193.526     3.50    5.85
 173286.768   196.401     7.65    5.68
 173662.275   200.249    10.25    6.22
 174037.757   202.228     5.27    5.52
 174413.214   204.568     6.23    4.98
 174788.645   207.608     8.10    6.22
 175164.051   207.098    -1.36    6.86
 175539.433   204.118    -7.94    9.18
 175914.789   197.297   -18.17   10.79
 176290.120   191.981   -14.16    8.31
 176665.425   189.206    -7.39    8.30
 177040.706   188.845    -0.96    8.74
 177415.961   189.281     1.16    8.49
 177791.192   188.359    -2.46    6.94
 178166.397   187.781    -1.54    7.92
 178541.577   186.485    -3.45    8.00
 178916.732   185.308    -3.14    9.50
 179291.862   185.567     0.69    9.43
 179666.967   185.525    -0.11    8.57
 180042.047   184.088    -3.83    8.39
 180417.102   185.380     3.44    7.44
 180792.131   186.588     3.22    8.56
 181167.136   191.628    13.44    9.11
 181542.115   197.068    14.51    9.88
 181917.070   202.355    14.10    9.47
 182291.999   204.677     6.19    8.67
 182666.904   205.484     2.15    7.00
 183041.783   203.859    -4.33    5.47
 183416.637   199.460   -11.73    8.05
 183791.467   192.098   -19.64   13.77
 184166.271   182.888   -24.57   16.02
 184541.051   170.311   -33.55   16.33
 184915.805   160.742   -25.53   14.48
 185290.534   152.526   -21.92   14.79
 185665.239   143.503   -24.08   10.98
 186039.918   141.139    -6.31   11.61
 186414.573   137.677    -9.24   12.27
 186789.202   137.221    -1.22   12.89
 187163.807   138.088     2.32   12.97
 187538.386   135.612    -6.61   13.95
 187912.941   134.503    -2.96   12.90
 188287.471   133.526    -2.61   11.78
 188661.976   133.981     1.22   11.77
 189036.456   139.955    15.95   13.67
 189410.911   146.858    18.43   13.75
 189785.341   150.743    10.37   13.73
 190159.746   155.124    11.70   14.75
 190534.126   159.118    10.67   16.41
 190908.482   161.460     6.25   16.49
 191282.812   166.922    14.59   15.93
 191657.118   174.483    20.20   17.44
 192031.399   184.981    28.04   17.03
 192405.655   193.003    21.43   15.02
 192779.886   200.199    19.22   15.92
 193154.093   204.963    12.73   15.06
 193528.274   200.193   -12.75   17.79
 193902.431   190.611   -25.60   20.38
 194276.563   176.193   -38.53   17.44
 194650.670   166.699   -25.37   13.09
 195024.752   159.647   -18.85   11.56
 195398.809   155.191   -11.91   10.51
 195772.842   151.608    -9.58   10.07
 196146.850   150.036    -4.20    8.72
 196520.833   150.443     1.09    9.25
 196894.791   152.172     4.62    7.94
 197268.725   151.068    -2.95   10.48
 197642.634   149.297    -4.74   11.55
 198016.518   148.329    -2.59   12.65
 198390.377   149.568     3.31   12.56
 198764.212   154.526    13.26   10.24
 199138.021   157.734     8.58    9.13
 199511.807   157.669    -0.17    9.50
 199885.567   152.213   -14.59   16.88
 200259.303   146.318   -15.77   18.03
 200633.014   141.221   -13.64   17.46
 201006.700   134.121   -18.99   20.27
 201380.362   128.887   -14.00   21.85
 201753.999   126.588    -6.15   19.87
 202127.611   128.755     5.80   21.30
 202501.198   137.984    24.70   20.53
 202874.761   145.547    20.24   18.83
 203248.300   148.068     6.75   20.27
 203621.813   152.967    13.11   19.76
 203995.302   157.910    13.23   15.66
 204368.767   159.787     5.02   13.04
 204742.206   160.699     2.44   12.25
 205115.621   167.026    16.94    9.92
 205489.012   170.249     8.63    8.55
 205862.378   171.057     2.17    8.96
 206235.719   165.674   -14.42   11.77
 206609.036   159.480   -16.59   11.80
 206982.328   159.759     0.75   11.77
 207355.595   159.264    -1.33   11.58
 207728.838   161.738     6.63   10.20
 208102.057   159.588    -5.76   12.00
 208475.251   153.916   -15.19   16.06
 208848.420   150.363    -9.52   16.67
 209221.565   151.092     1.95   19.27
 209594.685   152.547     3.90   19.77
 209967.780   159.706    19.18   14.35
 210340.851   155.751   -10.60   16.21
 210713.898   146.068   -25.95   19.81
 211086.920   136.445   -25.79   19.46
 211459.918   137.015     1.53   19.39
 211832.891   142.460    14.60   22.68
 212205.839   151.398    23.96   21.00
 212578.764   160.960    25.64   19.17
 212951.663   164.249     8.82   17.25
 213324.538   166.802     6.85   15.50
 213697.389   170.255     9.26   14.58
 214070.215   178.755    22.79   13.37
 214443.017   186.808    21.60   13.18
 214815.794   193.628    18.29   10.74
 215188.547   195.947     6.22    8.91
 215561.276   194.424    -4.08   10.06
 215933.980   190.829    -9.64   12.57
 216306.659   189.037    -4.81   14.27
 216679.315   187.483    -4.17   15.50
 217051.945   189.234     4.70   15.05
 217424.552   191.313     5.58   14.05
 217797.134   193.630     6.22   12.09
 218169.691   196.713     8.27   10.25
 218542.225   200.373     9.82   10.49
 218914.734   204.068     9.92    9.90
 219287.218   209.984    15.88    7.84
 219659.678   213.359     9.06    6.18
 220032.615   217.015     9.80    6.14
 220409.978   218.838     4.83    5.35
 220787.317   219.818     2.59    5.00
 221164.630   220.699     2.34    4.60
 221541.918   219.653    -2.77    3.73
 221919.181   219.930     0.73    3.52
 222296.420   219.721    -0.55    3.70
 222673.633   218.359    -3.61    4.24
 223050.821   217.742    -1.64    3.82
 223427.984   218.247     1.34    4.28
 223805.123   220.115     4.95    5.58
 224182.236   224.220    10.88    5.64
 224559.324   228.047    10.15    4.82
 224936.388   230.401     6.24    4.59
 225313.426   230.264    -0.36    6.15
 225690.439   226.615    -9.68    9.72
 226067.428   219.568   -18.69   12.34
 226444.392   210.481   -24.10   11.05
 226821.330   206.901    -9.50   11.59
 227198.244   205.832    -2.83   12.39
 227575.133   206.699     2.30   11.74
 227951.997   210.967    11.32   10.27
 228328.836   215.933    13.18    8.74
 228705.650   221.118    13.76    7.72
 229082.439   222.025     2.41    8.99
 229459.204   220.047    -5.25   13.11
 229835.943   215.994   -10.76   14.46
 230212.658   212.438    -9.44   15.16
 230589.348   208.786    -9.69   14.47
 230966.013   210.206     3.77   14.21
 231342.653   209.776    -1.14   11.34
 231719.268   204.922   -12.89   12.59
 232095.859   198.887   -16.02   14.25
 232472.424   194.710   -11.09   11.50
 232848.965   195.591     2.34   11.69
 233225.481   199.797    11.17   15.46
 233601.972   201.228     3.80   16.40
 233978.439   203.526     6.10   16.75
 234354.880   207.228     9.83   19.52
 234731.297   210.859     9.65   20.14
 235107.689   218.109    19.26   20.13
 235484.056   226.525    22.36   14.75
 235860.399   232.963    17.10   11.29
 236236.717   236.908    10.48   12.00
 236613.010   238.026     2.97   11.58
 236989.278   236.710    -3.50   10.72
 237365.522   233.249    -9.20   11.22
 237741.741   231.206    -5.43   10.31
 238117.935   227.717    -9.27   10.62
 238494.104   225.526    -5.82   11.91
 238870.249   223.234    -6.09   11.28
 239246.369   221.199    -5.41    8.18
 239622.464   220.751    -1.19    7.78
 239998.535   221.888     3.02    6.93
 240374.581   224.880     7.96    8.80
 240750.602   229.699    12.81   10.69
 241126.599   234.894    13.81   10.26
 241502.571   240.398    14.64    8.22
 241878.518   243.200     7.45    7.19
 242254.440   243.938     1.96    7.66
 242630.338   240.524    -9.08   10.01
 243006.212   234.908   -14.94   11.41
 243382.061   228.873   -16.05   12.24
 243757.885   223.838   -13.39   11.83
 244133.684   217.975   -15.60   10.70
 244509.459   217.416    -1.49    9.27
 244885.210   218.147     1.94    9.41
 245260.935   218.092    -0.15   10.17
 245636.637   215.027    -8.16   13.98
 246012.313   211.416    -9.61   17.05
 246387.965   209.401    -5.36   18.48
 246763.593   204.463   -13.14   19.47
 247139.195   202.738    -4.59   19.26
 247514.774   195.249   -19.94   19.64
 247890.328   189.329   -15.76   17.70
 248265.857   190.755     3.80   17.38
 248641.362   196.359    14.92   18.89
 249016.842   203.963    20.25   18.30
 249392.298   209.547    14.87   14.06
 249767.729   213.228     9.80   13.28
 250143.135   217.462    11.28   13.26
 250518.518   219.829     6.31   11.75
 250893.875   221.318     3.96    9.64
 251269.208   219.130    -5.83    9.25
 251644.517   211.759   -19.63   13.83
 252019.802   204.693   -18.83   16.43
 252395.061   193.680   -29.34   19.79
 252770.297   183.507   -27.11   20.61
 253145.508   179.947    -9.49   21.98
 253520.694   180.484     1.43   21.53
 253895.856   190.264    26.06   24.22
 254270.994   203.963    36.51   20.84
 254646.107   213.355    25.03   19.27
 255021.196   218.786    14.47   21.67
 255396.260   221.355     6.85   20.39
 255771.300   216.547   -12.82   22.89
 256146.315   215.134    -3.77   19.53
 256521.307   207.588   -20.12   17.55
 256896.273   211.808    11.25   18.80
 257271.216   216.261    11.87   19.07
 257646.134   216.524     0.70   21.49
 258021.028   210.958   -14.84   23.32
 258395.897   201.924   -24.09   22.96
 258770.742   195.914   -16.03   21.65
 259145.562   197.395     3.95   21.29
 259520.359   195.609    -4.76   21.35
 259895.131   202.609    18.67   18.68
 260269.878   203.419     2.16   19.95
 260644.602   210.938    20.06   17.91
 261019.301   218.228    19.45   13.71
 261393.975   212.526   -15.21   21.23
 261768.626   201.859   -28.46   24.21
 262143.252   194.908   -18.55   24.04
 262517.854   191.234    -9.81   22.62
 262892.431   193.376     5.72   22.70
 263266.985   195.079     4.54   20.77
 263641.514   203.079    21.35   20.25
 264016.019   205.234     5.75   19.73
 264390.499   199.151   -16.24   22.59
 264764.955   199.462     0.83   22.71
 265139.387   195.568   -10.40   22.03
 265513.795   193.808    -4.70   21.82
 265888.179   198.007    11.21   20.04
 266262.538   197.160    -2.26   19.26
 266636.873   194.213    -7.87   15.52
 267011.184   193.308    -2.42   12.61
 267385.471   192.463    -2.25   11.24
 267759.734   193.398     2.50   13.80
 268133.972   196.481     8.24   15.61
 268508.186   198.951     6.60   14.97
 268882.377   197.706    -3.33   14.07
 269256.542   195.308    -6.41   11.30
 269630.684   194.005    -3.48   10.69
 270004.802   193.228    -2.08    9.74
 270378.895   195.220     5.33   10.32
 270752.965   198.895     9.82   11.27
 271127.010   200.907     5.38   11.16
 271501.031   200.819    -0.23   11.08
 271875.028   204.527     9.91   13.09
 272249.001   206.308     4.76   12.96
 272622.949   209.380     8.21   15.79
 272996.874   213.612    11.31   16.69
 273370.775   213.355    -0.69   18.61
 273744.651   212.589    -2.05   16.67
 274118.503   212.003    -1.57   12.64
 274492.332   211.206    -2.13   11.28
 274866.136   213.776     6.87   12.46
 275239.916   217.015     8.66   14.45
 275613.672   220.185     8.48   16.62
 275987.404   225.036    12.98   17.58
 276361.112   228.547     9.39   13.62
 276734.796   232.047     9.36   13.31
 277108.456   234.334     6.12   14.88
 277482.092   234.845     1.37   15.18
 277855.704   237.359     6.73   12.55
 278229.292   240.047     7.19   11.11
 278602.856   244.895    12.97   11.13
 278976.396   250.547    15.13   10.94
 279349.912   254.568    10.76    9.42
 279723.404   254.370    -0.53    8.73
 280096.872   252.251    -5.67    9.93
 280470.316   241.404   -29.04   14.74
 280843.736   234.003   -19.81   13.66
 281217.133   228.343   -15.16   12.18
 281590.505   227.172    -3.14   12.48
 281963.853   227.280     0.29   12.38
 282337.177   226.866    -1.11   12.11
 282710.478   225.888    -2.62   11.58
 283083.754   224.185    -4.56    9.10
 283457.007   226.611     6.50    9.25
 283830.235   229.313     7.24    8.85
 284203.440   232.693     9.05    7.55
 284576.621   236.655    10.62    9.42
 284949.778   241.424    12.78   11.51
 285322.911   247.706    16.83   13.62
 285696.020   258.717    29.50   17.58
 286069.106   263.960    14.05   17.40
 286442.167   265.943     5.31   16.24
 286815.205   262.142   -10.18   16.34
 287188.219   258.376   -10.09   10.48
 287561.208   261.015     7.07   10.26
 287934.175   259.632    -3.71   10.24
 288307.117   260.255     1.67    9.91
 288680.035   256.524   -10.00   12.59
 289052.930   251.322   -13.95   12.01
 289425.801   254.090     7.42   13.67
 289798.648   257.505     9.16   15.66
 290171.471   263.612    16.38   16.51
 290544.270   269.422    15.58   16.94
 290917.046   272.419     8.04   15.63
 291289.798   271.105    -3.52   15.07
 291662.526   269.653    -3.89   13.97
 292035.230   267.413    -6.01   12.92
 292407.911   266.851    -1.51   11.83
 292780.568   270.200     8.98   11.86
 293153.201   275.221    13.47   13.65
 293525.810   283.649    22.61   15.12
 293898.396   293.221    25.68   12.74
 294270.957   298.367    13.81   10.57
 294643.496   301.842     9.33   10.29
 295016.728   303.687     4.94    8.98
 295394.033   302.199    -3.94    8.95
 295771.313   299.401    -7.41   12.29
 296148.570   292.234   -18.99   16.05
 296525.801   282.313   -26.29   15.71
 296903.009   271.185   -29.49   16.25
 297280.192   263.228   -21.09   15.68
 297657.351   255.943   -19.31   14.84
 298034.485   249.291   -17.63   10.55
 298411.595   246.845    -6.49   10.18
 298788.681   243.338    -9.30    9.73
 299165.743   238.416   -13.05   10.06
 299542.780   235.568    -7.55    9.97
 299919.793   233.090    -6.57    7.65
 300296.782   232.351    -1.96    8.19
 300673.746   231.130    -3.24   10.01
 301050.686   227.481    -9.68   11.91
 301427.602   223.767    -9.85   13.00
 301804.494   220.069    -9.81   11.29
 302181.361   219.955    -0.30   13.28
 302558.204   217.699    -5.98   15.00
 302935.023   214.407    -8.73   16.10
 303311.818   214.761     0.94   16.82
