-203195.042    21.036     0.00    1.51
-202818.628    20.927    -0.29    2.27
-202442.235    20.606    -0.85    2.93
-202065.861    20.292    -0.83    4.10
-201689.509    21.314     2.72    5.52
-201313.176    23.248     5.14    6.29
-200936.864    24.939     4.50    6.16
-200560.573    23.032    -5.07    6.79
-200184.302    19.450    -9.52    6.39
-199808.051    16.229    -8.56    4.41
-199431.820    14.184    -5.44    0.00
-199055.610    14.206     0.06    0.15
-198679.421    14.120    -0.23    0.25
-198303.251    16.553     6.47    5.66
-197927.102    19.336     7.40    6.64
-197550.974    22.450     8.28    6.49
-197174.865    24.091     4.36    5.46
-196798.777    23.495    -1.58    6.18
-196422.710    22.379    -2.97    6.80
-196046.662    23.162     2.08    7.03
-195670.635    25.047     5.02    6.97
-195294.628    26.979     5.14    5.70
-194918.642    28.050     2.85    5.15
-194542.676    27.742    -0.82    4.68
-194166.730    27.297    -1.18    3.92
-193790.805    26.708    -1.57    4.31
-193414.899    25.673    -2.75    5.48
-193039.014    23.775    -5.05    6.31
-192663.150    23.320    -1.21    6.10
-192287.305    21.873    -3.85    5.36
-191911.481    20.745    -3.00    4.48
-191535.677    20.184    -1.49    3.56
-191159.893    19.843    -0.91    2.80
-190784.130    19.073    -2.05    2.31
-190408.387    18.684    -1.04    2.27
-190032.664    18.901     0.58    2.54
-189656.961    18.524    -1.00    2.66
-189281.279    18.300    -0.60    2.91
-188905.617    18.292    -0.02    3.11
-188529.975    18.343     0.13    3.08
-188154.353    18.673     0.88    3.22
-187778.751    19.205     1.42    2.58
-187403.170    18.836    -0.98    2.86
-187027.609    19.290     1.21    3.25
-186652.068    20.050     2.02    3.50
-186276.547    21.162     2.96    4.31
-185901.046    21.093    -0.18    4.21
-185525.566    20.479    -1.63    3.94
-185150.105    19.858    -1.66    3.08
-184774.665    20.570     1.90    3.74
-184399.245    20.423    -0.39    3.43
-184023.845    21.401     2.61    4.32
-183648.466    21.423     0.06    3.50
-183273.106    21.866     1.18    3.66
-182897.767    21.579    -0.76    3.28
-182522.448    22.095     1.37    3.59
-182147.149    21.327    -2.05    3.73
-181771.870    20.684    -1.71    4.12
-181396.611    21.411     1.94    4.23
-181021.372    21.806     1.05    3.87
-180646.153    22.895     2.90    3.09
-180270.955    22.684    -0.56    2.70
-179895.776    21.047    -4.36    2.91
-179520.618    19.809    -3.30    2.36
-179145.480    18.650    -3.09    1.50
-178770.362    18.044    -1.62    1.47
-178395.263    18.050     0.02    2.04
-178020.185    17.895    -0.41    2.14
-177645.127    17.493    -1.07    1.80
-177270.090    17.706     0.57    1.75
-176895.072    17.323    -1.02    1.37
-176520.074    17.116    -0.55    1.15
-176145.096    17.384     0.72    1.18
-175770.139    17.297    -0.23    1.13
-175395.201    17.119    -0.48    1.18
-175020.283    16.866    -0.67    1.14
-174645.386    16.814    -0.14    1.10
-174270.508    16.708    -0.28    1.19
-173895.651    16.673    -0.09    1.25
-173520.813    16.466    -0.55    1.39
-173145.996    16.314    -0.41    1.26
-172771.198    16.401     0.23    1.67
-172396.420    16.297    -0.28    1.78
-172021.663    15.966    -0.88    1.74
-171646.925    15.911    -0.15    1.77
-171272.208    16.050     0.37    1.42
-170897.510    15.911    -0.37    1.59
-170522.833    16.002     0.24    1.45
-170148.175    16.053     0.14    1.56
-169773.537    15.911    -0.38    1.59
-169398.919    15.945     0.09    1.46
-169024.322    16.097     0.41    1.59
-168649.744    16.662     1.51    1.82
-168275.186    16.784     0.33    1.94
-167900.648    16.888     0.28    1.90
-167526.130    16.879    -0.02    2.25
-167151.632    17.093     0.57    2.28
-166777.154    16.886    -0.55    1.76
-166402.695    16.814    -0.19    1.68
-166028.257    16.510    -0.81    1.48
-165653.838    16.456    -0.14    1.35
-165279.440    16.393    -0.17    1.50
-164905.061    16.428     0.09    1.64
-164530.702    16.089    -0.91    1.69
-164156.364    15.858    -0.62    1.71
-163782.045    15.473    -1.03    1.58
-163407.745    15.097    -1.00    1.64
-163033.466    14.509    -1.57    1.84
-162659.207    13.886    -1.67    2.14
-162284.967    13.384    -1.34    2.17
-161910.747    13.159    -0.60    2.11
-161536.548    13.495     0.90    2.11
-161162.368    14.002     1.36    1.37
-160788.207    14.117     0.31    1.37
-160414.067    14.228     0.30    1.36
-160039.947    13.905    -0.86    1.35
-159665.846    13.661    -0.65    1.41
-159291.765    13.636    -0.07    1.64
-158917.704    13.593    -0.12    1.66
-158543.663    13.565    -0.08    1.72
-158169.641    13.473    -0.25    1.78
-157795.640    13.139    -0.89    1.87
-157421.658    12.858    -0.75    1.89
-157047.696    13.006     0.40    1.68
-156673.754    13.134     0.34    1.71
-156299.831    13.366     0.62    1.42
-155925.928    13.440     0.20    1.54
-155552.046    13.584     0.39    1.68
-155178.182    13.593     0.02    1.80
-154804.339    13.502    -0.24    1.86
-154430.515    13.503     0.00    1.53
-154056.711    13.281    -0.59    1.59
-153682.927    13.139    -0.38    1.46
-153309.163    13.112    -0.07    1.31
-152935.418    13.095    -0.05    1.24
-152561.693    12.945    -0.40    1.06
-152187.988    12.962     0.05    1.08
-151814.302    12.895    -0.18    1.10
-151440.636    12.729    -0.44    1.09
-151066.990    12.510    -0.59    1.08
-150693.364    12.446    -0.17    1.15
-150319.757    12.317    -0.34    1.22
-149946.170    12.593     0.74    1.42
-149572.603    12.784     0.51    1.44
-149199.055    13.095     0.83    1.43
-148825.527    13.473     1.01    1.52
-148452.019    13.901     1.15    1.41
-148078.530    14.229     0.88    1.52
-147705.062    14.095    -0.36    1.33
-147331.612    14.002    -0.25    1.39
-146958.183    13.820    -0.49    1.45
-146584.773    13.984     0.44    1.31
-146211.382    13.705    -0.75    1.24
-145838.012    13.584    -0.33    1.19
-145464.660    13.320    -0.71    1.05
-145089.793    13.249    -0.19    1.18
-144712.503    14.070     2.18    2.55
-144335.232    14.073     0.01    2.60
-143957.982    14.401     0.87    3.29
-143580.751    14.138    -0.70    2.93
-143203.541    13.928    -0.56    2.94
-142826.351    14.119     0.50    2.78
-142449.180    14.227     0.29    2.38
-142072.030    14.570     0.91    2.90
-141694.900    15.089     1.37    3.69
-141317.790    14.184    -2.40    2.84
-140940.700    13.208    -2.59    1.44
-140563.630    13.119    -0.24    1.31
-140186.580    13.229     0.29    1.18
-139809.550    13.366     0.36    1.02
-139432.539    13.343    -0.06    1.12
-139055.549    13.208    -0.36    1.16
-138678.579    12.934    -0.73    1.33
-138301.629    12.881    -0.14    1.47
-137924.699    12.739    -0.38    1.25
-137547.789    12.806     0.18    1.30
-137170.899    12.905     0.26    1.26
-136794.028    12.797    -0.28    1.37
-136417.178    12.452    -0.92    1.63
-136040.348    12.456     0.01    1.88
-135663.537    12.792     0.89    1.84
-135286.747    12.843     0.13    1.66
-134909.977    12.988     0.39    1.56
-134533.226    12.812    -0.47    1.57
-134156.495    12.401    -1.09    1.46
-133779.785    12.486     0.23    1.50
-133403.094    12.339    -0.39    1.36
-133026.423    12.205    -0.36    1.42
-132649.772    12.032    -0.46    1.56
-132273.141    11.762    -0.72    1.54
-131896.530    13.456     4.50    4.81
-131519.939    16.858     9.03    6.56
-131143.367    19.547     7.14    6.42
-130766.816    21.843     6.10    5.02
-130390.284    21.771    -0.19    4.68
-130013.772    20.706    -2.83    4.59
-129637.281    20.532    -0.46    4.14
-129260.809    20.162    -0.98    3.81
-128884.356    18.097    -5.49    5.11
-128507.924    15.362    -7.27    5.22
-128131.512    12.323    -8.07    3.56
-127755.119    11.010    -3.49    1.68
-127378.746    12.636     4.32    3.59
-127002.393    15.749     8.27    5.56
-126626.060    19.456     9.85    5.15
-126249.747    21.575     5.63    3.83
-125873.454    22.820     3.31    4.10
-125497.180    22.867     0.12    4.41
-125120.926    22.820    -0.12    4.32
-124744.692    22.708    -0.30    4.08
-124368.478    21.739    -2.57    3.75
-123992.283    20.962    -2.07    3.77
-123616.109    20.556    -1.08    4.18
-123239.954    20.866     0.82    3.48
-122863.819    21.731     2.30    3.21
-122487.703    22.275     1.44    2.52
-122111.608    21.370    -2.41    2.91
-121735.532    20.184    -3.15    4.55
-121359.476    18.384    -4.79    5.35
-120983.440    17.160    -3.25    6.03
-120607.423    16.184    -2.60    5.37
-120231.426    15.350    -2.22    4.52
-119855.449    16.006     1.74    4.19
-119479.492    16.988     2.61    3.69
-119103.554    17.075     0.23    3.73
-118727.636    16.362    -1.90    4.23
-118351.738    16.416     0.15    5.57
-117975.860    16.836     1.12    5.94
-117600.001    16.207    -1.67    6.17
-117224.162    15.828    -1.01    5.97
-116848.342    14.517    -3.49    6.06
-116472.543    14.510    -0.02    5.93
-116096.763    14.606     0.26    5.94
-115721.002    14.706     0.27    5.58
-115345.262    16.362     4.41    5.27
-114969.541    17.093     1.95    4.79
-114593.840    18.717     4.32    3.63
-114218.158    20.095     3.67    2.14
-113842.496    21.317     3.25    2.32
-113466.854    19.695    -4.32    5.20
-113091.231    17.547    -5.72    6.62
-112715.628    14.095    -9.19    6.03
-112340.044    11.729    -6.30    4.15
-111964.481    10.593    -3.03    2.68
-111588.937    10.428    -0.44    1.65
-111213.412    10.230    -0.53    1.81
-110837.907    11.553     3.52    3.82
-110462.422    12.739     3.16    4.63
-110086.956    13.532     2.11    4.94
-109711.510    13.593     0.16    4.53
-109336.084    12.584    -2.69    4.00
-108960.677    11.028    -4.14    2.54
-108585.289    10.134    -2.38    1.62
-108209.922     9.806    -0.87    1.72
-107834.574     9.297    -1.36    1.62
-107459.245     9.093    -0.55    1.67
-107083.936     9.047    -0.12    1.49
-106708.647     8.602    -1.19    1.48
-106333.377     7.797    -2.15    1.98
-105958.126     6.909    -2.37    2.33
-105582.896     6.650    -0.69    2.25
-105207.684     6.556    -0.25    2.54
-104832.493     6.784     0.61    2.69
-104457.320     7.362     1.54    2.53
-104082.168     7.565     0.54    2.61
-103707.035     8.047     1.29    2.45
-103331.921     8.440     1.05    2.22
-102956.827     8.638     0.53    2.28
-102581.752     8.979     0.91    1.95
-102206.697     8.956    -0.06    2.12
-101831.662     8.739    -0.58    2.19
-101456.645     8.136    -1.61    2.35
-101081.649     8.362     0.60    2.27
-100706.672     8.374     0.03    2.20
-100331.714     8.428     0.14    1.94
 -99956.776     9.117     1.84    1.51
 -99581.857     8.843    -0.73    1.52
 -99206.958     9.762     2.45    2.50
 -98832.078    12.323     6.83    4.08
 -98457.218    14.227     5.08    4.02
 -98082.377    15.858     4.35    3.18
 -97707.555    16.250     1.05    3.14
 -97332.753    14.873    -3.68    3.69
 -96957.971    14.184    -1.84    4.25
 -96583.208    13.228    -2.55    4.82
 -96208.464    12.479    -2.00    4.91
 -95833.740    13.227     2.00    5.09
 -95459.035    14.706     3.95    5.09
 -95084.349    16.339     4.36    4.58
 -94709.683    17.297     2.56    3.19
 -94335.037    17.895     1.59    3.52
 -93960.409    16.139    -4.69    4.39
 -93585.801    13.911    -5.95    5.32
 -93211.213    11.539    -6.33    4.59
 -92836.644    10.343    -3.19    2.49
 -92462.094    11.028     1.83    2.76
 -92087.564    12.317     3.44    2.55
 -91713.053    12.525     0.55    2.74
 -91338.561    12.140    -1.03    2.94
 -90964.089    12.002    -0.37    3.16
 -90589.636    11.917    -0.23    3.06
 -90215.202    12.792     2.34    2.70
 -89840.788    13.684     2.38    2.51
 -89466.393    13.539    -0.39    2.81
 -89092.017    13.486    -0.14    3.05
 -88717.661    12.836    -1.74    3.23
 -88343.324    11.695    -3.05    3.04
 -87969.006    11.828     0.35    3.42
 -87594.708    11.205    -1.66    3.36
 -87220.429    10.771    -1.16    3.25
 -86846.169     9.628    -3.05    2.48
 -86471.929     8.374    -3.35    1.58
 -86097.708     8.073    -0.81    1.65
 -85723.506     7.827    -0.66    1.91
 -85349.323     7.575    -0.67    1.93
 -84975.160     7.116    -1.23    1.66
 -84601.016     7.010    -0.28    1.42
 -84226.891     7.343     0.89    1.38
 -83852.786     7.330    -0.03    1.46
 -83478.699     7.206    -0.33    1.30
 -83104.632     6.964    -0.65    1.27
 -82730.585     7.406     1.18    1.13
 -82356.556     7.866     1.23    1.20
 -81982.547     8.388     1.40    1.79
 -81608.557     8.406     0.05    1.81
 -81234.586     8.493     0.23    1.91
 -80860.634     8.479    -0.04    2.05
 -80486.702     8.184    -0.79    2.09
 -80112.789     8.250     0.18    2.09
 -79738.895     7.742    -1.36    1.72
 -79365.020     7.806     0.17    1.64
 -78991.165     7.473    -0.89    1.59
 -78617.328     7.493     0.06    1.62
 -78243.511     7.411    -0.22    1.44
 -77869.713     7.525     0.31    1.48
 -77495.934     7.502    -0.06    1.49
 -77122.175     7.463    -0.10    1.47
 -76748.434     7.317    -0.39    1.14
 -76374.713     7.206    -0.30    0.97
 -76001.011     7.602     1.06    2.55
 -75627.328     8.661     2.83    3.46
 -75253.664    10.159     4.01    4.21
 -74880.020    11.116     2.56    4.18
 -74506.394    11.602     1.30    3.84
 -74132.788    10.650    -2.55    4.13
 -73759.200     9.888    -2.04    4.00
 -73385.632     8.556    -3.57    3.15
 -73012.083     7.339    -3.26    1.48
 -72638.553     7.134    -0.55    1.08
 -72265.043     6.888    -0.66    1.02
 -71891.551     6.803    -0.23    1.38
 -71518.078     6.206    -1.60    1.37
 -71144.625     5.984    -0.60    1.29
 -70771.191     6.138     0.41    1.10
 -70397.775     6.401     0.70    1.25
 -70022.448     6.779     1.01    1.25
 -69645.213     6.806     0.07    1.27
 -69267.996     6.719    -0.23    1.18
 -68890.799     6.463    -0.68    1.05
 -68513.622     6.695     0.62    2.44
 -68136.464     6.139    -1.47    2.80
 -67759.325     5.684    -1.21    2.02
 -67382.206     5.636    -0.13    1.99
 -67005.107     5.495    -0.37    1.64
 -66628.027     5.047    -1.19    1.58
 -66250.966     4.384    -1.76    2.48
 -65873.925     3.806    -1.53    2.72
 -65496.903     3.684    -0.32    2.91
 -65119.901     3.184    -1.33    2.97
 -64742.918     3.479     0.78    2.96
 -64365.954     4.934     3.86    3.70
 -63989.010     6.362     3.79    4.43
 -63612.086     6.547     0.49    4.71
 -63235.181     6.717     0.45    5.21
 -62858.295     5.858    -2.28    5.20
 -62481.429     4.495    -3.62    4.61
 -62104.582     3.775    -1.91    3.57
 -61727.754     4.463     1.83    4.48
 -61350.946     6.939     6.57    5.77
 -60974.157     9.589     7.03    4.97
 -60597.388    11.314     4.58    3.30
 -60220.638    11.911     1.58    2.37
 -59843.907    11.479    -1.15    2.90
 -59467.196    12.366     2.35    3.27
 -59090.504    13.159     2.11    2.77
 -58713.832    13.025    -0.36    3.25
 -58337.178    11.469    -4.13    4.53
 -57960.544     8.895    -6.84    4.13
 -57583.930     6.539    -6.25    3.08
 -57207.335     5.067    -3.91    1.14
 -56830.759     4.729    -0.90    1.00
 -56454.202     4.993     0.70    0.99
 -56077.665     5.161     0.45    1.00
 -55701.147     5.343     0.48    0.99
 -55324.649     5.388     0.12    0.93
 -54948.170     5.473     0.22    0.82
 -54571.710     5.636     0.43    1.29
 -54195.269     5.888     0.67    1.42
 -53818.848     6.574     1.82    1.61
 -53442.446     6.934     0.96    1.60
 -53066.063     7.249     0.84    1.48
 -52689.699     6.775    -1.26    1.81
 -52313.355     6.879     0.28    2.49
 -51937.030     7.184     0.81    3.17
 -51560.725     7.828     1.71    3.79
 -51184.438     7.719    -0.29    3.73
 -50808.171     8.206     1.30    3.45
 -50431.923     8.028    -0.47    2.80
 -50055.695     7.336    -1.84    1.62
 -49679.485     7.547     0.56    1.92
 -49303.295     7.729     0.48    2.17
 -48927.124     8.384     1.74    3.39
 -48550.972     8.297    -0.23    4.31
 -48174.840     8.956     1.75    5.15
 -47798.726     9.362     1.08    5.10
 -47422.632     9.525     0.43    5.73
 -47046.557    10.050     1.40    6.14
 -46670.502     9.673    -1.00    6.06
 -46294.465    11.070     3.72    5.82
 -45918.448    10.139    -2.48    5.98
 -45542.450     9.047    -2.90    5.47
 -45166.471     6.923    -5.65    5.52
 -44790.511     5.388    -4.08    4.97
 -44414.571     5.117    -0.72    4.52
 -44038.649     5.547     1.14    4.36
 -43662.747     5.638     0.24    3.99
 -43286.864     5.895     0.68    3.28
 -42911.000     6.612     1.91    2.65
 -42535.155     7.271     1.75    3.22
 -42159.330     8.339     2.84    3.46
 -41783.523     9.473     3.02    3.35
 -41407.736    10.044     1.52    2.80
 -41031.968     9.116    -2.47    2.31
 -40656.218     9.229     0.30    2.31
 -40280.488     8.909    -0.85    2.86
 -39904.778     7.228    -4.47    3.35
 -39529.086     5.320    -5.08    3.66
 -39153.413     4.229    -2.90    2.65
 -38777.760     3.297    -2.48    1.81
 -38402.125     2.915    -1.02    1.72
 -38026.510     2.411    -1.34    1.29
 -37650.913     2.428     0.04    1.24
 -37275.336     2.584     0.42    1.39
 -36899.778     3.025     1.17    1.40
 -36524.239     3.661     1.69    1.30
 -36148.719     3.939     0.74    1.19
 -35773.218     4.135     0.52    1.09
 -35397.736     4.570     1.16    1.33
 -35022.273     4.745     0.47    1.34
 -34646.830     4.866     0.32    1.16
 -34271.405     4.911     0.12    1.25
 -33895.999     4.775    -0.36    1.45
 -33520.613     4.739    -0.09    1.65
 -33145.245     4.059    -1.81    1.40
 -32769.896     3.866    -0.51    1.27
 -32394.567     3.565    -0.80    1.13
 -32019.256     3.206    -0.95    1.34
 -31643.965     2.984    -0.59    1.29
 -31268.692     2.797    -0.50    1.28
 -30893.438     2.684    -0.30    1.41
 -30518.204     2.428    -0.68    1.30
 -30142.988     2.317    -0.29    1.38
 -29767.792     2.047    -0.72    1.47
 -29392.614     1.951    -0.26    1.39
 -29017.455     1.673    -0.74    1.52
 -28642.316     1.495    -0.47    1.46
 -28267.195     1.184    -0.83    1.05
 -27892.093     1.089    -0.25    1.23
 -27517.010     1.184     0.25    1.22
 -27141.947     2.025     2.24    1.84
 -26766.902     1.911    -0.30    2.06
 -26391.876     2.495     1.56    2.48
 -26016.869     2.479    -0.04    2.53
 -25641.881     1.866    -1.64    2.16
 -25266.911     1.797    -0.18    2.10
 -24891.961     1.628    -0.45    1.94
 -24517.030     2.525     2.39    2.81
 -24142.118     3.366     2.24    2.96
 -23767.224     3.047    -0.85    3.75
 -23392.349     3.502     1.21    4.71
 -23017.494     2.184    -3.52    4.40
 -22642.657     1.584    -1.60    3.87
 -22267.839     1.456    -0.34    3.49
 -21893.040     2.450     2.65    4.00
 -21518.260     4.979     6.75    5.34
 -21143.499     7.539     6.83    5.79
 -20768.756     9.025     3.96    5.51
 -20394.033     8.873    -0.41    6.23
 -20019.328     6.562    -6.17    6.92
 -19644.642     5.320    -3.31    6.58
 -19269.975     3.717    -4.28    5.93
 -18895.327     2.928    -2.11    5.05
 -18520.698     2.445    -1.29    4.40
 -18146.087     2.752     0.82    4.73
 -17771.496     3.684     2.49    4.59
 -17396.923     3.184    -1.33    4.17
 -17022.369     3.184     0.00    3.72
 -16647.834     2.934    -0.67    2.71
 -16273.318     2.731    -0.54    2.33
 -15898.820     1.836    -2.39    2.25
 -15524.341     1.398    -1.17    2.18
 -15149.881     1.073    -0.87    1.90
 -14775.440     0.775    -0.80    1.34
 -14401.018     0.984     0.56    1.08
 -14026.614     1.184     0.53    1.11
 -13652.230     1.160    -0.06    1.07
 -13277.864     1.250     0.24    1.30
 -12903.517     0.951    -0.80    1.43
 -12529.188     0.784    -0.45    1.44
 -12154.878     0.911     0.34    1.45
 -11780.587     0.628    -0.76    1.10
 -11406.315     0.411    -0.58    1.22
 -11032.062     0.281    -0.35    1.07
 -10657.827     0.456     0.47    2.71
 -10283.611     0.374    -0.22    2.35
  -9909.414     0.073    -0.81    1.30
  -9535.236     0.479     1.09    1.64
  -9161.076     0.820     0.91    1.67
  -8786.935     1.593     2.07    2.79
  -8412.812     2.135     1.45    3.04
  -8038.709     1.843    -0.78    2.13
  -7664.624     2.684     2.25    2.19
  -7290.558     2.517    -0.45    2.12
  -6916.510     2.570     0.14    2.41
  -6542.481     2.866     0.79    2.27
  -6168.471     3.002     0.36    2.43
  -5794.480     2.867    -0.36    3.13
  -5420.507     2.411    -1.22    3.71
  -5046.553     1.184    -3.28    3.48
  -4672.617     1.252     0.18    3.96
  -4298.701     3.070     4.86    4.83
  -3924.803     5.684     6.99    5.25
  -3550.923     8.606     7.82    4.20
  -3177.062     8.842     0.63    3.66
  -2803.220     8.388    -1.21    3.45
  -2429.397     7.159    -3.29    3.62
  -2055.592     5.806    -3.62    3.64
  -1681.805     5.275    -1.42    4.19
  -1308.038     5.184    -0.24    4.66
   -934.289     4.650    -1.43    4.93
   -560.558     3.794    -2.29    5.27
   -186.847     2.320    -3.94    4.88
    186.847     0.672    -4.41    3.20
    560.521     0.962     0.78    2.53
    934.177     1.911     2.54    2.49
   1307.814     2.850     2.51    2.23
   1681.433     3.638     2.11    1.85
   2055.033     4.684     2.80    3.39
   2428.615     6.638     5.23    4.25
   2802.178     8.009     3.67    3.79
   3175.723     7.661    -0.93    3.91
   3549.249     6.070    -4.26    4.05
   3922.756     5.962    -0.29    4.32
   4296.245     6.517     1.49    4.62
   4669.715     5.541    -2.61    4.53
   5045.492     4.479    -2.83    3.71
   5422.686     2.891    -4.21    2.60
   5799.861     1.888    -2.66    2.14
   6177.017     1.252    -1.69    2.20
   6554.154     0.820    -1.14    2.35
   6931.272     1.510     1.83    2.56
   7308.372     2.589     2.86    3.19
   7685.452     3.028     1.17    3.08
   8062.513     2.765    -0.70    2.61
   8439.556     3.556     2.10    2.79
   8816.579     4.184     1.67    2.78
   9193.584     4.888     1.87    3.05
   9570.570     4.749    -0.37    3.10
   9947.537     5.255     1.34    3.16
  10324.485     5.139    -0.31    3.17
  10701.414     5.025    -0.30    2.74
  11078.324     4.917    -0.29    2.73
  11455.216     4.050    -2.30    3.68
  11832.088     2.206    -4.89    3.67
  12208.942     0.850    -3.60    3.07
  12585.777     0.002    -2.25    2.58
  12962.593     0.984     2.61    3.27
  13339.390     2.911     5.11    4.01
  13716.169     4.486     4.18    3.75
  14092.928     6.706     5.89    2.99
  14469.669     7.727     2.71    2.67
  14846.391     8.250     1.39    2.86
  15223.094     9.028     2.06    2.43
  15599.778     9.091     0.17    2.30
  15976.443     9.053    -0.10    2.13
  16353.090     9.398     0.92    2.03
  16729.718     9.616     0.58    1.95
  17106.327     9.117    -1.32    3.03
  17482.917     6.440    -7.11    4.94
  17859.489     3.695    -7.29    5.14
  18236.041     1.469    -5.91    3.62
  18612.575     0.792    -1.80    2.92
  18989.090     0.956     0.44    2.79
  19365.587     0.570    -1.03    1.66
  19742.064     1.002     1.15    1.79
  20118.523     1.769     2.04    2.46
  20494.963     2.729     2.55    3.02
  20871.385     3.259     1.41    3.13
  21247.787     2.095    -3.09    2.91
  21624.171     1.911    -0.49    2.30
  22000.536     0.661    -3.32    1.70
  22376.883     1.661     2.66    3.47
  22753.210     4.037     6.31    6.41
  23129.519     5.956     5.10    7.94
  23505.809     7.779     4.84    8.07
  23882.081     7.673    -0.28    8.32
  24258.334     6.495    -3.13    7.34
  24634.568     8.300     4.80    7.68
  25010.783    11.570     8.69    6.87
  25386.980    12.459     2.36    6.80
  25763.158    11.525    -2.48    7.31
  26139.318     8.866    -7.07    7.11
  26515.458     6.093    -7.37    5.96
  26891.580     4.229    -4.95    4.02
  27267.684     2.636    -4.24    3.17
  27643.768     3.116     1.27    4.15
  28019.834     4.306     3.16    5.13
  28395.882     4.820     1.37    5.14
  28771.911     5.411     1.57    4.90
  29147.921     5.502     0.24    4.57
  29523.912     5.006    -1.32    5.15
  29899.885     5.041     0.09    5.58
  30275.839     6.273     3.28    5.18
  30651.775     8.277     5.33    4.29
  31027.692     8.525     0.66    3.35
  31403.590     8.117    -1.08    2.66
  31779.470     7.450    -1.77    2.27
  32155.331     8.428     2.60    4.82
  32531.173     9.208     2.07    5.20
  32906.997     8.525    -1.82    5.25
  33282.802     7.525    -2.66    5.48
  33658.589     4.638    -7.68    3.93
  34034.357     3.184    -3.87    3.58
  34410.107     2.525    -1.75    3.50
  34785.838     2.411    -0.30    3.71
  35161.550     2.297    -0.30    3.61
  35537.244     1.539    -2.02    3.03
  35912.920     1.820     0.75    3.24
  36288.576     0.888    -2.48    1.77
  36664.214     0.820    -0.18    1.48
  37039.834     0.729    -0.24    1.30
  37415.435     0.616    -0.30    1.35
  37791.018     0.138    -1.27    1.43
  38166.582    -0.066    -0.54    1.50
  38542.127    -0.238    -0.46    1.60
  38917.654    -0.021     0.58    1.89
  39293.163    -0.089    -0.18    2.05
  39668.653     0.275     0.97    2.18
  40044.124     1.729     3.87    3.85
  40419.577     1.866     0.36    4.09
  40795.012     2.116     0.67    4.12
  41170.428     1.866    -0.67    4.16
  41545.825     0.486    -3.67    2.73
  41921.204     0.343    -0.38    2.96
  42296.564     1.119     2.07    3.77
  42671.906     1.162     0.11    3.79
  43047.230     1.002    -0.43    3.34
  43422.535     1.277     0.73    3.15
  43797.822     2.095     2.18    3.30
  44173.090     2.612     1.38    3.19
  44548.340     3.050     1.17    3.40
  44923.571     2.673    -1.01    3.63
  45298.784     1.850    -2.19    3.52
  45673.978     0.393    -3.88    3.20
  46049.154    -0.769    -3.10    2.42
  46424.311    -1.105    -0.90    1.96
  46799.451    -1.353    -0.66    2.28
  47174.571    -1.572    -0.58    2.61
  47549.673    -1.316     0.68    2.61
  47924.757    -1.294     0.06    3.10
  48299.823     0.684     5.27    5.06
  48674.870     2.013     3.54    5.61
  49049.898     2.911     2.39    5.35
  49424.909     1.731    -3.15    4.42
  49799.900    -0.134    -4.98    3.35
  50174.874    -1.475    -3.58    3.15
  50549.829    -1.680    -0.55    3.37
  50924.766    -0.134     4.12    5.18
  51299.684     1.550     4.49    5.16
  51674.584     0.820    -1.95    5.10
  52049.466    -0.078    -2.40    5.02
  52424.329    -1.438    -3.63    4.30
  52799.174    -1.305     0.36    3.96
  53174.000    -0.839     1.24    4.58
  53548.809    -1.157    -0.85    4.53
  53923.598    -1.441    -0.76    4.72
  54298.370    -1.271     0.45    4.56
  54673.123    -1.421    -0.40    4.09
  55047.858    -0.838     1.55    4.25
  55422.575    -0.550     0.77    4.02
  55797.273    -1.816    -3.38    3.09
  56171.953    -2.294    -1.27    2.65
  56546.614    -2.483    -0.51    2.63
  56921.258    -2.566    -0.22    2.85
  57295.883    -3.467    -2.41    3.05
  57670.490    -4.172    -1.88    2.99
  58045.078    -5.350    -3.14    2.11
  58419.648    -5.173     0.47    2.96
  58794.200    -2.362     7.51    5.32
  59168.734    -0.158     5.88    5.37
  59543.249     1.297     3.89    4.75
  59917.746     1.649     0.94    3.98
  60292.225     1.206    -1.18    3.82
  60666.685     0.228    -2.61    3.99
  61041.128     0.469     0.64    4.93
  61415.552    -0.589    -2.83    4.73
  61789.958    -2.116    -4.08    4.38
  62164.345    -1.271     2.26    4.38
  62538.715    -0.384     2.37    4.27
  62913.066     0.093     1.27    4.46
  63287.399     0.650     1.49    3.64
  63661.713     1.327     1.81    3.02
  64036.010     0.820    -1.35    3.06
  64410.288     0.184    -1.70    3.22
  64784.548    -1.112    -3.46    3.76
  65158.790    -1.816    -1.88    3.84
  65533.014    -2.521    -1.88    3.90
  65907.219    -3.327    -2.16    3.75
  66281.406    -3.959    -1.69    3.18
  66655.575    -3.316     1.72    4.60
  67029.726    -2.524     2.12    5.22
  67403.859    -2.930    -1.09    5.03
  67777.974    -3.612    -1.82    4.25
  68152.070    -4.930    -3.52    2.98
  68526.148    -5.438    -1.36    2.40
  68900.208    -5.340     0.26    2.76
  69274.250    -2.930     6.44    5.58
  69648.274     0.379     8.85    6.21
  70022.280     2.979     6.95    5.44
  70396.267     6.114     8.38    2.15
  70770.236     5.116    -2.67    2.93
  71144.188     3.911    -3.22    3.37
  71518.121     2.589    -3.54    3.58
  71892.036     0.229    -6.31    3.94
  72265.933     0.013    -0.58    3.10
  72639.811     0.706     1.85    3.53
  73013.672     2.091     3.70    3.57
  73387.515     3.366     3.41    2.90
  73761.339     4.161     2.13    2.15
  74135.146     3.493    -1.79    2.19
  74508.934     2.502    -2.65    2.39
  74882.704     1.647    -2.29    2.45
  75256.456     1.297    -0.94    2.06
  75630.190     1.323     0.07    1.95
  76003.906     1.206    -0.31    1.89
  76377.604     0.456    -2.01    2.91
  76751.284    -0.340    -2.13    3.57
  77124.946    -1.794    -3.89    3.49
  77498.589    -1.816    -0.06    2.85
  77872.215    -0.953     2.31    3.41
  78245.823     1.343     6.14    3.78
  78619.412     3.434     5.60    3.31
  78992.984     3.762     0.88    3.08
  79366.537     2.517    -3.33    3.37
  79740.073     0.820    -4.54    3.26
  80116.310    -0.340    -3.08    3.10
  80493.452    -0.816    -1.26    3.02
  80870.577    -1.703    -2.35    3.07
  81247.682    -2.384    -1.81    2.99
  81624.770    -3.089    -1.87    3.25
  82001.839    -4.245    -3.07    2.85
  82378.890    -2.883     3.61    4.20
  82755.922    -0.398     6.59    5.17
  83132.936     1.775     5.76    4.44
  83509.932     3.093     3.50    2.99
  83886.909     2.388    -1.87    3.57
  84263.868     2.366    -0.06    3.61
  84640.808     2.486     0.32    3.71
  85017.731     3.050     1.50    3.85
  85394.635     2.843    -0.55    3.40
  85771.520     2.473    -0.98    3.38
  86148.387     1.002    -3.90    4.03
  86525.236    -1.044    -5.43    3.14
  86902.067    -2.134    -2.89    3.56
  87278.879    -2.680    -1.45    3.00
  87655.673    -3.328    -1.72    3.12
  88032.449    -3.475    -0.39    3.02
  88409.206    -4.026    -1.46    3.23
  88785.946    -4.589    -1.50    3.46
  89162.666    -4.972    -1.02    3.55
  89539.369    -5.407    -1.16    3.43
  89916.053    -3.861     4.11    4.04
  90292.719    -3.328     1.41    3.72
  90669.367    -1.360     5.23    2.82
  91045.996    -1.026     0.89    3.42
  91422.608    -3.566    -6.75    4.86
  91799.201    -6.770    -8.51    5.45
  92175.775    -8.884    -5.62    4.17
  92552.332   -10.483    -4.24    2.00
  92928.870    -9.524     2.55    3.20
  93305.390    -8.881     1.71    3.69
  93681.892    -8.771     0.29    4.14
  94058.375    -9.544    -2.05    4.06
  94434.841   -10.248    -1.87    3.81
  94811.288    -9.402     2.25    4.39
  95187.717    -9.339     0.17    4.15
  95564.127    -9.292     0.12    3.83
  95940.520    -9.498    -0.55    3.24
  96316.894    -9.566    -0.18    2.93
  96693.250    -8.584     2.61    3.56
  97069.588    -7.998     1.56    3.67
  97445.908    -7.591     1.08    3.63
  97822.209    -7.544     0.13    3.74
  98198.492    -8.142    -1.59    2.63
  98574.758    -7.475     1.77    2.74
  98951.005    -7.134     0.91    2.86
  99327.233    -7.011     0.33    2.64
  99703.444    -6.430     1.55    2.68
 100079.636    -5.036     3.71    3.09
 100455.811    -4.150     2.36    3.58
 100831.967    -3.839     0.83    2.96
 101208.105    -3.653     0.49    3.11
 101584.225    -3.350     0.81    3.62
 101960.327    -3.491    -0.38    3.94
 102336.411    -3.634    -0.38    3.71
 102712.476    -4.060    -1.13    3.55
 103088.523    -3.907     0.41    3.56
 103464.553    -4.339    -1.15    2.99
 103840.564    -5.142    -2.13    3.80
 104216.557    -5.634    -1.31    3.72
 104592.532    -6.191    -1.48    3.77
 104968.489    -6.634    -1.18    3.65
 105344.428    -7.281    -1.72    3.36
 105720.349    -8.339    -2.81    2.73
 106096.251    -8.294     0.12    2.19
 106472.136    -8.007     0.76    2.21
 106848.002    -7.725     0.75    2.18
 107223.851    -7.109     1.64    1.63
 107599.681    -7.157    -0.13    1.71
 107975.493    -7.281    -0.33    1.71
 108351.287    -7.225     0.15    1.76
 108727.064    -6.727     1.33    1.86
 109102.822    -5.816     2.42    2.38
 109478.562    -4.975     2.24    2.84
 109854.284    -4.212     2.03    2.80
 110229.988    -3.911     0.80    2.75
 110605.674    -3.248     1.77    2.45
 110981.342    -3.066     0.48    2.18
 111356.992    -3.555    -1.30    2.42
 111732.624    -3.578    -0.06    2.89
 112108.238    -4.305    -1.94    2.94
 112483.834    -4.700    -1.05    3.30
 112859.412    -4.816    -0.31    4.01
 113234.972    -6.044    -3.27    4.07
 113610.514    -6.531    -1.30    4.12
 113986.037    -6.295     0.63    4.14
 114361.543    -4.467     4.87    5.33
 114737.031    -3.384     2.88    5.24
 115112.501    -3.026     0.96    5.63
 115487.953    -4.186    -3.09    5.31
 115863.388    -3.521     1.77    4.91
 116238.804    -2.245     3.40    4.51
 116614.202    -1.438     2.15    3.96
 116989.582    -0.839     1.60    3.54
 117364.944    -2.772    -5.15    4.66
 117740.289    -3.203    -1.15    4.73
 118115.615    -3.142     0.16    4.73
 118490.923    -1.884     3.35    5.16
 118866.214     0.136     5.38    3.66
 119241.486     0.888     2.00    2.97
 119616.741     1.320     1.15    2.76
 119991.978     0.797    -1.39    3.25
 120367.197     0.547    -0.67    2.74
 120742.398     0.252    -0.79    3.64
 121117.581     0.025    -0.61    4.01
 121492.746     0.570     1.45    4.16
 121867.893     0.525    -0.12    4.40
 122243.022     0.502    -0.06    4.36
 122618.134     0.297    -0.55    4.94
 122993.227    -1.066    -3.64    5.10
 123368.303    -1.157    -0.24    5.29
 123743.361    -1.180    -0.06    4.64
 124118.401    -1.453    -0.73    3.75
 124493.423    -0.612     2.24    3.93
 124868.427    -0.703    -0.24    3.52
 125243.413    -0.566     0.36    3.70
 125618.382     0.434     2.67    4.02
 125993.333    -0.225    -1.76    4.21
 126368.266    -0.544    -0.85    3.73
 126743.181     0.116     1.76    3.43
 127118.078    -0.612    -1.94    3.45
 127492.957    -0.407     0.55    3.49
 127867.819     0.139     1.46    3.80
 128242.662    -0.089    -0.61    3.87
 128617.488    -0.975    -2.36    3.99
 128992.296    -2.271    -3.46    3.43
 129367.087    -3.362    -2.91    2.72
 129741.859    -3.584    -0.59    2.72
 130116.614    -3.384     0.53    2.77
 130491.351    -3.816    -1.15    2.02
 130866.070    -4.049    -0.62    1.74
 131240.771    -3.534     1.37    1.63
 131615.454    -3.316     0.58    2.17
 131990.120    -3.038     0.74    2.43
 132364.768    -3.119    -0.21    2.36
 132739.398    -3.119     0.00    2.44
 133114.011    -4.126    -2.69    2.49
 133488.606    -4.884    -2.03    2.47
 133863.183    -5.905    -2.72    2.27
 134237.742    -6.886    -2.62    2.45
 134612.283    -7.683    -2.13    2.32
 134986.807    -7.816    -0.36    2.97
 135361.313    -8.527    -1.90    2.78
 135735.801    -8.697    -0.45    3.00
 136110.272    -8.953    -0.68    3.04
 136484.725    -8.505     1.19    3.53
 136859.160    -7.653     2.27    4.08
 137233.577    -5.772     5.02    5.10
 137607.977    -3.816     5.22    4.99
 137982.359    -0.838     7.95    3.97
 138356.723     0.091     2.48    4.39
 138731.069     0.638     1.46    3.58
 139105.398    -1.884    -6.74    5.45
 139479.709    -4.157    -6.07    6.05
 139854.003    -6.172    -5.38    5.17
 140228.279    -7.537    -3.65    4.50
 140602.537    -7.566    -0.08    3.72
 140976.777    -7.793    -0.61    3.64
 141351.000    -7.407     1.03    4.04
 141725.205    -7.089     0.85    4.24
 142099.393    -6.407     1.82    4.41
 142473.563    -5.862     1.46    4.57
 142847.715    -6.102    -0.64    4.23
 143221.850    -7.248    -3.06    3.91
 143595.966    -8.630    -3.69    3.55
 143970.066   -10.002    -3.67    2.51
 144344.147   -10.975    -2.60    1.76
 144718.211   -10.953     0.06    1.97
 145092.258   -10.748     0.55    2.13
 145466.287   -10.888    -0.37    2.12
 145840.298   -11.339    -1.21    1.87
 146214.291   -11.421    -0.22    1.75
 146588.267   -11.491    -0.19    1.69
 146962.226   -11.680    -0.51    2.08
 147336.167   -11.862    -0.49    2.16
 147710.090   -11.953    -0.24    2.28
 148083.995   -12.197    -0.65    1.87
 148457.883   -12.384    -0.50    1.69
 148831.754   -12.453    -0.18    1.50
 149205.607   -12.498    -0.12    1.49
 149579.442   -12.680    -0.49    1.36
 149953.260   -12.839    -0.43    1.13
 150327.060   -12.748     0.24    1.26
 150700.842   -12.507     0.65    1.39
 151074.608   -12.453     0.14    1.30
 151448.355   -12.438     0.04    1.35
 151822.085   -12.589    -0.40    1.33
 152195.797   -12.703    -0.30    1.13
 152569.492   -12.453     0.67    1.42
 152943.170   -12.112     0.91    1.59
 153316.830   -12.007     0.28    2.39
 153690.472   -11.657     0.94    2.63
 154064.097   -11.527     0.35    2.57
 154437.704   -11.566    -0.10    1.70
 154811.294   -11.407     0.43    1.73
 155187.977   -11.723    -0.84    1.72
 155565.074   -12.021    -0.79    1.65
 155942.153   -12.221    -0.53    1.40
 156319.214   -12.544    -0.86    1.02
 156696.258   -12.261     0.75    1.16
 157073.283   -12.142     0.32    1.34
 157450.291   -11.794     0.92    1.45
 157827.281   -12.031    -0.63    1.37
 158204.253   -12.251    -0.58    1.31
 158581.207   -12.072     0.47    1.54
 158958.143   -11.839     0.62    1.55
 159335.062   -12.150    -0.82    1.30
 159711.963   -12.197    -0.13    1.21
 160088.845   -12.180     0.05    1.18
 160465.711   -12.166     0.04    1.33
 160842.558   -11.630     1.42    1.58
 161219.388   -11.748    -0.31    1.72
 161596.199   -11.467     0.74    2.21
 161972.993   -12.157    -1.83    1.93
 162349.770   -12.255    -0.26    2.23
 162726.528   -11.930     0.86    2.06
 163103.269   -11.792     0.36    1.94
 163479.992   -12.248    -1.21    1.73
 163856.697   -12.271    -0.06    1.84
 164233.384   -12.996    -1.92    1.47
 164610.054   -13.498    -1.33    1.01
 164986.706   -13.816    -0.84    0.00
 165363.340   -13.816     0.00    0.00
 165739.957   -13.816     0.00    0.00
 166116.555   -13.816     0.00    0.00
 166493.136   -13.816     0.00    0.00
 166869.700   -13.816     0.00    0.00
 167246.245   -13.816     0.00    0.00
 167622.773   -13.816     0.00    0.00
 167999.283   -13.816     0.00    0.00
 168375.776   -13.816     0.00    0.00
 168752.250   -13.816     0.00    0.00
 169128.707   -13.816     0.00    0.00
 169505.147   -13.816     0.00    0.00
 169881.568   -13.816     0.00    0.00
 170257.972   -13.816     0.00    0.00
 170634.359   -13.816     0.00    0.00
 171010.727   -13.816     0.00    0.00
 171387.078   -13.816     0.00    0.00
 171763.412   -13.816     0.00    0.00
 172139.727   -13.816     0.00    0.00
 172516.025   -13.816     0.00    0.00
 172892.306   -13.816     0.00    0.00
 173268.568   -13.816     0.00    0.00
 173644.813   -13.816     0.00    0.00
 174021.041   -13.816     0.00    0.00
 174397.250   -13.816     0.00    0.00
 174773.443   -13.816     0.00    0.00
 175149.617   -13.816     0.00    0.00
 175525.774   -13.816     0.00    0.00
 175901.913   -13.816     0.00    0.00
 176278.035   -13.816     0.00    0.00
 176654.139   -13.816     0.00    0.00
 177030.226   -13.816     0.00    0.00
 177406.294   -13.816     0.00    0.00
 177782.346   -13.816     0.00    0.00
 178158.379   -13.816     0.00    0.00
 178534.395   -13.816     0.00    0.00
 178910.394   -13.816     0.00    0.00
 179286.375   -13.816     0.00    0.00
 179662.338   -13.816     0.00    0.00
 180038.284   -13.816     0.00    0.00
 180414.212   -13.816     0.00    0.00
 180790.123   -13.816     0.00    0.00
 181166.016   -13.816     0.00    0.00
 181541.892   -13.607     0.56    0.80
 181917.750   -12.959     1.72    1.51
 182293.590   -12.430     1.41    1.69
 182669.413   -12.157     0.73    1.54
 183045.218   -11.816     0.91    1.27
 183421.006   -12.194    -1.01    1.03
 183796.777   -12.491    -0.79    0.75
 184172.530   -12.388     0.27    1.27
 184548.265   -12.514    -0.34    1.52
 184923.983   -12.616    -0.27    1.77
 185299.683   -11.725     2.37    2.44
 185675.366   -11.554     0.46    2.27
 186051.031   -11.271     0.75    1.80
 186426.679   -10.862     1.09    1.45
 186802.309   -11.630    -2.05    1.50
 187177.922   -12.407    -2.07    1.56
 187553.517   -13.245    -2.23    1.23
 187929.095   -13.794    -1.46    0.15
 188304.656   -13.816    -0.06    0.00
 188680.199   -13.816     0.00    0.00
 189055.724   -13.816     0.00    0.00
 189431.232   -13.816     0.00    0.00
 189806.723   -13.816     0.00    0.00
 190182.196   -13.816     0.00    0.00
 190557.651   -13.816     0.00    0.00
 190933.090   -13.816     0.00    0.00
 191308.510   -13.816     0.00    0.00
 191683.914   -13.816     0.00    0.00
 192059.300   -13.816     0.00    0.00
 192434.668   -13.816     0.00    0.00
 192810.019   -13.816     0.00    0.00
 193185.353   -13.816     0.00    0.00
 193560.669   -13.816     0.00    0.00
 193935.968   -13.816     0.00    0.00
 194311.249   -13.816     0.00    0.00
 194686.513   -13.816     0.00    0.00
 195061.760   -13.816     0.00    0.00
 195436.989   -13.816     0.00    0.00
 195812.201   -13.816     0.00    0.00
 196187.396   -13.816     0.00    0.00
 196562.573   -13.816     0.00    0.00
 196937.733   -13.816     0.00    0.00
 197312.875   -13.816     0.00    0.00
 197688.000   -13.816     0.00    0.00
 198063.108   -13.816     0.00    0.00
 198438.198   -13.816     0.00    0.00
 198813.271   -13.816     0.00    0.00
 199188.326   -13.816     0.00    0.00
 199563.365   -13.816     0.00    0.00
 199938.385   -13.816     0.00    0.00
 200313.389   -13.816     0.00    0.00
 200688.375   -13.816     0.00    0.00
 201063.344   -13.816     0.00    0.00
 201438.296   -13.816     0.00    0.00
 201813.230   -13.816     0.00    0.00
 202188.147   -13.816     0.00    0.00
 202563.047   -13.816     0.00    0.00
 202937.929   -13.816     0.00    0.00
 203312.794   -13.816     0.00    0.00
 203687.642   -13.816     0.00    0.00
 204062.472   -13.816     0.00    0.00
 204437.285   -13.816     0.00    0.00
 204812.081   -13.816     0.00    0.00
 205186.860   -13.816     0.00    0.00
 205561.621   -13.816     0.00    0.00
 205936.365   -13.816     0.00    0.00
 206311.092   -13.816     0.00    0.00
 206685.802   -13.816     0.00    0.00
 207060.494   -13.816     0.00    0.00
 207435.169   -13.816     0.00    0.00
 207809.827   -13.816     0.00    0.00
 208184.467   -13.816     0.00    0.00
 208559.091   -13.816     0.00    0.00
 208933.697   -13.816     0.00    0.00
 209308.285   -13.816     0.00    0.00
 209682.857   -13.816     0.00    0.00
 210057.411   -13.816     0.00    0.00
 210431.948   -13.816     0.00    0.00
 210806.468   -13.816     0.00    0.00
 211180.971   -13.816     0.00    0.00
 211555.457   -13.816     0.00    0.00
 211929.925   -13.816     0.00    0.00
 212304.376   -13.816     0.00    0.00
 212678.810   -13.816     0.00    0.00
 213053.227   -13.816     0.00    0.00
 213427.626   -13.816     0.00    0.00
 213802.009   -13.816     0.00    0.00
 214176.374   -13.816     0.00    0.00
 214550.722   -13.816     0.00    0.00
 214925.053   -13.816     0.00    0.00
 215299.366   -13.816     0.00    0.00
 215673.663   -13.816     0.00    0.00
 216047.942   -13.816     0.00    0.00
 216422.205   -13.816     0.00    0.00
 216796.450   -13.816     0.00    0.00
 217170.678   -13.816     0.00    0.00
 217544.888   -13.816     0.00    0.00
 217919.082   -13.816     0.00    0.00
 218293.259   -13.816     0.00    0.00
 218667.418   -13.816     0.00    0.00
 219041.560   -13.816     0.00    0.00
 219415.685   -13.816     0.00    0.00
 219789.793   -13.816     0.00    0.00
 220163.884   -13.816     0.00    0.00
 220537.958   -13.816     0.00    0.00
 220912.015   -13.816     0.00    0.00
 221286.055   -13.816     0.00    0.00
 221660.077   -13.816     0.00    0.00
 222034.083   -13.816     0.00    0.00
 222408.071   -13.816     0.00    0.00
 222782.042   -13.816     0.00    0.00
 223155.996   -13.816     0.00    0.00
 223529.934   -13.816     0.00    0.00
 223903.854   -13.816     0.00    0.00
 224277.757   -13.816     0.00    0.00
 224651.643   -13.816     0.00    0.00
 225025.511   -13.816     0.00    0.00
 225399.363   -13.816     0.00    0.00
 225773.198   -13.816     0.00    0.00
 226147.016   -13.816     0.00    0.00
 226520.817   -13.816     0.00    0.00
 226894.600   -13.816     0.00    0.00
 227268.367   -13.816     0.00    0.00
 227642.117   -13.816     0.00    0.00
 228015.849   -13.816     0.00    0.00
 228389.565   -13.816     0.00    0.00
 228763.263   -13.816     0.00    0.00
 229136.945   -13.816     0.00    0.00
 229510.610   -13.816     0.00    0.00
 229884.317   -13.816     0.00    0.00
 230261.383   -13.816     0.00    0.00
 230638.432   -13.816     0.00    0.00
 231015.464   -13.816     0.00    0.00
 231392.478   -13.816     0.00    0.00
 231769.475   -13.816     0.00    0.00
 232146.455   -13.816     0.00    0.00
 232523.417   -13.816     0.00    0.00
 232900.362   -13.816     0.00    0.00
 233277.290   -13.816     0.00    0.00
 233654.201   -13.816     0.00    0.00
 234031.094   -13.816     0.00    0.00
 234407.970   -13.816     0.00    0.00
 234784.828   -13.816     0.00    0.00
 235161.670   -13.816     0.00    0.00
 235538.494   -13.816     0.00    0.00
 235915.301   -13.816     0.00    0.00
 236292.090   -13.816     0.00    0.00
 236668.863   -13.816     0.00    0.00
 237045.618   -13.816     0.00    0.00
 237422.356   -13.816     0.00    0.00
 237799.076   -13.816     0.00    0.00
 238175.780   -13.816     0.00    0.00
 238552.466   -13.816     0.00    0.00
 238929.135   -13.816     0.00    0.00
 239305.786   -13.816     0.00    0.00
 239682.421   -13.816     0.00    0.00
 240059.038   -13.816     0.00    0.00
 240435.638   -13.816     0.00    0.00
 240812.221   -13.816     0.00    0.00
 241188.786   -13.816     0.00    0.00
 241565.335   -13.816     0.00    0.00
 241941.866   -13.816     0.00    0.00
 242318.380   -13.816     0.00    0.00
 242694.877   -13.816     0.00    0.00
 243071.356   -13.816     0.00    0.00
 243447.819   -13.816     0.00    0.00
 243824.264   -13.816     0.00    0.00
 244200.692   -13.816     0.00    0.00
 244577.103   -13.816     0.00    0.00
 244953.497   -13.816     0.00    0.00
 245329.873   -13.816     0.00    0.00
 245706.233   -13.816     0.00    0.00
 246082.575   -13.816     0.00    0.00
 246458.900   -13.816     0.00    0.00
 246835.208   -13.816     0.00    0.00
 247211.499   -13.816     0.00    0.00
 247587.773   -13.816     0.00    0.00
 247964.029   -13.816     0.00    0.00
 248340.269   -13.816     0.00    0.00
 248716.491   -13.816     0.00    0.00
 249092.696   -13.816     0.00    0.00
 249468.884   -13.816     0.00    0.00
 249845.055   -13.816     0.00    0.00
 250221.209   -13.816     0.00    0.00
 250597.346   -13.816     0.00    0.00
 250973.466   -13.816     0.00    0.00
 251349.569   -13.816     0.00    0.00
 251725.654   -13.816     0.00    0.00
 252101.723   -13.816     0.00    0.00
 252477.774   -13.816     0.00    0.00
 252853.808   -13.816     0.00    0.00
 253229.825   -13.816     0.00    0.00
