-263454.578    -1.245     0.00    0.00
-263079.131    -1.245     0.00    0.00
-262703.669    -1.245     0.00    0.00
-262328.192    -1.245     0.00    0.00
-261952.699    -1.245     0.00    0.00
-261577.190    -1.245     0.00    0.00
-261201.666    -1.245     0.00    0.00
-260826.126    -1.245     0.00    0.00
-260450.571    -1.245     0.00    0.00
-260075.001    -1.245     0.00    0.00
-259699.415    -1.245     0.00    0.00
-259323.813    -1.245     0.00    0.00
-258948.196    -1.245     0.00    0.00
-258572.563    -1.245     0.00    0.00
-258196.915    -1.245     0.00    0.00
-257821.251    -1.245     0.00    0.00
-257445.571    -1.245     0.00    0.00
-257069.876    -1.245     0.00    0.00
-256694.166    -1.245     0.00    0.00
-256318.440    -1.245     0.00    0.00
-255942.698    -1.245     0.00    0.00
-255566.941    -1.245     0.00    0.00
-255191.168    -1.245     0.00    0.00
-254815.380    -1.245     0.00    0.00
-254439.576    -1.245     0.00    0.00
-254063.756    -1.245     0.00    0.00
-253687.921    -1.245     0.00    0.00
-253312.070    -1.245     0.00    0.00
-252936.204    -1.245     0.00    0.00
-252560.322    -1.245     0.00    0.00
-252184.425    -1.245     0.00    0.00
-251808.511    -1.245     0.00    0.00
-251432.583    -1.245     0.00    0.00
-251056.638    -1.245     0.00    0.00
-250680.678    -1.245     0.00    0.00
-250304.702    -1.245     0.00    0.00
-249928.711    -1.245     0.00    0.00
-249552.704    -1.245     0.00    0.00
-249176.682    -1.245     0.00    0.00
-248800.644    -1.245     0.00    0.00
-248424.590    -1.245     0.00    0.00
-248048.520    -1.245     0.00    0.00
-247672.435    -1.245     0.00    0.00
-247296.334    -1.245     0.00    0.00
-246920.218    -1.245     0.00    0.00
-246544.086    -1.245     0.00    0.00
-246167.938    -1.245     0.00    0.00
-245791.775    -1.245     0.00    0.00
-245415.595    -1.245     0.00    0.00
-245039.401    -1.245     0.00    0.00
-244663.190    -1.245     0.00    0.00
-244286.964    -1.245     0.00    0.00
-243910.722    -1.245     0.00    0.00
-243534.464    -1.245     0.00    0.00
-243158.191    -1.245     0.00    0.00
-242781.902    -1.245     0.00    0.00
-242405.598    -1.245     0.00    0.00
-242029.277    -1.245     0.00    0.00
-241652.941    -1.245     0.00    0.00
-241276.589    -1.245     0.00    0.00
-240900.222    -1.245     0.00    0.00
-240523.838    -1.245     0.00    0.00
-240147.439    -1.245     0.00    0.00
-239771.025    -1.245     0.00    0.00
-239394.594    -1.245     0.00    0.00
-239018.148    -1.245     0.00    0.00
-238641.686    -1.245     0.00    0.00
-238265.208    -1.245     0.00    0.00
-237888.715    -1.245     0.00    0.00
-237512.206    -1.245     0.00    0.00
-237135.681    -1.245     0.00    0.00
-236759.140    -1.245     0.00    0.00
-236382.583    -1.245     0.00    0.00
-236006.011    -1.245     0.00    0.00
-235629.423    -1.245     0.00    0.00
-235252.819    -1.245     0.00    0.00
-234876.200    -1.245     0.00    0.00
-234499.564    -1.245     0.00    0.00
-234122.913    -1.245     0.00    0.00
-233746.246    -1.245     0.00    0.00
-233369.563    -1.245     0.00    0.00
-232992.865    -1.245     0.00    0.00
-232616.150    -1.245     0.00    0.00
-232239.420    -1.245     0.00    0.00
-231862.674    -1.245     0.00    0.00
-231485.912    -1.245     0.00    0.00
-231109.134    -1.245     0.00    0.00
-230732.341    -1.245     0.00    0.00
-230355.532    -1.245     0.00    0.00
-229978.707    -1.245     0.00    0.00
-229601.866    -1.245     0.00    0.00
-229225.009    -1.245     0.00    0.00
-228848.136    -1.245     0.00    0.00
-228471.247    -1.245     0.00    0.00
-228094.343    -1.245     0.00    0.00
-227717.423    -1.245     0.00    0.00
-227340.487    -1.245     0.00    0.00
-226963.535    -1.245     0.00    0.00
-226586.567    -1.245     0.00    0.00
-226209.583    -1.245     0.00    0.00
-225832.584    -1.245     0.00    0.00
-225455.568    -1.245     0.00    0.00
-225080.320    -1.245     0.00    0.00
-224706.430    -1.245     0.00    0.00
-224332.525    -1.245     0.00    0.00
-223958.604    -1.245     0.00    0.00
-223584.667    -1.245     0.00    0.00
-223210.715    -1.245     0.00    0.00
-222836.747    -1.245     0.00    0.00
-222462.763    -1.245     0.00    0.00
-222088.764    -1.245     0.00    0.00
-221714.749    -1.245     0.00    0.00
-221340.719    -1.245     0.00    0.00
-220966.673    -1.245     0.00    0.00
-220592.611    -1.245     0.00    0.00
-220218.533    -1.245     0.00    0.00
-219844.440    -1.245     0.00    0.00
-219470.331    -1.245     0.00    0.00
-219096.207    -1.245     0.00    0.00
-218722.067    -1.245     0.00    0.00
-218347.911    -1.245     0.00    0.00
-217973.740    -1.245     0.00    0.00
-217599.553    -1.245     0.00    0.00
-217225.350    -1.245     0.00    0.00
-216851.131    -1.245     0.00    0.00
-216476.897    -1.245     0.00    0.00
-216102.647    -1.245     0.00    0.00
-215728.382    -1.245     0.00    0.00
-215354.101    -1.245     0.00    0.00
-214979.804    -1.245     0.00    0.00
-214605.491    -1.245     0.00    0.00
-214231.162    -1.245     0.00    0.00
-213856.818    -1.245     0.00    0.00
-213482.459    -1.245     0.00    0.00
-213108.083    -1.245     0.00    0.00
-212733.692    -1.245     0.00    0.00
-212359.285    -1.245     0.00    0.00
-211984.862    -1.245     0.00    0.00
-211610.423    -1.245     0.00    0.00
-211235.969    -1.245     0.00    0.00
-210861.499    -1.245     0.00    0.00
-210487.013    -1.245     0.00    0.00
-210112.512    -1.245     0.00    0.00
-209737.995    -1.245     0.00    0.00
-209363.462    -1.245     0.00    0.00
-208988.913    -1.245     0.00    0.00
-208614.348    -1.245     0.00    0.00
-208239.768    -1.245     0.00    0.00
-207865.172    -1.245     0.00    0.00
-207490.560    -1.245     0.00    0.00
-207115.932    -1.245     0.00    0.00
-206741.289    -1.245     0.00    0.00
-206366.629    -1.245     0.00    0.00
-205991.954    -1.245     0.00    0.00
-205617.263    -1.245     0.00    0.00
-205242.557    -1.245     0.00    0.00
-204867.834    -1.245     0.00    0.00
-204493.096    -1.245     0.00    0.00
-204118.342    -1.245     0.00    0.00
-203743.572    -1.245     0.00    0.00
-203368.786    -1.245     0.00    0.00
-202993.985    -1.245     0.00    0.00
-202619.167    -1.245     0.00    0.00
-202244.334    -1.245     0.00    0.00
-201869.485    -1.245     0.00    0.00
-201494.620    -1.245     0.00    0.00
-201119.739    -1.245     0.00    0.00
-200744.842    -1.245     0.00    0.00
-200369.930    -1.245     0.00    0.00
-199995.001    -1.245     0.00    0.00
-199620.057    -1.245     0.00    0.00
-199245.097    -1.245     0.00    0.00
-198870.121    -1.245     0.00    0.00
-198495.129    -1.245     0.00    0.00
-198120.121    -1.245     0.00    0.00
-197745.098    -1.245     0.00    0.00
-197370.058    -1.245     0.00    0.00
-196995.003    -1.245     0.00    0.00
-196619.932    -1.245     0.00    0.00
-196244.844    -1.245     0.00    0.00
-195869.741    -1.245     0.00    0.00
-195494.622    -1.245     0.00    0.00
-195119.487    -1.245     0.00    0.00
-194744.337    -1.245     0.00    0.00
-194369.170    -1.245     0.00    0.00
-193993.987    -1.245     0.00    0.00
-193618.789    -1.245     0.00    0.00
-193243.574    -1.245     0.00    0.00
-192868.344    -1.245     0.00    0.00
-192493.097    -1.245     0.00    0.00
-192117.835    -1.245     0.00    0.00
-191742.557    -1.245     0.00    0.00
-191367.262    -1.245     0.00    0.00
-190991.952    -1.245     0.00    0.00
-190616.626    -1.245     0.00    0.00
-190241.284    -1.245     0.00    0.00
-189865.926    -1.245     0.00    0.00
-189490.552    -1.245     0.00    0.00
-189115.162    -1.245     0.00    0.00
-188739.756    -1.245     0.00    0.00
-188364.334    -1.245     0.00    0.00
-187988.896    -1.245     0.00    0.00
-187613.442    -1.245     0.00    0.00
-187237.972    -1.245     0.00    0.00
-186862.486    -1.245     0.00    0.00
-186486.984    -1.245     0.00    0.00
-186111.466    -1.245     0.00    0.00
-185735.932    -1.245     0.00    0.00
-185360.382    -1.245     0.00    0.00
-184984.816    -1.245     0.00    0.00
-184609.234    -1.245     0.00    0.00
-184233.636    -1.245     0.00    0.00
-183858.022    -1.245     0.00    0.00
-183482.392    -1.245     0.00    0.00
-183106.746    -1.245     0.00    0.00
-182731.084    -1.245     0.00    0.00
-182355.405    -1.245     0.00    0.00
-181979.711    -1.245     0.00    0.00
-181604.001    -1.245     0.00    0.00
-181228.275    -1.245     0.00    0.00
-180852.532    -1.245     0.00    0.00
-180476.774    -1.245     0.00    0.00
-180100.999    -1.245     0.00    0.00
-179725.208    -1.245     0.00    0.00
-179349.402    -1.245     0.00    0.00
-178973.579    -1.245     0.00    0.00
-178597.740    -1.245     0.00    0.00
-178221.885    -1.245     0.00    0.00
-177846.014    -1.245     0.00    0.00
-177470.127    -1.245     0.00    0.00
-177094.224    -1.245     0.00    0.00
-176718.304    -1.245     0.00    0.00
-176342.369    -1.245     0.00    0.00
-175966.417    -1.245     0.00    0.00
-175590.450    -1.245     0.00    0.00
-175214.466    -1.245     0.00    0.00
-174838.466    -1.245     0.00    0.00
-174462.450    -1.245     0.00    0.00
-174086.418    -1.245     0.00    0.00
-173710.370    -1.245     0.00    0.00
-173334.305    -1.245     0.00    0.00
-172958.225    -1.245     0.00    0.00
-172582.128    -1.245     0.00    0.00
-172206.015    -1.245     0.00    0.00
-171829.886    -1.245     0.00    0.00
-171453.741    -1.245     0.00    0.00
-171077.579    -1.245     0.00    0.00
-170701.402    -1.245     0.00    0.00
-170325.208    -1.245     0.00    0.00
-169948.998    -1.245     0.00    0.00
-169572.772    -1.245     0.00    0.00
-169196.530    -1.245     0.00    0.00
-168820.272    -1.245     0.00    0.00
-168443.997    -1.245     0.00    0.00
-168067.706    -1.245     0.00    0.00
-167691.399    -1.245     0.00    0.00
-167315.076    -1.245     0.00    0.00
-166938.737    -1.245     0.00    0.00
-166562.381    -1.245     0.00    0.00
-166186.009    -1.245     0.00    0.00
-165809.621    -1.245     0.00    0.00
-165433.217    -1.245     0.00    0.00
-165056.796    -1.245     0.00    0.00
-164680.360    -1.245     0.00    0.00
-164303.907    -1.245     0.00    0.00
-163927.437    -1.245     0.00    0.00
-163550.952    -1.245     0.00    0.00
-163174.450    -1.245     0.00    0.00
-162797.932    -1.245     0.00    0.00
-162421.398    -1.245     0.00    0.00
-162044.848    -1.245     0.00    0.00
-161668.281    -1.245     0.00    0.00
-161291.698    -1.245     0.00    0.00
-160915.099    -1.245     0.00    0.00
-160538.483    -1.245     0.00    0.00
-160161.852    -1.245     0.00    0.00
-159785.203    -1.245     0.00    0.00
-159408.539    -1.245     0.00    0.00
-159031.858    -1.245     0.00    0.00
-158655.161    -1.245     0.00    0.00
-158278.448    -1.245     0.00    0.00
-157901.719    -1.245     0.00    0.00
-157524.973    -1.245     0.00    0.00
-157148.211    -1.245     0.00    0.00
-156771.432    -1.245     0.00    0.00
-156394.637    -1.245     0.00    0.00
-156017.826    -1.245     0.00    0.00
-155640.999    -1.245     0.00    0.00
-155264.155    -1.245     0.00    0.00
-154887.295    -1.245     0.00    0.00
-154510.419    -1.245     0.00    0.00
-154133.526    -1.245     0.00    0.00
-153756.617    -1.245     0.00    0.00
-153379.691    -1.245     0.00    0.00
-153002.749    -1.245     0.00    0.00
-152625.791    -1.245     0.00    0.00
-152248.817    -1.245     0.00    0.00
-151871.826    -1.245     0.00    0.00
-151494.818    -1.245     0.00    0.00
-151117.795    -1.245     0.00    0.00
-150740.755    -1.245     0.00    0.00
-150363.698    -1.245     0.00    0.00
-149988.874    -1.245     0.00    0.00
-149615.041    -1.245     0.00    0.00
-149241.192    -1.245     0.00    0.00
-148867.327    -1.245     0.00    0.00
-148493.446    -1.245     0.00    0.00
-148119.549    -1.245     0.00    0.00
-147745.635    -1.245     0.00    0.00
-147371.705    -1.245     0.00    0.00
-146997.760    -1.245     0.00    0.00
-146623.798    -1.245     0.00    0.00
-146249.820    -1.245     0.00    0.00
-145875.826    -1.245     0.00    0.00
-145501.816    -1.245     0.00    0.00
-145127.789    -1.245     0.00    0.00
-144753.747    -1.245     0.00    0.00
-144379.688    -1.245     0.00    0.00
-144005.613    -1.245     0.00    0.00
-143631.522    -1.245     0.00    0.00
-143257.415    -1.245     0.00    0.00
-142883.292    -1.245     0.00    0.00
-142509.153    -1.245     0.00    0.00
-142134.997    -1.245     0.00    0.00
-141760.825    -1.245     0.00    0.00
-141386.637    -1.245     0.00    0.00
-141012.433    -1.245     0.00    0.00
-140638.213    -1.245     0.00    0.00
-140263.976    -1.245     0.00    0.00
-139889.723    -1.245     0.00    0.00
-139515.455    -1.245     0.00    0.00
-139141.169    -1.245     0.00    0.00
-138766.868    -1.245     0.00    0.00
-138392.551    -1.245     0.00    0.00
-138018.217    -1.245     0.00    0.00
-137643.867    -1.245     0.00    0.00
-137269.501    -1.245     0.00    0.00
-136895.118    -1.245     0.00    0.00
-136520.720    -1.245     0.00    0.00
-136146.305    -1.245     0.00    0.00
-135771.874    -1.245     0.00    0.00
-135397.426    -1.245     0.00    0.00
-135022.963    -1.245     0.00    0.00
-134648.483    -1.245     0.00    0.00
-134273.987    -1.245     0.00    0.00
-133899.475    -1.245     0.00    0.00
-133524.946    -1.245     0.00    0.00
-133150.401    -1.245     0.00    0.00
-132775.840    -1.245     0.00    0.00
-132401.262    -1.245     0.00    0.00
-132026.669    -1.245     0.00    0.00
-131652.059    -1.245     0.00    0.00
-131277.433    -1.245     0.00    0.00
-130902.790    -1.245     0.00    0.00
-130528.131    -1.245     0.00    0.00
-130153.456    -1.245     0.00    0.00
-129778.765    -1.245     0.00    0.00
-129404.057    -1.245     0.00    0.00
-129029.333    -1.245     0.00    0.00
-128654.592    -1.245     0.00    0.00
-128279.836    -1.245     0.00    0.00
-127905.063    -1.245     0.00    0.00
-127530.273    -1.245     0.00    0.00
-127155.468    -1.245     0.00    0.00
-126780.646    -1.245     0.00    0.00
-126405.807    -1.245     0.00    0.00
-126030.953    -1.245     0.00    0.00
-125656.082    -1.245     0.00    0.00
-125281.194    -1.245     0.00    0.00
-124906.291    -1.245     0.00    0.00
-124531.371    -1.245     0.00    0.00
-124156.434    -1.245     0.00    0.00
-123781.481    -1.245     0.00    0.00
-123406.512    -1.245     0.00    0.00
-123031.527    -1.245     0.00    0.00
-122656.525    -1.245     0.00    0.00
-122281.507    -1.245     0.00    0.00
-121906.472    -1.245     0.00    0.00
-121531.421    -1.245     0.00    0.00
-121156.353    -1.245     0.00    0.00
-120781.269    -1.245     0.00    0.00
-120406.169    -1.245     0.00    0.00
-120031.053    -1.245     0.00    0.00
-119655.920    -1.245     0.00    0.00
-119280.770    -1.245     0.00    0.00
-118905.604    -1.245     0.00    0.00
-118530.422    -1.245     0.00    0.00
-118155.223    -1.245     0.00    0.00
-117780.008    -1.245     0.00    0.00
-117404.776    -1.245     0.00    0.00
-117029.528    -1.245     0.00    0.00
-116654.264    -1.245     0.00    0.00
-116278.983    -1.245     0.00    0.00
-115903.685    -1.245     0.00    0.00
-115528.372    -1.245     0.00    0.00
-115153.041    -1.245     0.00    0.00
-114777.695    -1.245     0.00    0.00
-114402.331    -1.245     0.00    0.00
-114026.952    -1.245     0.00    0.00
-113651.555    -1.245     0.00    0.00
-113276.143    -1.245     0.00    0.00
-112900.714    -1.245     0.00    0.00
-112525.268    -1.245     0.00    0.00
-112149.806    -1.245     0.00    0.00
-111774.327    -1.245     0.00    0.00
-111398.832    -1.245     0.00    0.00
-111023.321    -1.245     0.00    0.00
-110647.793    -1.245     0.00    0.00
-110272.248    -1.245     0.00    0.00
-109896.687    -1.245     0.00    0.00
-109521.109    -1.245     0.00    0.00
-109145.515    -1.245     0.00    0.00
-108769.904    -1.245     0.00    0.00
-108394.277    -1.245     0.00    0.00
-108018.633    -1.245     0.00    0.00
-107642.973    -1.245     0.00    0.00
-107267.296    -1.245     0.00    0.00
-106891.603    -1.245     0.00    0.00
-106515.893    -1.245     0.00    0.00
-106140.167    -1.245     0.00    0.00
-105764.423    -1.245     0.00    0.00
-105388.664    -1.245     0.00    0.00
-105012.888    -1.245     0.00    0.00
-104637.095    -1.245     0.00    0.00
-104261.286    -1.245     0.00    0.00
-103885.460    -1.245     0.00    0.00
-103509.617    -1.245     0.00    0.00
-103133.758    -1.245     0.00    0.00
-102757.883    -1.245     0.00    0.00
-102381.990    -1.245     0.00    0.00
-102006.081    -1.245     0.00    0.00
-101630.156    -1.245     0.00    0.00
-101254.214    -1.245     0.00    0.00
-100878.255    -1.245     0.00    0.00
-100502.280    -1.245     0.00    0.00
-100126.288    -1.245     0.00    0.00
 -99750.279    -1.245     0.00    0.00
 -99374.254    -1.245     0.00    0.00
 -98998.212    -1.245     0.00    0.00
 -98622.154    -1.245     0.00    0.00
 -98246.079    -1.245     0.00    0.00
 -97869.987    -1.245     0.00    0.00
 -97493.879    -1.245     0.00    0.00
 -97117.754    -1.245     0.00    0.00
 -96741.612    -1.245     0.00    0.00
 -96365.454    -1.245     0.00    0.00
 -95989.279    -1.245     0.00    0.00
 -95613.087    -1.245     0.00    0.00
 -95236.879    -1.245     0.00    0.00
 -94860.654    -1.245     0.00    0.00
 -94484.412    -1.245     0.00    0.00
 -94108.154    -1.245     0.00    0.00
 -93731.879    -1.245     0.00    0.00
 -93355.587    -1.245     0.00    0.00
 -92979.278    -1.245     0.00    0.00
 -92602.953    -1.245     0.00    0.00
 -92226.611    -1.245     0.00    0.00
 -91850.253    -1.245     0.00    0.00
 -91473.877    -1.245     0.00    0.00
 -91097.485    -1.245     0.00    0.00
 -90721.077    -1.245     0.00    0.00
 -90344.651    -1.245     0.00    0.00
 -89968.209    -1.245     0.00    0.00
 -89591.750    -1.245     0.00    0.00
 -89215.274    -1.245     0.00    0.00
 -88838.782    -1.245     0.00    0.00
 -88462.273    -1.245     0.00    0.00
 -88085.747    -1.245     0.00    0.00
 -87709.204    -1.245     0.00    0.00
 -87332.645    -1.245     0.00    0.00
 -86956.068    -1.245     0.00    0.00
 -86579.476    -1.245     0.00    0.00
 -86202.866    -1.245     0.00    0.00
 -85826.239    -1.245     0.00    0.00
 -85449.596    -1.245     0.00    0.00
 -85072.936    -1.245     0.00    0.00
 -84696.259    -1.245     0.00    0.00
 -84319.565    -1.245     0.00    0.00
 -83942.855    -1.245     0.00    0.00
 -83566.128    -1.245     0.00    0.00
 -83189.384    -1.245     0.00    0.00
 -82812.623    -1.245     0.00    0.00
 -82435.845    -1.245     0.00    0.00
 -82059.050    -1.245     0.00    0.00
 -81682.239    -1.245     0.00    0.00
 -81305.411    -1.245     0.00    0.00
 -80928.566    -1.245     0.00    0.00
 -80551.704    -1.245     0.00    0.00
 -80174.826    -1.245     0.00    0.00
 -79797.930    -1.245     0.00    0.00
 -79421.018    -1.245     0.00    0.00
 -79044.088    -1.245     0.00    0.00
 -78667.142    -1.245     0.00    0.00
 -78290.179    -1.245     0.00    0.00
 -77913.200    -1.245     0.00    0.00
 -77536.203    -1.245     0.00    0.00
 -77159.190    -1.245     0.00    0.00
 -76782.159    -1.245     0.00    0.00
 -76405.112    -1.245     0.00    0.00
 -76028.048    -1.245     0.00    0.00
 -75650.967    -1.245     0.00    0.00
 -75273.869    -1.245     0.00    0.00
 -74899.468    -1.245     0.00    0.00
 -74525.689    -1.245     0.00    0.00
 -74151.893    -1.245     0.00    0.00
 -73778.081    -1.245     0.00    0.00
 -73404.252    -1.245     0.00    0.00
 -73030.406    -1.245     0.00    0.00
 -72656.544    -1.245     0.00    0.00
 -72282.665    -1.245     0.00    0.00
 -71908.770    -1.245     0.00    0.00
 -71534.858    -1.245     0.00    0.00
 -71160.929    -1.245     0.00    0.00
 -70786.984    -1.245     0.00    0.00
 -70413.022    -1.245     0.00    0.00
 -70039.043    -1.245     0.00    0.00
 -69665.048    -1.245     0.00    0.00
 -69291.036    -1.245     0.00    0.00
 -68917.008    -1.245     0.00    0.00
 -68542.963    -1.245     0.00    0.00
 -68168.901    -1.245     0.00    0.00
 -67794.823    -1.245     0.00    0.00
 -67420.728    -1.245     0.00    0.00
 -67046.616    -1.245     0.00    0.00
 -66672.488    -1.245     0.00    0.00
 -66298.342    -1.245     0.00    0.00
 -65924.181    -1.245     0.00    0.00
 -65550.002    -1.245     0.00    0.00
 -65175.807    -1.245     0.00    0.00
 -64801.595    -1.245     0.00    0.00
 -64427.367    -1.245     0.00    0.00
 -64053.122    -1.245     0.00    0.00
 -63678.860    -1.245     0.00    0.00
 -63304.581    -1.245     0.00    0.00
 -62930.286    -1.245     0.00    0.00
 -62555.974    -1.245     0.00    0.00
 -62181.645    -1.245     0.00    0.00
 -61807.300    -1.245     0.00    0.00
 -61432.937    -1.245     0.00    0.00
 -61058.559    -1.245     0.00    0.00
 -60684.163    -1.245     0.00    0.00
 -60309.751    -1.245     0.00    0.00
 -59935.321    -1.245     0.00    0.00
 -59560.875    -1.245     0.00    0.00
 -59186.413    -1.245     0.00    0.00
 -58811.933    -1.245     0.00    0.00
 -58437.437    -1.245     0.00    0.00
 -58062.924    -1.245     0.00    0.00
 -57688.395    -1.245     0.00    0.00
 -57313.848    -1.245     0.00    0.00
 -56939.285    -1.245     0.00    0.00
 -56564.705    -1.245     0.00    0.00
 -56190.108    -1.245     0.00    0.00
 -55815.495    -1.245     0.00    0.00
 -55440.864    -1.245     0.00    0.00
 -55066.217    -1.245     0.00    0.00
 -54691.553    -1.245     0.00    0.00
 -54316.872    -1.245     0.00    0.00
 -53942.175    -1.245     0.00    0.00
 -53567.460    -1.245     0.00    0.00
 -53192.729    -1.245     0.00    0.00
 -52817.981    -1.245     0.00    0.00
 -52443.216    -1.245     0.00    0.00
 -52068.435    -1.245     0.00    0.00
 -51693.636    -1.245     0.00    0.00
 -51318.821    -1.245     0.00    0.00
 -50943.989    -1.245     0.00    0.00
 -50569.140    -1.245     0.00    0.00
 -50194.274    -1.245     0.00    0.00
 -49819.391    -1.245     0.00    0.00
 -49444.491    -1.245     0.00    0.00
 -49069.575    -1.245     0.00    0.00
 -48694.642    -1.245     0.00    0.00
 -48319.691    -1.245     0.00    0.00
 -47944.724    -1.245     0.00    0.00
 -47569.740    -1.245     0.00    0.00
 -47194.739    -1.245     0.00    0.00
 -46819.722    -1.245     0.00    0.00
 -46444.687    -1.245     0.00    0.00
 -46069.636    -1.245     0.00    0.00
 -45694.567    -1.245     0.00    0.00
 -45319.482    -1.245     0.00    0.00
 -44944.380    -1.245     0.00    0.00
 -44569.261    -1.245     0.00    0.00
 -44194.124    -1.245     0.00    0.00
 -43818.972    -1.245     0.00    0.00
 -43443.802    -1.245     0.00    0.00
 -43068.615    -1.245     0.00    0.00
 -42693.411    -1.245     0.00    0.00
 -42318.190    -1.245     0.00    0.00
 -41942.953    -1.245     0.00    0.00
 -41567.698    -1.245     0.00    0.00
 -41192.427    -1.245     0.00    0.00
 -40817.138    -1.245     0.00    0.00
 -40441.833    -1.245     0.00    0.00
 -40066.510    -1.245     0.00    0.00
 -39691.171    -1.245     0.00    0.00
 -39315.815    -1.245     0.00    0.00
 -38940.441    -1.245     0.00    0.00
 -38565.051    -1.245     0.00    0.00
 -38189.644    -1.245     0.00    0.00
 -37814.219    -1.245     0.00    0.00
 -37438.778    -1.245     0.00    0.00
 -37063.320    -1.245     0.00    0.00
 -36687.845    -1.245     0.00    0.00
 -36312.352    -1.245     0.00    0.00
 -35936.843    -1.245     0.00    0.00
 -35561.317    -1.245     0.00    0.00
 -35185.773    -1.245     0.00    0.00
 -34810.213    -1.245     0.00    0.00
 -34434.636    -1.245     0.00    0.00
 -34059.041    -1.245     0.00    0.00
 -33683.430    -1.245     0.00    0.00
 -33307.802    -1.245     0.00    0.00
 -32932.156    -1.201     0.12    0.30
 -32556.494    -1.018     0.49    0.64
 -32180.814    -0.650     0.98    0.91
 -31805.117    -0.336     0.84    1.05
 -31429.404     0.114     1.20    1.04
 -31053.673     0.528     1.10    1.60
 -30677.925     0.732     0.54    1.58
 -30302.160     0.871     0.37    1.61
 -29926.378     0.937     0.17    1.65
 -29550.579     1.096     0.42    1.26
 -29174.763     1.255     0.42    1.27
 -28798.930     0.934    -0.85    1.27
 -28423.079     0.639    -0.79    1.07
 -28047.212     0.232    -1.08    0.95
 -27671.327    -0.175    -1.08    0.80
 -27295.426    -0.336    -0.43    0.80
 -26919.507    -0.535    -0.53    0.69
 -26543.571    -0.563    -0.08    0.71
 -26167.618    -0.594    -0.08    0.75
 -25791.648    -0.791    -0.52    0.73
 -25415.661    -0.972    -0.48    0.62
 -25039.657    -1.196    -0.60    0.31
 -24663.635    -1.245    -0.13    0.00
 -24287.597    -1.245     0.00    0.00
 -23911.541    -1.245     0.00    0.00
 -23535.468    -1.222     0.06    0.15
 -23159.378    -1.199     0.06    0.21
 -22783.271    -1.177     0.06    0.25
 -22407.146    -1.245    -0.18    0.00
 -22031.005    -1.245     0.00    0.00
 -21654.846    -1.245     0.00    0.00
 -21278.670    -1.245     0.00    0.00
 -20902.477    -1.245     0.00    0.00
 -20526.267    -1.245     0.00    0.00
 -20150.039    -1.245     0.00    0.00
 -19773.795    -1.245     0.00    0.00
 -19397.533    -1.177     0.18    0.25
 -19021.254    -0.943     0.62    0.56
 -18644.958    -0.495     1.19    1.06
 -18268.644    -0.336     0.42    1.16
 -17892.314    -0.395    -0.16    1.23
 -17515.966    -0.313     0.22    1.47
 -17139.601    -0.495    -0.48    1.45
 -16763.218    -0.150     0.92    1.61
 -16386.819    -0.245    -0.25    1.53
 -16010.402    -0.293    -0.13    1.45
 -15633.968    -0.404    -0.30    1.20
 -15257.517    -0.123     0.75    1.25
 -14881.048    -0.041     0.22    1.13
 -14504.563     0.255     0.78    0.97
 -14128.060     0.528     0.72    0.99
 -13751.540     0.874     0.92    1.17
 -13375.002     0.855    -0.05    1.52
 -12998.447     0.482    -0.99    1.50
 -12621.875    -0.007    -1.30    1.12
 -12245.286     0.112     0.32    1.10
 -11868.679     0.528     1.10    1.46
 -11492.055     0.778     0.67    1.49
 -11115.414     0.422    -0.95    1.07
 -10738.756     0.184    -0.63    0.80
 -10362.080     0.255     0.19    0.93
  -9985.387     0.360     0.28    0.93
  -9608.677     0.300    -0.16    1.00
  -9231.949     0.290    -0.03    1.12
  -8855.204     0.136    -0.41    1.59
  -8478.442     0.005    -0.35    1.63
  -8101.662    -0.082    -0.23    1.72
  -7724.865    -0.109    -0.07    1.44
  -7348.051     0.174     0.75    2.01
  -6971.219     0.662     1.30    2.20
  -6594.370     0.959     0.79    2.13
  -6217.504     0.569    -1.04    2.07
  -5840.620     0.133    -1.16    1.45
  -5463.719    -0.036    -0.45    1.36
  -5086.801    -0.290    -0.67    1.13
  -4709.865    -0.129     0.43    1.12
  -4332.912    -0.102     0.07    0.98
  -3955.942    -0.336    -0.62    0.80
  -3578.954    -0.268     0.18    1.03
  -3201.949    -0.177     0.24    1.02
  -2824.926    -0.291    -0.30    0.91
  -2447.886    -0.291     0.00    1.46
  -2070.829    -0.291     0.00    1.45
  -1693.754    -0.404    -0.30    1.45
  -1316.662    -0.472    -0.18    1.38
   -939.552    -0.336     0.36    1.07
   -562.425    -0.408    -0.19    0.92
   -185.281    -0.063     0.91    0.95
    188.690     0.155     0.58    0.94
    562.411     0.255     0.27    0.90
    936.149     0.336     0.22    0.85
   1309.905     0.197    -0.37    0.85
   1683.677     0.459     0.70    1.59
   2057.466     0.573     0.30    1.57
   2431.273     0.657     0.23    1.61
   2805.096     0.732     0.20    1.64
   3178.937     0.592    -0.37    1.04
   3552.795     0.732     0.37    1.20
   3926.670     0.848     0.31    1.46
   4300.562     0.569    -0.75    1.50
   4674.471    -0.036    -1.62    1.47
   5048.397     0.064     0.27    1.39
   5422.341    -0.200    -0.71    0.81
   5796.301     0.141     0.91    0.87
   6170.279     0.459     0.85    0.76
   6544.274     0.687     0.61    1.00
   6918.286     0.800     0.30    0.91
   7292.315     0.709    -0.24    0.94
   7666.362     0.573    -0.36    1.06
   8040.425     0.160    -1.11    0.86
   8414.506    -0.200    -0.96    0.91
   8788.604    -0.586    -1.03    0.91
   9162.719    -0.972    -1.03    0.62
   9536.851    -1.154    -0.49    0.36
   9911.001    -1.245    -0.24    0.00
  10285.167    -1.245     0.00    0.00
  10659.351    -1.245     0.00    0.00
  11033.552    -1.245     0.00    0.00
  11407.770    -1.245     0.00    0.00
  11782.006    -1.245     0.00    0.00
  12156.259    -1.245     0.00    0.00
  12530.529    -1.245     0.00    0.00
  12904.816    -1.245     0.00    0.00
  13279.120    -1.245     0.00    0.00
  13653.442    -1.245     0.00    0.00
  14027.780    -1.245     0.00    0.00
  14402.136    -1.245     0.00    0.00
  14776.510    -1.245     0.00    0.00
  15150.900    -1.245     0.00    0.00
  15525.308    -1.245     0.00    0.00
  15899.733    -1.245     0.00    0.00
  16274.175    -1.245     0.00    0.00
  16648.635    -1.245     0.00    0.00
  17023.112    -1.245     0.00    0.00
  17397.606    -1.245     0.00    0.00
  17772.117    -1.245     0.00    0.00
  18146.646    -1.245     0.00    0.00
  18521.192    -1.245     0.00    0.00
  18895.755    -1.245     0.00    0.00
  19270.336    -1.245     0.00    0.00
  19644.934    -1.245     0.00    0.00
  20019.549    -1.245     0.00    0.00
  20394.181    -1.245     0.00    0.00
  20768.831    -1.245     0.00    0.00
  21143.498    -1.245     0.00    0.00
  21518.183    -1.245     0.00    0.00
  21892.884    -1.245     0.00    0.00
  22267.604    -1.245     0.00    0.00
  22642.340    -1.245     0.00    0.00
  23017.094    -1.245     0.00    0.00
  23391.865    -1.245     0.00    0.00
  23766.653    -1.245     0.00    0.00
  24141.459    -1.245     0.00    0.00
  24516.282    -1.245     0.00    0.00
  24891.123    -1.245     0.00    0.00
  25265.981    -1.245     0.00    0.00
  25640.856    -1.245     0.00    0.00
  26015.748    -1.245     0.00    0.00
  26390.658    -1.245     0.00    0.00
  26765.586    -1.245     0.00    0.00
  27140.531    -1.245     0.00    0.00
  27515.493    -1.245     0.00    0.00
  27890.472    -1.245     0.00    0.00
  28265.469    -1.245     0.00    0.00
  28640.483    -1.245     0.00    0.00
  29015.515    -1.245     0.00    0.00
  29390.564    -1.245     0.00    0.00
  29765.631    -1.245     0.00    0.00
  30140.715    -1.245     0.00    0.00
  30515.816    -1.245     0.00    0.00
  30890.935    -1.245     0.00    0.00
  31266.071    -1.245     0.00    0.00
  31641.225    -1.245     0.00    0.00
  32016.396    -1.245     0.00    0.00
  32391.585    -1.245     0.00    0.00
  32766.791    -1.245     0.00    0.00
  33142.014    -1.245     0.00    0.00
  33517.255    -1.245     0.00    0.00
  33892.514    -1.245     0.00    0.00
  34267.790    -1.245     0.00    0.00
  34643.083    -1.245     0.00    0.00
  35018.394    -1.245     0.00    0.00
  35393.722    -1.245     0.00    0.00
  35769.068    -1.245     0.00    0.00
  36144.431    -1.245     0.00    0.00
  36519.812    -1.245     0.00    0.00
  36895.210    -1.245     0.00    0.00
  37270.626    -1.245     0.00    0.00
  37646.060    -1.222     0.06    0.15
  38021.510    -0.943     0.74    0.67
  38396.979    -0.722     0.59    0.82
  38772.464    -0.710     0.03    0.83
  39147.968    -0.534     0.47    0.97
  39523.489    -0.388     0.39    1.09
  39899.027    -0.450    -0.16    1.17
  40274.583    -0.472    -0.06    1.18
  40650.157    -0.813    -0.91    1.00
  41025.748    -1.106    -0.78    0.64
  41401.356    -1.245    -0.37    0.00
  41776.982    -1.245     0.00    0.00
  42152.626    -1.245     0.00    0.00
  42528.287    -1.245     0.00    0.00
  42903.966    -1.245     0.00    0.00
  43279.663    -1.245     0.00    0.00
  43655.377    -1.199     0.12    0.30
  44031.108    -1.129     0.19    0.32
  44406.857    -0.972     0.42    0.54
  44782.624    -0.722     0.67    0.76
  45158.408    -0.495     0.60    0.89
  45534.210    -0.336     0.42    1.03
  45910.030     0.028     0.97    1.25
  46285.867     0.290     0.70    1.44
  46661.722    -0.086    -1.00    1.46
  47037.594    -0.049     0.10    1.39
  47413.484     0.323     0.99    1.47
  47789.392     0.577     0.68    1.39
  48165.317     1.011     1.15    1.20
  48541.260     1.546     1.42    1.23
  48917.220     1.874     0.87    1.80
  49293.198     2.187     0.83    2.12
  49669.194     2.533     0.92    2.31
  50045.208     1.918    -1.64    2.00
  50421.239     1.459    -1.22    1.92
  50797.287     1.398    -0.16    2.07
  51173.354     1.119    -0.74    1.82
  51549.438     1.164     0.12    1.57
  51925.540     1.220     0.15    1.47
  52301.659     1.150    -0.19    1.45
  52677.796     1.081    -0.19    1.51
  53053.951     1.199     0.32    1.49
  53430.123     1.445     0.65    1.41
  53806.314     1.429    -0.04    1.19
  54182.521     1.391    -0.10    1.08
  54558.747     1.220    -0.46    1.22
  54934.990     1.104    -0.31    1.36
  55311.251     1.326     0.59    1.47
  55687.530     1.778     1.20    1.69
  56063.826     1.779     0.00    1.87
  56440.141     1.255    -1.39    1.96
  56816.473     1.096    -0.42    1.90
  57192.822     1.170     0.20    1.94
  57569.190     1.596     1.13    1.63
  57945.575     1.755     0.42    1.30
  58321.977     1.755     0.00    1.46
  58698.398     1.569    -0.49    1.42
  59074.836     1.592     0.06    1.59
  59451.293     2.104     1.36    1.66
  59827.766     2.319     0.57    1.60
  60204.258     2.209    -0.29    1.35
  60580.767     2.231     0.06    1.33
  60957.295     2.453     0.59    1.74
  61333.840     2.141    -0.83    1.65
  61710.402     2.127    -0.04    1.45
  62086.983     1.959    -0.44    1.30
  62463.581     2.268     0.82    1.39
  62840.198     2.391     0.33    1.63
  63216.831     2.057    -0.89    1.91
  63593.483     2.005    -0.14    1.86
  63970.153     1.846    -0.42    1.63
  64346.840     2.055     0.56    1.74
  64723.545     1.664    -1.04    1.60
  65100.268     1.609    -0.15    1.67
  65477.009     1.528    -0.21    1.71
  65853.768     1.528     0.00    1.89
  66230.545     1.801     0.73    1.90
  66607.339     2.141     0.90    1.88
  66984.151     2.380     0.63    1.75
  67360.981     2.255    -0.33    1.42
  67737.829     1.732    -1.39    1.73
  68114.695     1.333    -1.06    1.78
  68491.579     1.028    -0.81    1.86
  68868.480     0.707    -0.85    1.74
  69245.400     0.800     0.25    1.67
  69622.337     1.130     0.87    1.53
  69999.292     1.028    -0.27    1.53
  70376.265     0.778    -0.66    1.60
  70753.256     0.871     0.25    1.65
  71130.265     0.822    -0.13    1.48
  71507.292     0.755    -0.18    1.26
  71884.337     0.869     0.30    1.13
  72261.399     0.779    -0.24    1.09
  72638.480     0.564    -0.57    1.11
  73015.578     0.687     0.32    1.32
  73392.695     0.660    -0.07    1.30
  73769.829     0.777     0.31    1.51
  74146.981     0.945     0.45    1.42
  74524.151     1.057     0.30    1.32
  74901.237     1.005    -0.14    1.45
  75274.883     0.888    -0.31    1.41
  75648.547     0.894     0.02    1.47
  76022.229     1.136     0.65    1.58
  76395.928     1.244     0.29    1.60
  76769.645     1.150    -0.25    1.65
  77143.380     1.220     0.19    1.78
  77517.132     1.267     0.12    1.61
  77890.901     1.222    -0.12    1.50
  78264.689     0.825    -1.06    1.72
  78638.493     0.374    -1.21    1.86
  79012.316    -0.201    -1.54    1.82
  79386.156    -1.082    -2.36    0.75
  79760.014    -1.245    -0.44    0.00
  80133.890    -1.245     0.00    0.00
  80507.783    -1.245     0.00    0.00
  80881.693    -1.245     0.00    0.00
  81255.622    -1.245     0.00    0.00
  81629.568    -1.245     0.00    0.00
  82003.532    -1.245     0.00    0.00
  82377.513    -1.245     0.00    0.00
  82751.512    -1.245     0.00    0.00
  83125.529    -1.245     0.00    0.00
  83499.564    -1.245     0.00    0.00
  83873.616    -1.245     0.00    0.00
  84247.686    -1.245     0.00    0.00
  84621.773    -1.245     0.00    0.00
  84995.878    -1.245     0.00    0.00
  85370.001    -1.245     0.00    0.00
  85744.142    -1.245     0.00    0.00
  86118.301    -1.245     0.00    0.00
  86492.477    -1.245     0.00    0.00
  86866.670    -1.245     0.00    0.00
  87240.882    -1.245     0.00    0.00
  87615.111    -1.245     0.00    0.00
  87989.358    -1.245     0.00    0.00
  88363.623    -1.245     0.00    0.00
  88737.906    -1.245     0.00    0.00
  89112.206    -1.245     0.00    0.00
  89486.524    -1.245     0.00    0.00
  89860.860    -1.245     0.00    0.00
  90235.213    -1.245     0.00    0.00
  90609.585    -1.245     0.00    0.00
  90983.974    -1.245     0.00    0.00
  91358.381    -1.245     0.00    0.00
  91732.805    -1.245     0.00    0.00
  92107.248    -1.245     0.00    0.00
  92481.708    -1.245     0.00    0.00
  92856.186    -1.245     0.00    0.00
  93230.682    -1.245     0.00    0.00
  93605.195    -1.245     0.00    0.00
  93979.727    -1.245     0.00    0.00
  94354.276    -1.245     0.00    0.00
  94728.843    -1.177     0.18    0.33
  95103.428    -0.972     0.55    0.54
  95478.031    -0.700     0.73    0.66
  95852.651    -0.586     0.30    0.83
  96227.290    -0.501     0.23    1.26
  96601.946    -0.636    -0.36    1.24
  96976.620    -0.959    -0.86    1.27
  97351.312    -1.154    -0.52    1.33
  97726.022    -0.836     0.85    1.13
  98100.749    -0.631     0.55    1.40
  98475.495    -0.222     1.09    1.50
  98850.258     0.017     0.64    1.15
  99225.039     0.333     0.84    1.08
  99599.838     0.313    -0.05    1.05
  99974.655     0.155    -0.42    0.96
 100349.490     0.220     0.17    1.08
 100724.343     0.399     0.48    1.21
 101099.213     0.732     0.89    1.39
 101474.102     1.017     0.76    1.40
 101849.008     0.955    -0.17    1.47
 102223.933     1.267     0.83    1.88
 102598.875     1.533     0.71    1.88
 102973.835     1.871     0.90    1.92
 103348.813     1.690    -0.48    2.00
 103723.809     1.414    -0.74    2.16
 104098.823     0.964    -1.20    1.88
 104473.855     1.073     0.29    1.91
 104848.905     1.104     0.08    1.84
 105223.972     1.323     0.58    1.95
 105599.058     1.005    -0.85    1.82
 105974.162     0.820    -0.49    1.77
 106349.283     0.800    -0.05    1.79
 106724.423     1.141     0.91    2.57
 107099.580     2.482     3.57    4.38
 107474.756     3.823     3.57    4.89
 107849.949     3.664    -0.42    4.79
 108225.161     2.869    -2.12    3.84
 108600.390     2.278    -1.57    2.82
 108975.637     1.846    -1.15    2.24
 109350.903     2.028     0.48    2.26
 109726.186     2.323     0.79    2.41
 110101.487     2.482     0.42    2.76
 110476.807     2.959     1.27    3.35
 110852.144     3.346     1.03    3.52
 111227.499     3.687     0.91    3.45
 111602.873     3.300    -1.03    2.14
 111978.264     3.141    -0.42    2.38
 112353.674     3.323     0.48    2.45
 112729.101     4.577     3.34    3.52
 113104.547     5.429     2.27    3.35
 113480.010     6.346     2.44    2.79
 113855.492     6.641     0.79    2.54
 114230.992     6.505    -0.36    1.62
 114606.509     6.869     0.97    1.75
 114982.045     7.414     1.45    2.11
 115357.599     7.823     1.09    2.47
 115733.171     8.541     1.91    2.88
 116108.761     9.709     3.11    3.05
 116484.369    10.211     1.34    3.36
 116859.995    11.391     3.14    3.64
 117235.639    12.550     3.09    3.36
 117611.301    13.360     2.15    3.22
 117986.982    13.666     0.82    2.98
 118362.680    13.898     0.62    2.85
 118738.397    12.300    -4.25    3.41
 119114.131    11.155    -3.05    3.47
 119489.884    10.209    -2.52    3.78
 119865.655     9.823    -1.03    4.47
 120241.444    10.064     0.64    4.67
 120617.251    10.444     1.01    4.65
 120993.076     9.945    -1.33    4.07
 121368.920     9.437    -1.35    3.27
 121744.781     8.505    -2.48    2.66
 122120.661     7.894    -1.62    2.82
 122496.559     7.823    -0.19    2.83
 122872.475     7.330    -1.31    3.23
 123248.409     7.399     0.18    3.74
 123624.361     7.569     0.45    3.84
 124000.332     7.141    -1.14    3.82
 124376.321     5.197    -5.17    2.55
 124752.327     5.355     0.42    2.38
 125128.352     6.709     3.60    3.69
 125504.396     7.180     1.25    4.11
 125880.457     6.778    -1.07    4.16
 126256.537     6.209    -1.51    3.53
 126632.634     5.073    -3.02    2.59
 127008.750     5.369     0.79    2.50
 127384.884     5.883     1.37    2.32
 127761.037     5.982     0.26    2.43
 128137.207     6.326     0.91    2.40
 128513.396     6.133    -0.51    2.66
 128889.603     5.510    -1.65    2.89
 129265.829     5.336    -0.46    3.49
 129642.072     6.823     3.95    4.81
 130018.334    10.439     9.61    7.44
 130394.614    14.164     9.90    7.66
 130770.912    15.987     4.85    6.21
 131147.229    16.222     0.62    6.05
 131523.563    17.119     2.38    5.29
 131899.916    17.374     0.68    4.99
 132276.288    19.346     5.24    4.62
 132652.677    19.986     1.70    4.07
 133029.085    19.891    -0.25    4.02
 133405.511    19.937     0.12    4.12
 133781.955    18.987    -2.52    3.77
 134158.418    18.933    -0.15    3.71
 134534.899    18.530    -1.07    3.10
 134911.398    19.709     3.13    3.49
 135287.916    20.469     2.02    3.04
 135664.452    20.546     0.20    2.50
 136041.006    20.688     0.38    2.69
 136417.579    21.660     2.58    3.54
 136794.169    22.820     3.08    4.19
 137170.778    24.184     3.62    4.23
 137547.406    23.937    -0.66    4.38
 137924.052    22.391    -4.10    4.43
 138300.716    21.466    -2.46    3.67
 138677.398    20.755    -1.89    2.83
 139054.099    21.731     2.59    2.77
 139430.818    21.399    -0.88    3.59
 139807.556    20.034    -3.62    4.83
 140184.312    18.437    -4.24    5.08
 140561.086    16.096    -6.21    4.44
 140937.879    16.222     0.33    4.52
 141314.690    16.232     0.03    4.33
 141691.519    16.459     0.60    4.25
 142068.367    18.222     4.68    4.67
 142445.233    20.278     5.46    4.26
 142822.118    21.937     4.40    4.02
 143199.021    23.278     3.56    3.78
 143575.942    23.437     0.42    3.41
 143952.882    23.050    -1.03    3.07
 144329.840    22.414    -1.69    2.68
 144706.817    22.800     1.03    3.08
 145083.812    23.977     3.12    4.19
 145460.825    24.874     2.38    4.78
 145837.857    25.732     2.28    4.48
 146214.908    27.907     5.77    5.09
 146591.976    29.823     5.08    5.45
 146969.064    31.141     3.50    5.90
 147346.169    33.034     5.02    5.28
 147723.293    34.103     2.83    4.15
 148100.436    34.612     1.35    3.45
 148477.597    35.937     3.51    3.62
 148854.777    37.619     4.46    3.27
 149231.975    38.383     2.03    3.00
 149609.191    38.914     1.41    2.47
 149985.954    39.480     1.50    2.48
 150359.544    40.755     3.41    2.34
 150733.153    41.546     2.12    2.58
 151106.779    42.755     3.24    2.76
 151480.423    44.871     5.66    3.85
 151854.086    45.350     1.28    4.62
 152227.766    44.891    -1.23    5.56
 152601.465    44.455    -1.17    5.61
 152975.182    45.888     3.84    5.55
 153348.917    47.243     3.63    4.97
 153722.670    48.596     3.62    4.59
 154096.442    50.918     6.21    4.47
 154470.231    51.922     2.69    4.44
 154844.039    55.005     8.25    5.66
 155217.865    56.880     5.02    5.67
 155591.709    56.977     0.26    6.56
 155965.571    57.081     0.28    7.20
 156339.451    56.732    -0.93    6.44
 156713.350    56.914     0.49    6.01
 157087.266    57.564     1.74    5.04
 157461.201    58.959     3.73    4.91
 157835.154    59.855     2.39    4.39
 158209.126    58.687    -3.12    4.44
 158583.115    60.150     3.91    5.39
 158957.123    61.550     3.74    6.55
 159331.149    63.982     6.50    6.84
 159705.193    66.848     7.66    6.06
 160079.255    69.414     6.86    4.36
 160453.336    69.955     1.45    3.93
 160827.435    68.937    -2.72    4.44
 161201.552    68.522    -1.11    3.88
 161575.687    69.096     1.53    3.60
 161949.841    70.555     3.90    3.95
 162324.013    71.801     3.33    4.46
 162698.203    72.050     0.67    5.48
 163072.411    71.030    -2.73    6.43
 163446.638    66.869   -11.12    6.56
 163820.883    62.057   -12.86    6.81
 164195.146    57.959   -10.95    6.49
 164569.427    53.755   -11.24    6.46
 164943.727    50.522    -8.64    7.22
 165318.045    45.846   -12.50    5.74
 165692.381    42.530    -8.86    4.35
 166066.736    40.619    -5.11    4.35
 166441.109    36.685   -10.51    5.43
 166815.500    33.844    -7.59    5.17
 167189.909    31.999    -4.93    4.08
 167564.337    31.336    -1.77    4.10
 167938.783    31.346     0.03    4.35
 168313.248    31.030    -0.84    4.55
 168687.731    29.778    -3.34    3.11
 169062.232    29.406    -0.99    2.78
 169436.751    29.733     0.87    2.93
 169811.289    29.777     0.12    2.68
 170185.845    29.662    -0.31    2.71
 170560.420    29.482    -0.48    2.15
 170935.013    29.229    -0.68    2.38
 171309.624    29.005    -0.60    2.91
 171684.254    28.732    -0.73    3.22
 172058.901    28.888     0.42    3.56
 172433.568    29.933     2.79    4.26
 172808.253    30.636     1.88    4.31
 173182.956    31.232     1.59    4.59
 173557.677    31.781     1.46    4.87
 173932.417    31.937     0.42    5.11
 174307.175    32.300     0.97    4.87
 174681.952    32.278    -0.06    5.39
 175056.747    32.644     0.98    5.42
 175431.561    33.279     1.69    5.24
 175806.393    33.687     1.09    5.13
 176181.243    35.950     6.04    3.51
 176556.112    37.028     2.88    2.66
 176930.999    37.187     0.42    2.98
 177305.905    36.732    -1.21    3.05
 177680.829    35.933    -2.13    3.21
 178055.771    35.422    -1.36    3.44
 178430.732    36.187     2.04    3.36
 178805.712    37.170     2.62    3.63
 179180.709    37.641     1.26    3.61
 179555.726    38.592     2.54    3.13
 179930.761    39.300     1.89    2.98
 180305.814    40.288     2.63    3.15
 180680.886    40.535     0.66    3.45
 181055.976    39.910    -1.67    3.77
 181431.085    40.127     0.58    3.37
 181806.212    39.778    -0.93    2.79
 182181.358    40.619     2.24    2.99
 182556.522    40.910     0.78    2.92
 182931.704    40.666    -0.65    3.40
 183306.906    40.541    -0.33    3.61
 183682.125    39.044    -3.99    3.67
 184057.364    39.522     1.28    5.10
 184432.620    41.028     4.01    5.93
 184807.896    42.799     4.72    5.32
 185183.190    45.038     5.96    4.95
 185558.502    45.209     0.46    4.66
 185933.833    45.429     0.59    4.25
 186309.182    45.437     0.02    4.02
 186684.550    46.641     3.21    5.09
 187059.937    48.346     4.54    6.01
 187435.342    51.664     8.84    5.26
 187810.766    54.255     6.90    4.00
 188186.208    55.482     3.27    3.59
 188561.669    56.005     1.39    4.22
 188937.148    56.577     1.52    4.22
 189312.646    57.732     3.08    4.27
 189688.163    58.119     1.03    4.16
 190063.698    59.300     3.15    4.94
 190439.252    60.346     2.78    5.24
 190814.824    60.619     0.73    5.34
 191190.415    61.641     2.72    7.14
 191566.025    61.778     0.36    8.99
 191941.653    62.088     0.83    9.11
 192317.300    62.473     1.02    9.11
 192692.965    64.640     5.77    8.50
