#    0.008   0.004   0.508 ;Mean Elev.(m), Avg Gradient(m/km), RMS Gradient(m/km) - SRTM1     
#   27.225  -0.201   5.470 ;Mean Elev.(m), Avg Gradient(m/km), RMS Gradient(m/km) - ASTER GDEM
#    1.245   0.002   0.613 ;Mean Elev.(m), Avg Gradient(m/km), RMS Gradient(m/km) - GMTED2010 
  7     0.530 52458.15162971 32.24 270.625550  29.304950 29.468
  7     0.624 52458.15163036 32.74 270.624660  29.308240 29.468
  7     0.771 52458.15163100 29.63 270.623780  29.311530 29.468
  7     0.863 52458.15163165 29.61 270.622900  29.314820 29.468
  7     0.835 52458.15163229 33.65 270.622020  29.318100 29.468
  7     0.848 52458.15163294 36.98 270.621140  29.321390 29.468
  8     0.234 52493.15160432 26.77 270.637405  29.289508 24.183
  8     0.222 52493.15160496 28.85 270.636525  29.292798 24.183
  8     0.367 52493.15160561 30.53 270.635645  29.296078 24.183
  8     0.435 52493.15160625 32.82 270.634765  29.299368 24.183
  8     0.342 52493.15160690 32.72 270.633885  29.302658 24.183
  8     0.460 52493.15160754 33.62 270.633005  29.305948 24.183
 10     0.932 52563.15162655 20.89 270.628299  29.301355 27.611
 10     0.623 52563.15162720 21.57 270.627419  29.304635 27.611
 10     0.521 52563.15162784 25.23 270.626539  29.307925 27.611
 10     0.533 52563.15162848 31.88 270.625659  29.311215 27.611
 10     0.559 52563.15162913 34.91 270.624779  29.314505 27.611
 10     0.684 52563.15162977 33.79 270.623899  29.317785 27.611
 12     0.127 52633.15159681 25.35 270.619053  29.314533 26.240
 12     0.572 52633.15159745 25.04 270.618173  29.317823 26.240
 12     0.682 52633.15159810 26.45 270.617293  29.321103 26.240
 12     0.731 52633.15159874 28.07 270.616413  29.324393 26.240
 13     0.433 52668.15161234 24.26 270.621353  29.312058 24.998
 13     0.633 52668.15161298 26.30 270.620473  29.315338 24.998
 13     0.630 52668.15161362 26.86 270.619593  29.318628 24.998
 13     0.766 52668.15161427 29.86 270.618703  29.321918 24.998
 14     1.299 52703.15158715 34.88 270.629939  29.299048 29.436
 14     1.197 52703.15158780 31.75 270.629059  29.302338 29.436
 14     1.102 52703.15158844 34.67 270.628179  29.305628 29.436
 14     1.147 52703.15158909 37.16 270.627299  29.308908 29.436
 14     1.173 52703.15158973 36.18 270.626419  29.312198 29.436
 14     1.297 52703.15159038 35.60 270.625539  29.315488 29.436
 16     0.488 52773.15158409 23.95 270.635014  29.293318 26.066
 16     0.253 52773.15158473 25.03 270.634134  29.296608 26.066
 16     0.375 52773.15158538 27.73 270.633254  29.299888 26.066
 16     0.512 52773.15158602 28.25 270.632374  29.303178 26.066
 16     0.794 52773.15158667 31.93 270.631494  29.306468 26.066
 16     1.032 52773.15158731 34.83 270.630614  29.309758 26.066
 17     0.870 52808.15165366 25.38 270.615873  29.318856 31.454
 17     0.964 52808.15165431 25.25 270.614993  29.322136 31.454
 17     0.925 52808.15165495 27.17 270.614108  29.325430 33.823
 17     1.245 52808.15165560 30.10 270.613228  29.328720 33.823
 18     0.313 52843.15170996 23.30 270.620521  29.311689 28.649
 18     0.290 52843.15171060 24.79 270.619631  29.314979 28.649
 18     0.383 52843.15171125 25.69 270.618751  29.318269 28.649
 18     0.718 52843.15171189 26.56 270.617871  29.321559 28.649
 18     0.637 52843.15171254 28.46 270.616991  29.324839 28.649
 19     0.261 52878.15174862 24.81 270.619868  29.313992 31.322
 19     0.197 52878.15174926 26.10 270.618978  29.317282 31.322
 19     0.359 52878.15174991 26.89 270.618098  29.320572 31.322
 19     0.601 52878.15175055 30.20 270.617218  29.323852 31.322
 20     0.518 52913.15170151 22.79 270.638345  29.289017 32.143
 20     0.669 52913.15170215 23.69 270.637465  29.292307 32.143
 20     0.676 52913.15170280 24.97 270.636585  29.295597 32.143
 20     0.758 52913.15170344 27.67 270.635705  29.298887 32.143
 20     0.741 52913.15170409 26.57 270.634825  29.302167 32.143
 21     0.554 52948.15166282 30.89 270.625689  29.306045 32.201
 21     0.695 52948.15166347 30.74 270.624809  29.309325 32.201
 21     0.676 52948.15166411 29.07 270.623929  29.312615 32.201
 21     0.827 52948.15166476 28.52 270.623043  29.315908 35.352
 21     0.880 52948.15166540 31.96 270.622163  29.319198 35.352
 23     0.628 53018.15168880 36.24 270.627711  29.303248 24.334
 23     0.612 53018.15168945 36.30 270.626831  29.306538 24.334
 23     0.631 53018.15169009 36.41 270.625951  29.309818 24.334
 23     0.645 53018.15169074 36.70 270.625071  29.313108 24.334
 23     0.702 53018.15169138 36.18 270.624191  29.316398 24.334
 24     1.125 53053.15167100 30.64 270.626276  29.304605 30.299
 24     0.957 53053.15167164 32.02 270.625396  29.307895 30.299
 24     1.104 53053.15167229 29.89 270.624516  29.311185 30.299
 24     1.060 53053.15167293 30.84 270.623636  29.314475 30.299
 24     1.170 53053.15167358 33.26 270.622756  29.317755 30.299
 25     0.781 53088.15171085 28.68 270.615556  29.319148 25.972
 25     0.978 53088.15171150 25.72 270.614676  29.322438 25.972
 25     0.938 53088.15171214 27.53 270.613796  29.325728 25.972
 25     0.776 53088.15171278 31.59 270.612916  29.329018 25.972
 26     0.501 53123.15167976 25.73 270.620757  29.312445 28.830
 26     0.579 53123.15168041 25.83 270.619877  29.315725 28.830
 26     0.726 53123.15168105 27.38 270.618997  29.319015 28.830
 26     0.724 53123.15168170 29.49 270.618107  29.322305 28.830
 26     0.588 53123.15168234 32.95 270.617227  29.325595 28.830
 27    -0.054 53158.15173958 24.25 270.612508  29.322508 31.666
 27     0.172 53158.15174023 25.31 270.611628  29.325788 31.666
 27     0.286 53158.15174087 29.37 270.610748  29.329078 31.666
 27     0.559 53158.15174152 32.97 270.609868  29.332368 31.666
 28     0.882 53193.15172848 23.32 270.630845  29.299343 18.589
 28     0.858 53193.15172913 24.74 270.629965  29.302633 18.589
 28     1.022 53193.15172977 25.59 270.629085  29.305923 18.589
 28     1.092 53193.15173042 27.26 270.628205  29.309213 18.589
 28     0.932 53193.15173106 30.34 270.627325  29.312503 18.589
 28     0.774 53193.15173170 31.80 270.626445  29.315783 18.589
 30     0.609 53263.15169903 23.86 270.625624  29.305644 27.740
 30     0.781 53263.15169968 25.45 270.624744  29.308924 27.740
 30     0.927 53263.15170032 27.44 270.623864  29.312214 27.740
 30     0.962 53263.15170097 30.28 270.622984  29.315504 27.740
 30     1.016 53263.15170161 30.53 270.622104  29.318794 27.740
 31     0.466 53298.15174341 25.25 270.608120  29.327091 33.542
 31     0.439 53298.15174406 27.49 270.607237  29.330385 35.276
 33     1.243 53368.15165104 30.45 270.633992  29.294306 22.659
 33     1.077 53368.15165169 24.52 270.633112  29.297596 22.659
 33     1.051 53368.15165233 26.34 270.632232  29.300886 22.659
 33     0.913 53368.15165297 25.73 270.631352  29.304176 22.659
 33     1.033 53368.15165362 29.68 270.630472  29.307456 22.659
 33     0.957 53368.15165426 33.60 270.629592  29.310746 22.659
 35     1.188 53438.15167007 33.46 270.630759  29.297942 20.268
 35     1.286 53438.15167072 27.72 270.629879  29.301232 20.268
 35     1.041 53438.15167136 28.12 270.628999  29.304512 20.268
 35     1.103 53438.15167201 30.94 270.628119  29.307802 20.268
 35     1.243 53438.15167265 31.70 270.627239  29.311092 20.268
 35     1.267 53438.15167330 31.93 270.626359  29.314382 20.268
 36     0.145 53473.15173034 23.62 270.616163  29.317415 29.054
 36     0.395 53473.15173098 23.64 270.615283  29.320705 29.054
 36     0.544 53473.15173163 26.01 270.614403  29.323985 29.054
 36     0.905 53473.15173227 29.48 270.613521  29.327279 35.543
 36     1.380 53473.15173292 33.13 270.612641  29.330569 35.543
 37     0.460 53508.15175464 27.33 270.621572  29.310886 23.134
 37     0.505 53508.15175529 27.49 270.620692  29.314176 23.134
 37     0.699 53508.15175593 27.50 270.619812  29.317466 23.134
 37     0.762 53508.15175657 29.08 270.618932  29.320756 23.134
 37     0.880 53508.15175722 32.95 270.618052  29.324036 23.134
 38     0.095 53543.15176550 24.73 270.619257  29.313714 31.180
 38     0.091 53543.15176614 24.53 270.618377  29.317004 31.180
 38     0.445 53543.15176679 24.82 270.617497  29.320294 31.180
 38     0.607 53543.15176743 26.63 270.616607  29.323584 31.180
 38     0.856 53543.15176808 32.35 270.615727  29.326864 31.180
 39     1.002 53578.15174739 26.67 270.625096  29.306206 31.671
 39     0.353 53578.15174804 23.79 270.624216  29.309486 31.671
 39     0.521 53578.15174868 25.85 270.623336  29.312776 31.671
 39     0.421 53578.15174933 26.97 270.622456  29.316066 31.671
 39     0.527 53578.15174997 26.48 270.621576  29.319356 31.671
 40     1.598 53613.15170058 32.98 270.624943  29.307266 35.210
 40     1.573 53613.15170122 27.76 270.624063  29.310556 35.210
 40     1.392 53613.15170187 28.72 270.623183  29.313836 35.210
 40     1.071 53613.15170251 29.01 270.622303  29.317126 35.210
 40     0.819 53613.15170316 29.46 270.621423  29.320416 35.210
 41     1.055 53648.15170644 25.10 270.623769  29.308929 34.175
 41     0.719 53648.15170709 24.17 270.622889  29.312219 34.175
 41     0.801 53648.15170773 25.29 270.622009  29.315499 34.175
 41     1.005 53648.15170838 28.77 270.621128  29.318794 24.397
 41     0.906 53648.15170902 35.61 270.620248  29.322084 24.397
 42     0.371 53683.15172308 28.15 270.617125  29.317526 27.233
 42     0.498 53683.15172372 28.54 270.616245  29.320816 27.233
 42     0.508 53683.15172437 32.76 270.615365  29.324106 27.233
 42     0.901 53683.15172501 33.48 270.614485  29.327396 27.233
 43     0.621 53718.15164543 34.27 270.633878  29.294602 30.557
 43     0.661 53718.15164607 35.55 270.632998  29.297892 30.557
 43     0.687 53718.15164672 35.51 270.632118  29.301182 30.557
 43     0.618 53718.15164736 36.17 270.631238  29.304472 30.557
 43     0.795 53718.15164801 41.39 270.630358  29.307752 30.557
 43     0.639 53718.15164865 42.56 270.629478  29.311042 30.557
 44     0.946 53753.15156731 25.96 270.630558  29.299329 17.363
 44     0.847 53753.15156796 26.12 270.629678  29.302609 17.363
 44     0.347 53753.15156860 26.37 270.628798  29.305899 17.363
 44     0.508 53753.15156925 26.96 270.627918  29.309189 17.363
 44     0.597 53753.15156989 30.41 270.627038  29.312479 17.363
 44     0.514 53753.15157054 31.22 270.626158  29.315759 17.363
 45     0.649 53788.15159680 27.15 270.632467  29.296553 26.409
 45     0.941 53788.15159745 26.55 270.631587  29.299843 26.409
 45     0.546 53788.15159809 26.16 270.630707  29.303123 26.409
 45     0.547 53788.15159874 27.95 270.629827  29.306413 26.409
 45     0.651 53788.15159938 32.71 270.628947  29.309703 26.409
 45     0.819 53788.15160003 39.30 270.628067  29.312993 26.409
 46     0.658 53823.15155411 29.12 270.623624  29.307535 27.004
 46     0.579 53823.15155475 28.25 270.622744  29.310815 27.004
 46     0.668 53823.15155540 27.54 270.621864  29.314105 27.004
 46     0.734 53823.15155604 27.34 270.620984  29.317395 27.004
 46     0.849 53823.15155669 28.77 270.620104  29.320685 27.004
 47     0.215 53858.15164868 24.33 270.616286  29.318371 30.582
 47     0.203 53858.15164933 25.93 270.615406  29.321661 30.582
 47     0.439 53858.15164997 27.84 270.614526  29.324951 30.582
 47     0.408 53858.15165062 32.67 270.613646  29.328241 30.582
 48    -0.078 53893.15165998 25.29 270.628842  29.301745 27.166
 48     0.241 53893.15166063 25.43 270.627962  29.305035 27.166
 48     0.408 53893.15166127 26.95 270.627082  29.308315 27.166
 48     0.330 53893.15166192 28.03 270.626202  29.311605 27.166
 48     0.554 53893.15166256 35.94 270.625322  29.314895 27.166
 49    -0.090 53928.15172349 25.62 270.608891  29.326000 33.024
 49     0.008 53928.15172413 27.88 270.608011  29.329280 33.024
 50     0.423 53963.15170327 28.50 270.617491  29.314972 30.648
 50     0.554 53963.15170391 30.57 270.616611  29.318262 30.648
 50     0.554 53963.15170456 30.80 270.615731  29.321542 30.648
 50     0.518 53963.15170520 30.10 270.614851  29.324832 30.648
 50     0.670 53963.15170585 38.05 270.613971  29.328122 30.648
 51     0.021 53998.15165059 25.43 270.620988  29.310921 26.944
 51     0.216 53998.15165123 24.55 270.620108  29.314201 26.944
 51     0.357 53998.15165187 24.74 270.619228  29.317491 26.944
 51     0.502 53998.15165252 25.27 270.618348  29.320781 26.944
 51     0.646 53998.15165316 28.60 270.617468  29.324071 26.944
 52     1.062 54033.15169843 27.01 270.625838  29.306244 27.994
 52     0.715 54033.15169908 25.00 270.624958  29.309534 27.994
 52     0.660 54033.15169972 26.28 270.624078  29.312824 27.994
 52     0.815 54033.15170037 30.25 270.623198  29.316114 27.994
 52     0.649 54033.15170101 29.24 270.622318  29.319394 27.994
 54     1.157 54103.15164973 28.05 270.628779  29.301730 26.597
 54     0.863 54103.15165037 25.89 270.627899  29.305020 26.597
 54     0.831 54103.15165102 26.00 270.627019  29.308300 26.597
 54     0.793 54103.15165166 29.18 270.626139  29.311590 26.597
 54     0.885 54103.15165231 32.64 270.625259  29.314880 26.597
 55     0.754 54138.15162293 32.19 270.621034  29.312090 26.722
 55     0.809 54138.15162358 30.72 270.620154  29.315370 26.722
 55     0.878 54138.15162422 30.23 270.619274  29.318660 26.722
 55     0.900 54138.15162487 29.07 270.618394  29.321950 26.722
 55     1.095 54138.15162551 34.94 270.617514  29.325240 26.722
 56     0.548 54173.15162799 26.92 270.627013  29.303043 23.527
 56     0.557 54173.15162863 33.55 270.626133  29.306323 23.527
 56     0.785 54173.15162928 32.23 270.625253  29.309613 23.527
 56     0.993 54173.15162992 31.06 270.624373  29.312903 23.527
 56     0.850 54173.15163057 30.23 270.623493  29.316193 23.527
 56     0.914 54173.15163121 33.67 270.622613  29.319483 23.527
 57     0.259 54208.15162858 25.20 270.619799  29.312330 25.308
 57     0.232 54208.15162922 25.77 270.618909  29.315620 25.308
 57     0.011 54208.15162986 27.26 270.618029  29.318910 25.308
 57     0.410 54208.15163051 28.62 270.617149  29.322200 25.308
 57     0.791 54208.15163115 29.52 270.616269  29.325480 25.308
 58     0.913 54243.15165977 25.75 270.624546  29.307454 22.072
 58     0.742 54243.15166042 27.34 270.623666  29.310734 22.072
 58     0.811 54243.15166106 29.11 270.622786  29.314024 22.072
 58     0.860 54243.15166170 26.57 270.621906  29.317314 22.072
 58     0.848 54243.15166235 27.91 270.621016  29.320604 22.072
 59     0.259 54278.15167294 24.78 270.624428  29.307307 27.000
 59     0.240 54278.15167358 24.66 270.623548  29.310597 27.000
 59     0.252 54278.15167423 27.03 270.622668  29.313887 27.000
 59     0.209 54278.15167487 26.57 270.621788  29.317167 27.000
 59     0.503 54278.15167552 27.72 270.620908  29.320457 27.000
 60     0.187 54313.15167228 23.79 270.627265  29.304056 24.939
 60     0.307 54313.15167293 25.88 270.626385  29.307346 24.939
 60     0.434 54313.15167357 27.18 270.625505  29.310636 24.939
 60     0.432 54313.15167422 32.93 270.624625  29.313926 24.939
 60     0.671 54313.15167486 33.20 270.623745  29.317216 24.939
 61     0.359 54348.15164265 25.14 270.629969  29.299563 23.177
 61     0.267 54348.15164330 24.63 270.629089  29.302853 23.177
 61     0.381 54348.15164394 25.80 270.628209  29.306133 23.177
 61     0.515 54348.15164459 27.91 270.627329  29.309423 23.177
 61     0.589 54348.15164523 32.64 270.626449  29.312713 23.177
 61     0.512 54348.15164588 38.51 270.625569  29.316003 23.177
 62     0.457 54383.15161060 25.76 270.623763  29.307745 26.492
 62     0.474 54383.15161124 24.67 270.622883  29.311025 26.492
 62     0.601 54383.15161189 25.79 270.622003  29.314315 26.492
 62     0.692 54383.15161253 27.17 270.621123  29.317605 26.492
 62     0.705 54383.15161317 26.48 270.620243  29.320895 26.492
 63     0.758 54418.15159255 30.51 270.627384  29.302841 28.318
 63     0.728 54418.15159319 31.78 270.626504  29.306131 28.318
 63     0.654 54418.15159384 29.68 270.625624  29.309421 28.318
 63     0.748 54418.15159448 30.88 270.624744  29.312711 28.318
 63     0.873 54418.15159513 32.04 270.623864  29.315991 28.318
 63     0.847 54418.15159577 34.61 270.622984  29.319281 28.318
 64     0.140 54453.15158174 23.51 270.620438  29.312955 27.282
 64     0.236 54453.15158239 23.00 270.619558  29.316245 27.282
 64     0.434 54453.15158303 23.20 270.618678  29.319535 27.282
 64     0.667 54453.15158368 27.05 270.617798  29.322815 27.282
 64     1.095 54453.15158432 29.76 270.616908  29.326105 27.282
 65     1.164 54488.15159046 26.82 270.628250  29.301375 26.750
 65     0.932 54488.15159110 26.13 270.627370  29.304665 26.750
 65     0.822 54488.15159174 30.60 270.626490  29.307945 26.750
 65     0.932 54488.15159239 31.63 270.625610  29.311235 26.750
 65     0.845 54488.15159303 28.61 270.624730  29.314525 26.750
 65     0.916 54488.15159368 34.99 270.623850  29.317815 26.750
 66     1.031 54523.15159334 26.67 270.625148  29.306004 24.209
 66     0.895 54523.15159399 23.81 270.624268  29.309294 24.209
 66     0.789 54523.15159463 23.38 270.623388  29.312584 24.209
 66     0.880 54523.15159528 25.53 270.622498  29.315874 24.209
 66     0.920 54523.15159592 26.99 270.621618  29.319154 24.209
 67     1.263 54558.15160087 26.03 270.627289  29.303946 23.178
 67     1.119 54558.15160152 26.36 270.626409  29.307236 23.178
 67     1.229 54558.15160216 27.58 270.625529  29.310516 23.178
 67     1.442 54558.15160280 28.01 270.624649  29.313806 23.178
 67     1.384 54558.15160345 31.10 270.623769  29.317096 23.178
 68     1.131 54593.15159039 35.58 270.623278  29.308436 30.925
 68     1.079 54593.15159103 35.79 270.622398  29.311726 30.925
 68     1.082 54593.15159168 36.55 270.621518  29.315016 30.925
 68     1.158 54593.15159232 34.90 270.620628  29.318306 30.925
 68     1.214 54593.15159297 41.43 270.619748  29.321586 30.925
 69     0.838 54628.15160481 25.22 270.624737  29.306660 27.825
 69     0.812 54628.15160545 26.59 270.623857  29.309950 27.825
 69     0.966 54628.15160610 26.97 270.622977  29.313240 27.825
 69     0.996 54628.15160674 27.09 270.622097  29.316530 27.825
 69     1.075 54628.15160739 28.12 270.621217  29.319820 27.825
 70     0.540 54663.15161295 34.24 270.621215  29.310791 31.522
 70     0.643 54663.15161359 27.30 270.620325  29.314081 31.522
 70     0.789 54663.15161424 26.45 270.619445  29.317371 31.522
 70     0.895 54663.15161488 27.98 270.618565  29.320661 31.522
 70     0.928 54663.15161552 30.86 270.617685  29.323941 31.522
 71     0.382 54698.15158458 25.67 270.630451  29.299794 24.231
 71     0.517 54698.15158523 24.87 270.629571  29.303084 24.231
 71     0.624 54698.15158587 26.20 270.628691  29.306374 24.231
 71     0.765 54698.15158652 28.24 270.627811  29.309664 24.231
 71     0.796 54698.15158716 34.90 270.626931  29.312944 24.231
 71     0.808 54698.15158781 45.47 270.626051  29.316234 24.231
 72     0.475 54733.15157053 25.00 270.621124  29.311865 27.044
 72     0.539 54733.15157117 24.14 270.620244  29.315155 27.044
 72     0.658 54733.15157181 25.36 270.619364  29.318445 27.044
 72     0.808 54733.15157246 27.41 270.618484  29.321725 27.044
 72     0.937 54733.15157310 30.69 270.617601  29.325021 33.746
 73     1.038 54768.15156473 24.36 270.626695  29.304795 23.727
 73     0.988 54768.15156538 25.13 270.625815  29.308085 23.727
 73     0.685 54768.15156602 26.14 270.624935  29.311375 23.727
 73     0.689 54768.15156667 29.20 270.624055  29.314655 23.727
 73     0.796 54768.15156731 33.45 270.623175  29.317945 23.727
 74     0.045 54803.15156469 25.11 270.619241  29.315070 29.612
 74     0.191 54803.15156533 25.88 270.618361  29.318360 29.612
 74     0.250 54803.15156597 27.23 270.617481  29.321640 29.612
 74     0.641 54803.15156662 28.98 270.616598  29.324933 35.554
 75     0.829 54838.15155858 30.61 270.625448  29.306016 24.021
 75     0.776 54838.15155923 26.25 270.624568  29.309306 24.021
 75     0.740 54838.15155987 26.77 270.623688  29.312586 24.021
 75     0.782 54838.15156052 29.67 270.622808  29.315876 24.021
 75     1.013 54838.15156116 31.71 270.621928  29.319166 24.021
 76     0.234 54873.15156324 23.23 270.621604  29.310739 24.019
 76     0.363 54873.15156389 23.04 270.620724  29.314029 24.019
 76     0.710 54873.15156453 23.83 270.619844  29.317319 24.019
 76     0.844 54873.15156518 23.93 270.618964  29.320599 24.019
 76     0.777 54873.15156582 28.31 270.618082  29.323894 33.246
 77     0.827 54908.15156495 33.35 270.626434  29.304448 23.974
 77     0.835 54908.15156560 31.82 270.625554  29.307738 23.974
 77     0.569 54908.15156624 32.51 270.624674  29.311018 23.974
 77     0.616 54908.15156689 31.95 270.623794  29.314308 23.974
 77     0.743 54908.15156753 34.79 270.622914  29.317598 23.974
 78     0.607 54943.15155691 23.38 270.619686  29.313550 21.705
 78     0.652 54943.15155755 23.41 270.618806  29.316840 21.705
 78     0.815 54943.15155820 24.85 270.617926  29.320120 21.705
 78     0.839 54943.15155884 26.03 270.617045  29.323414 36.283
 78     0.560 54943.15155949 31.22 270.616165  29.326694 36.283
 79     1.769 54978.15158326 28.42 270.623205  29.307993 27.575
 79     1.080 54978.15158391 24.49 270.622325  29.311283 27.575
 79     1.223 54978.15158455 26.19 270.621445  29.314573 27.575
 79     1.124 54978.15158520 25.40 270.620555  29.317863 27.575
 79     1.162 54978.15158584 27.07 270.619675  29.321143 27.575
 80     1.026 55013.15158891 34.84 270.624826  29.306271 32.352
 80     0.837 55013.15158955 34.03 270.623946  29.309551 32.352
 80     0.971 55013.15159020 34.12 270.623066  29.312841 32.352
 80     0.955 55013.15159084 33.96 270.622186  29.316131 32.352
 80     0.951 55013.15159149 34.30 270.621306  29.319421 32.352
 81     1.058 55048.15158152 27.54 270.625621  29.304869 26.301
 81     0.959 55048.15158216 25.56 270.624741  29.308149 26.301
 81     0.392 55048.15158281 25.72 270.623861  29.311439 26.301
 81     0.412 55048.15158345 27.48 270.622981  29.314729 26.301
 81     0.628 55048.15158410 28.67 270.622101  29.318019 26.301
 81     0.356 55048.15158474 29.68 270.621211  29.321309 26.301
 82     1.128 55083.15155065 27.24 270.630063  29.299423 28.418
 82     0.720 55083.15155129 25.03 270.629183  29.302713 28.418
 82     0.822 55083.15155194 26.54 270.628303  29.306003 28.418
 82     0.708 55083.15155258 28.60 270.627423  29.309293 28.418
 82     0.722 55083.15155323 29.04 270.626543  29.312583 28.418
 82     0.934 55083.15155387 36.19 270.625663  29.315863 28.418
 83     0.780 55118.15151374 23.47 270.623709  29.308299 28.506
 83     0.560 55118.15151438 25.07 270.622829  29.311579 28.506
 83     0.509 55118.15151503 25.56 270.621939  29.314869 28.506
 83     0.612 55118.15151567 25.19 270.621059  29.318159 28.506
 83     0.740 55118.15151632 27.52 270.620179  29.321449 28.506
 84     1.558 55153.15151046 26.26 270.624617  29.307963 27.784
 84     1.366 55153.15151111 25.43 270.623737  29.311243 27.784
 84     1.436 55153.15151175 26.53 270.622857  29.314533 27.784
 84     1.199 55153.15151240 32.38 270.621977  29.317823 27.784
 84     1.455 55153.15151304 35.64 270.621097  29.321113 27.784
 85     0.729 55188.15150333 23.52 270.619716  29.314595 31.405
 85     0.801 55188.15150397 23.90 270.618836  29.317885 31.405
 85     0.886 55188.15150462 24.50 270.617956  29.321165 31.405
 85     0.853 55188.15150526 29.59 270.617073  29.324460 42.093
 86     1.015 55223.15150933 33.80 270.625221  29.306359 27.157
 86     0.822 55223.15150997 30.32 270.624341  29.309639 27.157
 86     0.764 55223.15151062 30.17 270.623461  29.312929 27.157
 86     0.785 55223.15151126 30.96 270.622581  29.316219 27.157
 86     0.968 55223.15151191 32.37 270.621701  29.319509 27.157
 87     1.273 55258.15149711 28.64 270.625109  29.305765 24.767
 87     0.989 55258.15149775 28.39 270.624229  29.309055 24.767
 87     0.876 55258.15149840 25.72 270.623339  29.312345 24.767
 87     1.000 55258.15149904 29.36 270.622459  29.315635 24.767
 87     1.015 55258.15149969 28.70 270.621579  29.318915 24.767
 88     1.365 55293.15149610 27.34 270.628069  29.302429 26.195
 88     1.285 55293.15149674 25.48 270.627189  29.305719 26.195
 88     1.115 55293.15149739 25.55 270.626309  29.309009 26.195
 88     1.185 55293.15149803 27.50 270.625429  29.312289 26.195
 88     1.109 55293.15149868 33.61 270.624549  29.315579 26.195
 89     0.627 55328.15148224 30.07 270.621120  29.311158 25.924
 89     0.737 55328.15148289 26.37 270.620240  29.314448 25.924
 89     0.489 55328.15148353 26.14 270.619360  29.317738 25.924
 89     0.711 55328.15148418 26.24 270.618470  29.321028 25.924
 89     0.746 55328.15148482 28.44 270.617590  29.324318 25.924
 90     1.155 55363.15147558 28.19 270.627092  29.303108 24.089
 90     0.943 55363.15147623 29.85 270.626212  29.306398 24.089
 90     0.930 55363.15147687 28.27 270.625332  29.309678 24.089
 90     0.816 55363.15147751 29.51 270.624452  29.312968 24.089
 90     0.704 55363.15147816 30.87 270.623572  29.316258 24.089
 90     0.884 55363.15147880 31.02 270.622692  29.319548 24.089
 91     0.554 55398.15148624 24.48 270.620865  29.312320 27.356
 91     0.364 55398.15148689 25.95 270.619985  29.315610 27.356
 91    -0.153 55398.15148753 27.33 270.619105  29.318890 27.356
 91     0.381 55398.15148818 27.62 270.618225  29.322180 27.356
 91     0.542 55398.15148882 29.78 270.617343  29.325474 38.950
 92     0.688 55433.15149138 31.19 270.627825  29.302696 22.495
 92     0.696 55433.15149202 31.58 270.626945  29.305986 22.495
 92     0.617 55433.15149267 31.65 270.626065  29.309276 22.495
 92     0.756 55433.15149331 34.04 270.625185  29.312556 22.495
 92     0.724 55433.15149396 33.69 270.624305  29.315846 22.495
 93     0.951 55468.15144759 41.41 270.632103  29.297629 21.482
 93     0.938 55468.15144823 42.15 270.631223  29.300909 21.482
 93     0.779 55468.15144888 41.56 270.630343  29.304199 21.482
 93     0.804 55468.15144952 40.98 270.629463  29.307489 21.482
 93     0.872 55468.15145017 39.77 270.628583  29.310779 21.482
 93     0.984 55468.15145081 42.12 270.627703  29.314069 21.482
