#   55.000  -6.494   6.085 ;Mean Elev.(m), Avg Gradient(m/km), RMS Gradient(m/km) - SRTM1     
#   53.112  -8.644   8.072 ;Mean Elev.(m), Avg Gradient(m/km), RMS Gradient(m/km) - ASTER GDEM
#   55.000   0.288   2.615 ;Mean Elev.(m), Avg Gradient(m/km), RMS Gradient(m/km) - GMTED2010 
  6    59.096 52439.15077483 26.35 269.730144  35.018965 23.062
  6    59.257 52439.15077548 33.58 269.729174  35.022245 23.062
  7    54.478 52474.15077355 26.06 269.735419  35.018795 26.594
  7    56.608 52474.15077419 27.29 269.734459  35.022065 26.594
  8    59.275 52509.15073738 24.54 269.745023  35.016184 17.925
  8    53.170 52509.15073802 27.15 269.744063  35.019464 17.925
  8    53.175 52509.15073866 27.44 269.743093  35.022744 17.925
  9    57.774 52544.15073376 22.09 269.742920  35.015806 21.301
  9    57.327 52544.15073440 21.19 269.741950  35.019086 21.301
  9    55.736 52544.15073505 23.56 269.740980  35.022366 21.301
 10    54.016 52579.15077539 34.76 269.736320  35.018309 17.472
 10    53.926 52579.15077604 34.37 269.735350  35.021589 17.472
 11    54.491 52614.15074128 49.51 269.740654  35.015476 21.087
 11    54.340 52614.15074192 49.52 269.739684  35.018756 21.087
 11    54.467 52614.15074256 49.14 269.738724  35.022026 21.087
 12    58.617 52649.15072212 47.98 269.742174  35.016376 19.748
 12    58.545 52649.15072276 45.12 269.741204  35.019656 19.748
 12    58.505 52649.15072341 45.03 269.740234  35.022936 19.748
 13    55.747 52684.15070285 30.80 269.747915  35.019593 18.801
 13    55.578 52684.15070350 32.74 269.746945  35.022873 18.801
 14    60.212 52719.15075710 14.52 269.737197  35.018478 13.472
 14    59.632 52719.15075774 17.90 269.736227  35.021758 13.472
 16    62.298 52789.15072882 30.95 269.734834  35.016846 30.747
 16    62.546 52789.15072947 33.41 269.733864  35.020126 30.747
 17    56.385 52824.15079909 38.33 269.738813  35.016011 20.688
 17    56.223 52824.15079973 35.47 269.737853  35.019281 20.688
 17    56.264 52824.15080037 36.32 269.736883  35.022561 20.688
 18    56.569 52859.15084552 41.50 269.741151  35.017375 20.076
 18    56.419 52859.15084616 39.85 269.740181  35.020645 20.076
 19    58.262 52894.15087665 40.39 269.738149  35.016793 16.559
 19    57.708 52894.15087730 34.44 269.737179  35.020073 16.559
 20    53.301 52929.15082663 48.08 269.742190  35.017444 18.544
 20    53.313 52929.15082727 47.59 269.741230  35.020724 18.544
 21    57.319 52964.15081095 45.80 269.741370  35.016318 22.733
 21    57.089 52964.15081159 41.38 269.740410  35.019598 22.733
 21    57.113 52964.15081224 39.73 269.739440  35.022878 22.733
 22    58.043 52999.15084801 44.48 269.734628  35.018932 23.199
 22    57.734 52999.15084866 42.18 269.733668  35.022212 23.199
 23    57.297 53034.15079923 36.80 269.742626  35.015338 14.661
 23    57.043 53034.15079988 31.00 269.741656  35.018608 14.661
 23    57.021 53034.15080052 34.37 269.740696  35.021888 14.661
 24    58.299 53069.15081555 19.42 269.740907  35.017344 17.541
 24    56.425 53069.15081619 23.24 269.739937  35.020624 17.541
 25    59.052 53104.15080099 47.73 269.742829  35.015649 18.799
 25    59.149 53104.15080163 49.70 269.741859  35.018929 18.799
 25    59.130 53104.15080228 48.72 269.740899  35.022199 18.799
 26    56.876 53139.15082036 34.88 269.741420  35.014921 18.535
 26    56.766 53139.15082101 33.63 269.740450  35.018201 18.535
 26    56.501 53139.15082165 34.75 269.739490  35.021481 18.535
 28    56.435 53209.15087605 24.12 269.739716  35.015412 14.328
 28    56.533 53209.15087670 24.75 269.738756  35.018682 14.328
 28    56.522 53209.15087734 30.25 269.737786  35.021962 14.328
 29    54.529 53244.15084371 35.92 269.744704  35.016362 20.939
 29    54.206 53244.15084435 31.07 269.743744  35.019632 20.939
 29    54.052 53244.15084499 31.11 269.742774  35.022912 20.939
 30    58.745 53279.15082315 27.03 269.735282  35.016836 14.984
 30    58.459 53279.15082380 30.72 269.734322  35.020116 14.984
 31    56.164 53314.15084706 30.38 269.738759  35.016941 16.438
 31    55.896 53314.15084770 31.64 269.737789  35.020221 16.438
 32    61.152 53349.15081280 30.78 269.744567  35.018149 17.347
 32    61.458 53349.15081344 34.81 269.743597  35.021429 17.347
 33    62.341 53384.15078625 31.57 269.737403  35.015787 30.140
 33    62.278 53384.15078689 31.95 269.736433  35.019067 30.140
 33    62.656 53384.15078753 31.86 269.735473  35.022347 30.140
 34    59.758 53419.15079321 42.34 269.748599  35.019687 29.357
 34    59.689 53419.15079385 44.70 269.747639  35.022967 29.357
 35    56.083 53454.15079881 33.82 269.738142  35.016797 24.098
 35    55.856 53454.15079946 35.16 269.737172  35.020077 24.098
 36    57.039 53489.15088471 33.82 269.731527  35.018909 27.305
 36    56.954 53489.15088536 32.13 269.730557  35.022189 27.305
 37    55.776 53524.15087107 26.83 269.743823  35.016176 15.301
 37    55.421 53524.15087172 28.11 269.742853  35.019446 15.301
 37    55.482 53524.15087236 29.95 269.741893  35.022726 15.301
 38    54.340 53559.15089788 33.18 269.734654  35.016390 22.393
 38    54.284 53559.15089852 30.03 269.733694  35.019660 22.393
 38    54.247 53559.15089917 28.67 269.732724  35.022940 22.393
 39    51.710 53594.15083506 49.35 269.750481  35.016954 26.498
 39    51.893 53594.15083571 51.13 269.749521  35.020224 26.498
 40    52.148 53629.15082823 32.06 269.728895  35.017829 16.918
 40    52.220 53629.15082887 29.19 269.727925  35.021109 16.918
 41    52.685 53664.15085204 25.25 269.736246  35.017878 24.291
 41    52.473 53664.15085269 23.69 269.735276  35.021158 24.291
 42    54.901 53699.15080981 31.00 269.744663  35.015541 17.150
 42    54.708 53699.15081046 27.61 269.743703  35.018821 17.150
 42    54.856 53699.15081110 29.88 269.742733  35.022101 17.150
 43    56.774 53734.15073239 23.48 269.750150  35.017500 13.255
 43    52.701 53734.15073303 23.36 269.749180  35.020780 13.255
 44    59.829 53769.15071578 48.27 269.745524  35.016119 23.121
 44    59.787 53769.15071643 46.99 269.744554  35.019389 23.121
 44    59.772 53769.15071707 48.01 269.743594  35.022669 23.121
 45    62.522 53804.15071196 15.94 269.747856  35.017881 16.924
 45    56.307 53804.15071261 20.58 269.746886  35.021161 16.924
 46    58.080 53839.15073202 26.82 269.735100  35.019029 14.387
 46    57.989 53839.15073267 31.96 269.734130  35.022309 14.387
 47    57.069 53874.15077799 47.30 269.740686  35.017319 20.634
 47    56.891 53874.15077863 48.62 269.739726  35.020589 20.634
 48    53.871 53909.15082292 48.01 269.733758  35.018498 21.217
 48    53.850 53909.15082357 49.11 269.732788  35.021778 21.217
 49    53.205 53944.15084584 29.13 269.731503  35.018542 19.596
 49    53.405 53944.15084649 26.53 269.730533  35.021822 19.596
 50    52.075 53979.15079464 50.87 269.741963  35.017935 13.713
 50    51.879 53979.15079529 51.27 269.740995  35.021213 19.108
 51    55.177 54014.15080824 36.64 269.737739  35.016346 16.462
 51    55.067 54014.15080889 31.52 269.736769  35.019626 16.462
 51    55.028 54014.15080953 35.66 269.735799  35.022906 16.462
 52    57.485 54049.15081343 27.24 269.747698  35.016298  9.131
 52    57.100 54049.15081407 28.69 269.746733  35.019584 16.559
 52    57.272 54049.15081472 29.55 269.745763  35.022864 16.559
 54    61.040 54119.15073494 28.52 269.746824  35.017448 12.101
 54    61.330 54119.15073559 25.27 269.745864  35.020718 12.101
 55    55.304 54154.15076199 50.67 269.739852  35.017206 23.532
 55    55.297 54154.15076263 51.08 269.738882  35.020486 23.532
 56    59.622 54189.15073044 28.98 269.745185  35.018610 19.872
 56    60.000 54189.15073109 32.51 269.744225  35.021890 19.872
 57    58.603 54224.15077230 26.19 269.738634  35.015995 18.694
 57    58.255 54224.15077294 30.01 269.737664  35.019275 18.694
 57    58.352 54224.15077358 33.09 269.736704  35.022545 18.694
 58    56.304 54259.15079367 34.04 269.741260  35.016355 23.231
 58    55.897 54259.15079431 29.93 269.740290  35.019635 23.231
 58    55.822 54259.15079496 30.76 269.739330  35.022905 23.231
 59    54.879 54294.15079636 48.93 269.742453  35.015163 20.574
 59    54.892 54294.15079701 47.67 269.741483  35.018443 20.574
 59    54.943 54294.15079765 49.06 269.740513  35.021723 20.574
 60    53.543 54329.15079087 43.75 269.744547  35.018025 24.322
 60    53.333 54329.15079152 40.87 269.743577  35.021305 24.322
 61    53.610 54364.15073731 44.66 269.746014  35.017087 19.464
 61    53.531 54364.15073796 41.36 269.745054  35.020367 19.464
 62    55.239 54399.15073094 22.39 269.742910  35.015382 17.015
 62    55.171 54399.15073159 24.02 269.741940  35.018662 17.015
 62    55.070 54399.15073223 27.88 269.740970  35.021942 17.015
 63    53.465 54434.15068878 47.75 269.745835  35.016730 20.603
 63    53.474 54434.15068943 50.60 269.744875  35.020010 20.603
 64    57.971 54469.15071433 30.35 269.741115  35.017224 15.498
 64    57.130 54469.15071497 32.33 269.740145  35.020504 15.498
 65    57.878 54504.15070392 42.32 269.744795  35.017232 16.868
 65    57.753 54504.15070457 42.47 269.743825  35.020512 16.868
 66    61.917 54539.15072921 31.68 269.743540  35.015697 21.638
 66    61.614 54539.15072986 29.87 269.742570  35.018977 21.638
 66    61.928 54539.15073050 29.81 269.741610  35.022257 21.638
 67    64.770 54574.15070490 36.66 269.745529  35.018645 30.328
 67    64.569 54574.15070555 37.12 269.744559  35.021925 30.328
 68    61.260 54609.15072255 26.77 269.741340  35.016615 21.864
 68    61.007 54609.15072320 25.48 269.740370  35.019895 21.864
 69    60.841 54644.15073045 28.61 269.741319  35.017473 17.878
 69    60.846 54644.15073109 28.65 269.740349  35.020753 17.878
 70    58.228 54679.15073160 26.11 269.741355  35.014660 22.397
 70    57.238 54679.15073224 25.95 269.740385  35.017940 22.397
 70    57.286 54679.15073289 29.45 269.739415  35.021220 22.397
 71    57.668 54714.15068422 19.22 269.746750  35.019060 16.393
 71    55.573 54714.15068486 25.26 269.745780  35.022340 16.393
 72    54.230 54749.15070162 47.08 269.739459  35.016072 19.230
 72    54.064 54749.15070227 35.54 269.738489  35.019352 19.230
 72    54.497 54749.15070291 31.40 269.737529  35.022632 19.230
 73    52.940 54784.15067121 49.75 269.744414  35.016904 24.055
 73    52.716 54784.15067185 45.77 269.743444  35.020184 24.055
 74    57.394 54819.15069413 50.48 269.740262  35.017089 21.029
 74    57.226 54819.15069477 50.01 269.739292  35.020369 21.029
 75    57.257 54854.15066847 48.58 269.744256  35.017338 20.560
 75    57.153 54854.15066911 49.89 269.743286  35.020618 20.560
 76    58.725 54889.15069847 23.83 269.740446  35.015511 16.951
 76    58.574 54889.15069911 24.98 269.739476  35.018791 16.951
 76    58.364 54889.15069976 25.17 269.738506  35.022071 16.951
 77    59.613 54924.15066813 20.22 269.744191  35.018470 19.462
 77    60.158 54924.15066877 20.03 269.743221  35.021750 19.462
 78    61.889 54959.15069671 42.77 269.738366  35.016617 21.652
 78    61.723 54959.15069735 37.33 269.737406  35.019897 21.652
 79    58.359 54994.15071842 33.79 269.739363  35.015242 19.758
 79    58.067 54994.15071906 27.09 269.738393  35.018522 19.758
 79    58.111 54994.15071971 28.84 269.737433  35.021802 19.758
 80    56.122 55029.15070846 27.86 269.742248  35.016702 18.875
 80    56.028 55029.15070910 29.00 269.741278  35.019982 18.875
 81    55.034 55064.15069993 44.61 269.743465  35.015483 21.337
 81    55.050 55064.15070058 43.65 269.742495  35.018763 21.337
 81    54.841 55064.15070122 38.12 269.741525  35.022043 21.337
 82    57.569 55099.15064488 26.20 269.745495  35.016930 15.419
 82    54.144 55099.15064553 25.10 269.744535  35.020200 15.419
 83    59.278 55134.15064410 36.43 269.740204  35.016172 25.364
 83    59.027 55134.15064475 32.29 269.739234  35.019452 25.364
 83    58.689 55134.15064539 30.48 269.738274  35.022732 25.364
 84    58.600 55169.15060843 27.36 269.745665  35.016236 16.305
 84    56.880 55169.15060908 26.50 269.744695  35.019516 16.305
 84    57.167 55169.15060972 28.72 269.743725  35.022796 16.305
 85    58.900 55204.15063720 28.41 269.739915  35.015997 14.494
 85    58.589 55204.15063784 24.31 269.738945  35.019277 14.494
 85    58.874 55204.15063849 23.68 269.737985  35.022557 14.494
 86    61.716 55239.15061582 40.54 269.743718  35.018294 22.430
 86    61.695 55239.15061646 41.22 269.742748  35.021574 22.430
 87    60.431 55274.15063077 44.02 269.742255  35.015994 20.194
 87    60.489 55274.15063142 42.21 269.741285  35.019274 20.194
 87    60.482 55274.15063206 41.55 269.740325  35.022554 20.194
 88    57.843 55309.15059906 50.69 269.746222  35.016350 21.272
 88    57.680 55309.15059970 50.11 269.745252  35.019620 21.272
 88    57.783 55309.15060034 49.14 269.744292  35.022900 21.272
 90    59.864 55379.15059413 26.80 269.743388  35.017914 18.834
 90    59.984 55379.15059478 28.29 269.742418  35.021194 18.834
 91    59.871 55414.15061916 18.80 269.740343  35.015735 10.806
 91    58.370 55414.15061980 19.06 269.739373  35.019015 10.806
 91    58.518 55414.15062045 19.15 269.738413  35.022295 10.806
 92    55.680 55449.15060710 24.55 269.744368  35.016903 17.307
 92    55.874 55449.15060774 23.59 269.743398  35.020183 17.307
 93    56.150 55484.15053357 30.01 269.747640  35.019683 20.344
 93    56.268 55484.15053421 28.31 269.746670  35.022953 20.344
