-338121.836    -2.155     0.00    0.00
-337746.603    -2.155     0.00    0.00
-337371.354    -2.155     0.00    0.00
-336996.090    -2.155     0.00    0.00
-336620.811    -2.155     0.00    0.00
-336245.516    -2.155     0.00    0.00
-335870.206    -2.155     0.00    0.00
-335494.880    -2.155     0.00    0.00
-335119.538    -2.155     0.00    0.00
-334744.182    -2.155     0.00    0.00
-334368.809    -2.155     0.00    0.00
-333993.421    -2.155     0.00    0.00
-333618.018    -2.155     0.00    0.00
-333242.599    -2.155     0.00    0.00
-332867.164    -2.155     0.00    0.00
-332491.714    -2.155     0.00    0.00
-332116.249    -2.155     0.00    0.00
-331740.767    -2.155     0.00    0.00
-331365.271    -2.155     0.00    0.00
-330989.759    -2.155     0.00    0.00
-330614.231    -2.155     0.00    0.00
-330238.687    -2.155     0.00    0.00
-329863.129    -2.155     0.00    0.00
-329487.554    -2.155     0.00    0.00
-329111.964    -2.155     0.00    0.00
-328736.359    -2.155     0.00    0.00
-328360.737    -2.155     0.00    0.00
-327985.101    -2.155     0.00    0.00
-327609.448    -2.155     0.00    0.00
-327233.780    -2.155     0.00    0.00
-326858.097    -2.155     0.00    0.00
-326482.398    -2.155     0.00    0.00
-326106.683    -2.155     0.00    0.00
-325730.953    -2.155     0.00    0.00
-325355.207    -2.155     0.00    0.00
-324979.446    -2.155     0.00    0.00
-324603.668    -2.155     0.00    0.00
-324227.876    -2.155     0.00    0.00
-323852.067    -2.155     0.00    0.00
-323476.243    -2.155     0.00    0.00
-323100.404    -2.155     0.00    0.00
-322724.549    -2.155     0.00    0.00
-322348.678    -2.155     0.00    0.00
-321972.791    -2.155     0.00    0.00
-321596.889    -2.155     0.00    0.00
-321220.971    -2.155     0.00    0.00
-320845.038    -2.155     0.00    0.00
-320469.089    -2.155     0.00    0.00
-320093.124    -2.155     0.00    0.00
-319717.144    -2.155     0.00    0.00
-319341.148    -2.155     0.00    0.00
-318965.136    -2.155     0.00    0.00
-318589.108    -2.155     0.00    0.00
-318213.065    -2.155     0.00    0.00
-317837.007    -2.155     0.00    0.00
-317460.932    -2.155     0.00    0.00
-317084.842    -2.155     0.00    0.00
-316708.736    -2.155     0.00    0.00
-316332.615    -2.155     0.00    0.00
-315956.477    -2.155     0.00    0.00
-315580.324    -2.155     0.00    0.00
-315204.156    -2.155     0.00    0.00
-314827.971    -2.155     0.00    0.00
-314451.771    -2.155     0.00    0.00
-314075.556    -2.155     0.00    0.00
-313699.324    -2.155     0.00    0.00
-313323.077    -2.155     0.00    0.00
-312946.814    -2.155     0.00    0.00
-312570.535    -2.155     0.00    0.00
-312194.241    -2.155     0.00    0.00
-311817.931    -2.155     0.00    0.00
-311441.605    -2.155     0.00    0.00
-311065.263    -2.155     0.00    0.00
-310688.905    -2.155     0.00    0.00
-310312.532    -2.155     0.00    0.00
-309936.143    -2.155     0.00    0.00
-309559.739    -2.155     0.00    0.00
-309183.318    -2.155     0.00    0.00
-308806.882    -2.155     0.00    0.00
-308430.430    -2.155     0.00    0.00
-308053.962    -2.155     0.00    0.00
-307677.478    -2.155     0.00    0.00
-307300.979    -2.155     0.00    0.00
-306924.464    -2.155     0.00    0.00
-306547.933    -2.155     0.00    0.00
-306171.386    -2.155     0.00    0.00
-305794.823    -2.155     0.00    0.00
-305418.245    -2.155     0.00    0.00
-305041.651    -2.155     0.00    0.00
-304665.041    -2.155     0.00    0.00
-304288.415    -2.155     0.00    0.00
-303911.773    -2.155     0.00    0.00
-303535.116    -2.155     0.00    0.00
-303158.442    -2.155     0.00    0.00
-302781.753    -2.155     0.00    0.00
-302405.048    -2.155     0.00    0.00
-302028.327    -2.155     0.00    0.00
-301651.591    -2.155     0.00    0.00
-301274.838    -2.155     0.00    0.00
-300898.070    -2.155     0.00    0.00
-300521.285    -2.155     0.00    0.00
-300144.485    -2.155     0.00    0.00
-299767.669    -2.155     0.00    0.00
-299390.837    -2.155     0.00    0.00
-299013.990    -2.155     0.00    0.00
-298637.126    -2.155     0.00    0.00
-298260.247    -2.155     0.00    0.00
-297883.351    -2.155     0.00    0.00
-297506.440    -2.155     0.00    0.00
-297129.513    -2.155     0.00    0.00
-296752.570    -2.155     0.00    0.00
-296375.611    -2.155     0.00    0.00
-295998.636    -2.155     0.00    0.00
-295621.645    -2.155     0.00    0.00
-295246.456    -2.155     0.00    0.00
-294872.596    -2.155     0.00    0.00
-294498.722    -2.155     0.00    0.00
-294124.831    -2.155     0.00    0.00
-293750.925    -2.155     0.00    0.00
-293377.003    -2.155     0.00    0.00
-293003.065    -2.155     0.00    0.00
-292629.112    -2.155     0.00    0.00
-292255.143    -2.155     0.00    0.00
-291881.159    -2.155     0.00    0.00
-291507.158    -2.155     0.00    0.00
-291133.143    -2.155     0.00    0.00
-290759.111    -2.155     0.00    0.00
-290385.064    -2.155     0.00    0.00
-290011.001    -2.155     0.00    0.00
-289636.922    -2.155     0.00    0.00
-289262.828    -2.155     0.00    0.00
-288888.718    -2.155     0.00    0.00
-288514.592    -2.155     0.00    0.00
-288140.451    -2.155     0.00    0.00
-287766.294    -2.155     0.00    0.00
-287392.121    -2.155     0.00    0.00
-287017.933    -2.155     0.00    0.00
-286643.728    -2.155     0.00    0.00
-286269.508    -2.155     0.00    0.00
-285895.273    -2.155     0.00    0.00
-285521.021    -2.155     0.00    0.00
-285146.754    -2.155     0.00    0.00
-284772.471    -2.155     0.00    0.00
-284398.173    -2.155     0.00    0.00
-284023.858    -2.155     0.00    0.00
-283649.528    -2.155     0.00    0.00
-283275.182    -2.155     0.00    0.00
-282900.821    -2.155     0.00    0.00
-282526.443    -2.155     0.00    0.00
-282152.050    -2.155     0.00    0.00
-281777.641    -2.155     0.00    0.00
-281403.216    -2.155     0.00    0.00
-281028.776    -2.155     0.00    0.00
-280654.320    -2.155     0.00    0.00
-280279.848    -2.155     0.00    0.00
-279905.360    -2.155     0.00    0.00
-279530.856    -2.155     0.00    0.00
-279156.337    -2.155     0.00    0.00
-278781.802    -2.155     0.00    0.00
-278407.251    -2.155     0.00    0.00
-278032.684    -2.155     0.00    0.00
-277658.101    -2.155     0.00    0.00
-277283.503    -2.155     0.00    0.00
-276908.888    -2.155     0.00    0.00
-276534.258    -2.155     0.00    0.00
-276159.612    -2.155     0.00    0.00
-275784.951    -2.155     0.00    0.00
-275410.273    -2.155     0.00    0.00
-275035.580    -2.155     0.00    0.00
-274660.870    -2.155     0.00    0.00
-274286.145    -2.155     0.00    0.00
-273911.404    -2.155     0.00    0.00
-273536.647    -2.155     0.00    0.00
-273161.875    -2.155     0.00    0.00
-272787.086    -2.155     0.00    0.00
-272412.282    -2.155     0.00    0.00
-272037.462    -2.155     0.00    0.00
-271662.625    -2.155     0.00    0.00
-271287.773    -2.155     0.00    0.00
-270912.905    -2.155     0.00    0.00
-270538.022    -2.155     0.00    0.00
-270163.122    -2.155     0.00    0.00
-269788.206    -2.155     0.00    0.00
-269413.275    -2.155     0.00    0.00
-269038.328    -2.155     0.00    0.00
-268663.364    -2.155     0.00    0.00
-268288.385    -2.155     0.00    0.00
-267913.390    -2.155     0.00    0.00
-267538.379    -2.155     0.00    0.00
-267163.352    -2.155     0.00    0.00
-266788.309    -2.155     0.00    0.00
-266413.251    -2.155     0.00    0.00
-266038.176    -2.155     0.00    0.00
-265663.085    -2.155     0.00    0.00
-265287.979    -2.155     0.00    0.00
-264912.856    -2.155     0.00    0.00
-264537.718    -2.155     0.00    0.00
-264162.563    -2.155     0.00    0.00
-263787.393    -2.155     0.00    0.00
-263412.207    -2.155     0.00    0.00
-263037.004    -2.155     0.00    0.00
-262661.786    -2.155     0.00    0.00
-262286.552    -2.155     0.00    0.00
-261911.302    -2.155     0.00    0.00
-261536.035    -2.155     0.00    0.00
-261160.753    -2.155     0.00    0.00
-260785.455    -2.155     0.00    0.00
-260410.141    -2.155     0.00    0.00
-260034.811    -2.155     0.00    0.00
-259659.465    -2.155     0.00    0.00
-259284.103    -2.155     0.00    0.00
-258908.724    -2.155     0.00    0.00
-258533.330    -2.155     0.00    0.00
-258157.920    -2.155     0.00    0.00
-257782.494    -2.155     0.00    0.00
-257407.052    -2.155     0.00    0.00
-257031.594    -2.155     0.00    0.00
-256656.119    -2.155     0.00    0.00
-256280.629    -2.155     0.00    0.00
-255905.123    -2.155     0.00    0.00
-255529.600    -2.155     0.00    0.00
-255154.062    -2.155     0.00    0.00
-254778.507    -2.155     0.00    0.00
-254402.937    -2.155     0.00    0.00
-254027.350    -2.155     0.00    0.00
-253651.748    -2.155     0.00    0.00
-253276.129    -2.155     0.00    0.00
-252900.494    -2.155     0.00    0.00
-252524.843    -2.155     0.00    0.00
-252149.177    -2.155     0.00    0.00
-251773.494    -2.155     0.00    0.00
-251397.794    -2.155     0.00    0.00
-251022.079    -2.155     0.00    0.00
-250646.348    -2.155     0.00    0.00
-250270.601    -2.155     0.00    0.00
-249894.837    -2.155     0.00    0.00
-249519.058    -2.155     0.00    0.00
-249143.262    -2.155     0.00    0.00
-248767.450    -2.155     0.00    0.00
-248391.622    -2.155     0.00    0.00
-248015.778    -2.155     0.00    0.00
-247639.918    -2.155     0.00    0.00
-247264.042    -2.155     0.00    0.00
-246888.150    -2.155     0.00    0.00
-246512.241    -2.155     0.00    0.00
-246136.316    -2.155     0.00    0.00
-245760.376    -2.155     0.00    0.00
-245384.419    -2.155     0.00    0.00
-245008.446    -2.155     0.00    0.00
-244632.456    -2.155     0.00    0.00
-244256.451    -2.155     0.00    0.00
-243880.429    -2.155     0.00    0.00
-243504.392    -2.155     0.00    0.00
-243128.338    -2.155     0.00    0.00
-242752.268    -2.155     0.00    0.00
-242376.181    -2.155     0.00    0.00
-242000.079    -2.155     0.00    0.00
-241623.960    -2.155     0.00    0.00
-241247.825    -2.155     0.00    0.00
-240871.674    -2.155     0.00    0.00
-240495.507    -2.155     0.00    0.00
-240119.324    -2.155     0.00    0.00
-239743.124    -2.155     0.00    0.00
-239366.908    -2.155     0.00    0.00
-238990.676    -2.155     0.00    0.00
-238614.428    -2.155     0.00    0.00
-238238.163    -2.155     0.00    0.00
-237861.883    -2.155     0.00    0.00
-237485.586    -2.155     0.00    0.00
-237109.272    -2.155     0.00    0.00
-236732.943    -2.155     0.00    0.00
-236356.597    -2.155     0.00    0.00
-235980.235    -2.155     0.00    0.00
-235603.857    -2.155     0.00    0.00
-235227.463    -2.155     0.00    0.00
-234851.052    -2.155     0.00    0.00
-234474.625    -2.155     0.00    0.00
-234098.182    -2.155     0.00    0.00
-233721.722    -2.155     0.00    0.00
-233345.247    -2.155     0.00    0.00
-232968.755    -2.155     0.00    0.00
-232592.246    -2.155     0.00    0.00
-232215.722    -2.155     0.00    0.00
-231839.181    -2.155     0.00    0.00
-231462.624    -2.155     0.00    0.00
-231086.050    -2.155     0.00    0.00
-230709.460    -2.155     0.00    0.00
-230332.854    -2.155     0.00    0.00
-229956.232    -2.155     0.00    0.00
-229579.593    -2.155     0.00    0.00
-229202.938    -2.155     0.00    0.00
-228826.267    -2.155     0.00    0.00
-228449.579    -2.155     0.00    0.00
-228072.875    -2.155     0.00    0.00
-227696.154    -2.155     0.00    0.00
-227319.418    -2.155     0.00    0.00
-226942.665    -2.155     0.00    0.00
-226565.895    -2.155     0.00    0.00
-226189.110    -2.155     0.00    0.00
-225812.307    -2.155     0.00    0.00
-225435.489    -2.155     0.00    0.00
-225058.654    -2.155     0.00    0.00
-224681.803    -2.155     0.00    0.00
-224304.935    -2.155     0.00    0.00
-223928.051    -2.155     0.00    0.00
-223551.151    -2.155     0.00    0.00
-223174.234    -2.155     0.00    0.00
-222797.301    -2.155     0.00    0.00
-222420.352    -2.155     0.00    0.00
-222043.386    -2.155     0.00    0.00
-221666.404    -2.155     0.00    0.00
-221289.405    -2.155     0.00    0.00
-220912.390    -2.155     0.00    0.00
-220535.358    -2.155     0.00    0.00
-220160.603    -2.155     0.00    0.00
-219786.802    -2.155     0.00    0.00
-219412.984    -2.155     0.00    0.00
-219039.151    -2.155     0.00    0.00
-218665.301    -2.155     0.00    0.00
-218291.435    -2.155     0.00    0.00
-217917.553    -2.155     0.00    0.00
-217543.655    -2.155     0.00    0.00
-217169.741    -2.155     0.00    0.00
-216795.810    -2.155     0.00    0.00
-216421.863    -2.155     0.00    0.00
-216047.901    -2.155     0.00    0.00
-215673.922    -2.155     0.00    0.00
-215299.927    -2.155     0.00    0.00
-214925.915    -2.155     0.00    0.00
-214551.888    -2.155     0.00    0.00
-214177.844    -2.155     0.00    0.00
-213803.784    -2.155     0.00    0.00
-213429.708    -2.155     0.00    0.00
-213055.616    -2.155     0.00    0.00
-212681.508    -2.155     0.00    0.00
-212307.383    -2.155     0.00    0.00
-211933.242    -2.155     0.00    0.00
-211559.085    -2.155     0.00    0.00
-211184.912    -2.155     0.00    0.00
-210810.723    -2.155     0.00    0.00
-210436.517    -2.155     0.00    0.00
-210062.295    -2.155     0.00    0.00
-209688.057    -2.155     0.00    0.00
-209313.803    -2.155     0.00    0.00
-208939.532    -2.155     0.00    0.00
-208565.245    -2.155     0.00    0.00
-208190.942    -2.155     0.00    0.00
-207816.623    -2.155     0.00    0.00
-207442.288    -2.155     0.00    0.00
-207067.936    -2.155     0.00    0.00
-206693.568    -2.155     0.00    0.00
-206319.184    -2.155     0.00    0.00
-205944.783    -2.155     0.00    0.00
-205570.366    -2.155     0.00    0.00
-205195.933    -2.155     0.00    0.00
-204821.484    -2.155     0.00    0.00
-204447.018    -2.155     0.00    0.00
-204072.536    -2.155     0.00    0.00
-203698.038    -2.155     0.00    0.00
-203323.523    -2.155     0.00    0.00
-202948.992    -2.155     0.00    0.00
-202574.445    -2.155     0.00    0.00
-202199.882    -2.155     0.00    0.00
-201825.302    -2.155     0.00    0.00
-201450.706    -2.155     0.00    0.00
-201076.094    -2.155     0.00    0.00
-200701.465    -2.155     0.00    0.00
-200326.820    -2.155     0.00    0.00
-199952.159    -2.155     0.00    0.00
-199577.481    -2.155     0.00    0.00
-199202.787    -2.155     0.00    0.00
-198828.077    -2.155     0.00    0.00
-198453.350    -2.155     0.00    0.00
-198078.607    -2.155     0.00    0.00
-197703.847    -2.155     0.00    0.00
-197329.072    -2.155     0.00    0.00
-196954.279    -2.155     0.00    0.00
-196579.471    -2.155     0.00    0.00
-196204.646    -2.155     0.00    0.00
-195829.805    -2.155     0.00    0.00
-195454.947    -2.155     0.00    0.00
-195080.073    -2.155     0.00    0.00
-194705.183    -2.155     0.00    0.00
-194330.276    -2.155     0.00    0.00
-193955.353    -2.155     0.00    0.00
-193580.413    -2.155     0.00    0.00
-193205.457    -2.155     0.00    0.00
-192830.485    -2.155     0.00    0.00
-192455.496    -2.155     0.00    0.00
-192080.491    -2.155     0.00    0.00
-191705.469    -2.155     0.00    0.00
-191330.431    -2.155     0.00    0.00
-190955.377    -2.155     0.00    0.00
-190580.306    -2.155     0.00    0.00
-190205.219    -2.155     0.00    0.00
-189830.115    -2.155     0.00    0.00
-189454.995    -2.155     0.00    0.00
-189079.858    -2.155     0.00    0.00
-188704.705    -2.155     0.00    0.00
-188329.535    -2.155     0.00    0.00
-187954.349    -2.155     0.00    0.00
-187579.147    -2.155     0.00    0.00
-187203.928    -2.155     0.00    0.00
-186828.693    -2.155     0.00    0.00
-186453.441    -2.155     0.00    0.00
-186078.172    -2.155     0.00    0.00
-185702.888    -2.155     0.00    0.00
-185327.586    -2.155     0.00    0.00
-184952.268    -2.155     0.00    0.00
-184576.934    -2.155     0.00    0.00
-184201.583    -2.155     0.00    0.00
-183826.216    -2.155     0.00    0.00
-183450.832    -2.155     0.00    0.00
-183075.432    -2.155     0.00    0.00
-182700.015    -2.155     0.00    0.00
-182324.582    -2.155     0.00    0.00
-181949.132    -2.155     0.00    0.00
-181573.665    -2.155     0.00    0.00
-181198.182    -2.155     0.00    0.00
-180822.683    -2.155     0.00    0.00
-180447.167    -2.155     0.00    0.00
-180071.634    -2.155     0.00    0.00
-179696.085    -2.155     0.00    0.00
-179320.520    -2.155     0.00    0.00
-178944.937    -2.155     0.00    0.00
-178569.339    -2.155     0.00    0.00
-178193.723    -2.155     0.00    0.00
-177818.091    -2.155     0.00    0.00
-177442.443    -2.155     0.00    0.00
-177066.778    -2.155     0.00    0.00
-176691.096    -2.155     0.00    0.00
-176315.398    -2.155     0.00    0.00
-175939.683    -2.155     0.00    0.00
-175563.952    -2.155     0.00    0.00
-175188.204    -2.155     0.00    0.00
-174812.439    -2.155     0.00    0.00
-174436.658    -2.155     0.00    0.00
-174060.860    -2.155     0.00    0.00
-173685.046    -2.155     0.00    0.00
-173309.215    -2.155     0.00    0.00
-172933.367    -2.155     0.00    0.00
-172557.503    -2.155     0.00    0.00
-172181.622    -2.155     0.00    0.00
-171805.725    -2.155     0.00    0.00
-171429.810    -2.155     0.00    0.00
-171053.880    -2.155     0.00    0.00
-170677.932    -2.155     0.00    0.00
-170301.968    -2.155     0.00    0.00
-169925.987    -2.155     0.00    0.00
-169549.990    -2.155     0.00    0.00
-169173.976    -2.155     0.00    0.00
-168797.945    -2.155     0.00    0.00
-168421.898    -2.155     0.00    0.00
-168045.834    -2.155     0.00    0.00
-167669.753    -2.155     0.00    0.00
-167293.655    -2.155     0.00    0.00
-166917.541    -2.155     0.00    0.00
-166541.410    -2.155     0.00    0.00
-166165.263    -2.155     0.00    0.00
-165789.099    -2.155     0.00    0.00
-165412.918    -2.155     0.00    0.00
-165036.720    -2.155     0.00    0.00
-164660.506    -2.155     0.00    0.00
-164284.275    -2.155     0.00    0.00
-163908.027    -2.155     0.00    0.00
-163531.762    -2.155     0.00    0.00
-163155.481    -2.155     0.00    0.00
-162779.183    -2.155     0.00    0.00
-162402.869    -2.155     0.00    0.00
-162026.537    -2.155     0.00    0.00
-161650.189    -2.155     0.00    0.00
-161273.824    -2.155     0.00    0.00
-160897.442    -2.155     0.00    0.00
-160521.044    -2.155     0.00    0.00
-160144.629    -2.155     0.00    0.00
-159768.197    -2.155     0.00    0.00
-159391.748    -2.155     0.00    0.00
-159015.283    -2.155     0.00    0.00
-158638.800    -2.155     0.00    0.00
-158262.301    -2.155     0.00    0.00
-157885.786    -2.155     0.00    0.00
-157509.253    -2.155     0.00    0.00
-157132.703    -2.155     0.00    0.00
-156756.137    -2.155     0.00    0.00
-156379.554    -2.155     0.00    0.00
-156002.954    -2.155     0.00    0.00
-155626.338    -2.155     0.00    0.00
-155249.704    -2.155     0.00    0.00
-154873.054    -2.155     0.00    0.00
-154496.387    -2.155     0.00    0.00
-154119.703    -2.155     0.00    0.00
-153743.002    -2.155     0.00    0.00
-153366.285    -2.155     0.00    0.00
-152989.550    -2.155     0.00    0.00
-152612.799    -2.155     0.00    0.00
-152236.031    -2.155     0.00    0.00
-151859.246    -2.155     0.00    0.00
-151482.444    -2.155     0.00    0.00
-151105.626    -2.155     0.00    0.00
-150728.790    -2.155     0.00    0.00
-150351.938    -2.155     0.00    0.00
-149975.068    -2.155     0.00    0.00
-149598.182    -2.155     0.00    0.00
-149221.279    -2.155     0.00    0.00
-148844.359    -2.155     0.00    0.00
-148467.422    -2.155     0.00    0.00
-148090.469    -2.155     0.00    0.00
-147713.498    -2.155     0.00    0.00
-147336.511    -2.155     0.00    0.00
-146959.506    -2.155     0.00    0.00
-146582.485    -2.155     0.00    0.00
-146205.447    -2.155     0.00    0.00
-145828.392    -2.155     0.00    0.00
-145451.319    -2.155     0.00    0.00
-145076.995    -2.155     0.00    0.00
-144703.244    -2.155     0.00    0.00
-144329.477    -2.155     0.00    0.00
-143955.694    -2.155     0.00    0.00
-143581.893    -2.155     0.00    0.00
-143208.077    -2.155     0.00    0.00
-142834.243    -2.155     0.00    0.00
-142460.393    -2.155     0.00    0.00
-142086.526    -2.155     0.00    0.00
-141712.643    -2.155     0.00    0.00
-141338.742    -2.155     0.00    0.00
-140964.826    -2.155     0.00    0.00
-140590.892    -2.155     0.00    0.00
-140216.942    -2.155     0.00    0.00
-139842.976    -2.155     0.00    0.00
-139468.992    -2.155     0.00    0.00
-139094.992    -2.155     0.00    0.00
-138720.975    -2.155     0.00    0.00
-138346.942    -2.155     0.00    0.00
-137972.892    -2.155     0.00    0.00
-137598.825    -2.155     0.00    0.00
-137224.741    -2.155     0.00    0.00
-136850.641    -2.155     0.00    0.00
-136476.524    -2.155     0.00    0.00
-136102.391    -2.155     0.00    0.00
-135728.240    -2.155     0.00    0.00
-135354.073    -2.155     0.00    0.00
-134979.890    -2.155     0.00    0.00
-134605.689    -2.155     0.00    0.00
-134231.472    -2.155     0.00    0.00
-133857.238    -2.155     0.00    0.00
-133482.987    -2.155     0.00    0.00
-133108.720    -2.155     0.00    0.00
-132734.436    -2.155     0.00    0.00
-132360.135    -2.155     0.00    0.00
-131985.817    -2.155     0.00    0.00
-131611.483    -2.155     0.00    0.00
-131237.132    -2.155     0.00    0.00
-130862.764    -2.155     0.00    0.00
-130488.379    -2.155     0.00    0.00
-130113.978    -2.155     0.00    0.00
-129739.560    -2.155     0.00    0.00
-129365.125    -2.155     0.00    0.00
-128990.673    -2.155     0.00    0.00
-128616.204    -2.155     0.00    0.00
-128241.719    -2.155     0.00    0.00
-127867.217    -2.155     0.00    0.00
-127492.698    -2.155     0.00    0.00
-127118.162    -2.155     0.00    0.00
-126743.609    -2.155     0.00    0.00
-126369.040    -2.155     0.00    0.00
-125994.454    -2.155     0.00    0.00
-125619.851    -2.155     0.00    0.00
-125245.231    -2.155     0.00    0.00
-124870.594    -2.155     0.00    0.00
-124495.940    -2.155     0.00    0.00
-124121.270    -2.155     0.00    0.00
-123746.583    -2.155     0.00    0.00
-123371.879    -2.155     0.00    0.00
-122997.158    -2.155     0.00    0.00
-122622.420    -2.155     0.00    0.00
-122247.666    -2.155     0.00    0.00
-121872.894    -2.155     0.00    0.00
-121498.106    -2.155     0.00    0.00
-121123.301    -2.155     0.00    0.00
-120748.478    -2.155     0.00    0.00
-120373.639    -2.155     0.00    0.00
-119998.784    -2.155     0.00    0.00
-119623.911    -2.155     0.00    0.00
-119249.021    -2.155     0.00    0.00
-118874.115    -2.155     0.00    0.00
-118499.191    -2.155     0.00    0.00
-118124.251    -2.155     0.00    0.00
-117749.294    -2.155     0.00    0.00
-117374.320    -2.155     0.00    0.00
-116999.328    -2.155     0.00    0.00
-116624.320    -2.155     0.00    0.00
-116249.296    -2.155     0.00    0.00
-115874.254    -2.155     0.00    0.00
-115499.195    -2.155     0.00    0.00
-115124.119    -2.155     0.00    0.00
-114749.026    -2.155     0.00    0.00
-114373.917    -2.155     0.00    0.00
-113998.790    -2.155     0.00    0.00
-113623.647    -2.155     0.00    0.00
-113248.486    -2.155     0.00    0.00
-112873.309    -2.155     0.00    0.00
-112498.115    -2.155     0.00    0.00
-112122.903    -2.155     0.00    0.00
-111747.675    -2.155     0.00    0.00
-111372.429    -2.155     0.00    0.00
-110997.167    -2.155     0.00    0.00
-110621.888    -2.155     0.00    0.00
-110246.592    -2.155     0.00    0.00
-109871.278    -2.155     0.00    0.00
-109495.948    -2.155     0.00    0.00
-109120.601    -2.155     0.00    0.00
-108745.236    -2.155     0.00    0.00
-108369.855    -2.155     0.00    0.00
-107994.457    -2.155     0.00    0.00
-107619.041    -2.155     0.00    0.00
-107243.609    -2.155     0.00    0.00
-106868.160    -2.155     0.00    0.00
-106492.693    -2.155     0.00    0.00
-106117.210    -2.155     0.00    0.00
-105741.709    -2.155     0.00    0.00
-105366.192    -2.155     0.00    0.00
-104990.657    -2.155     0.00    0.00
-104615.105    -2.155     0.00    0.00
-104239.537    -2.155     0.00    0.00
-103863.951    -2.155     0.00    0.00
-103488.348    -2.155     0.00    0.00
-103112.728    -2.155     0.00    0.00
-102737.091    -2.155     0.00    0.00
-102361.437    -2.155     0.00    0.00
-101985.766    -2.155     0.00    0.00
-101610.077    -2.155     0.00    0.00
-101234.372    -2.155     0.00    0.00
-100858.650    -2.155     0.00    0.00
-100482.910    -2.155     0.00    0.00
-100107.153    -2.155     0.00    0.00
 -99731.380    -2.155     0.00    0.00
 -99355.589    -2.155     0.00    0.00
 -98979.781    -2.155     0.00    0.00
 -98603.956    -2.155     0.00    0.00
 -98228.113    -2.155     0.00    0.00
 -97852.254    -2.155     0.00    0.00
 -97476.378    -2.155     0.00    0.00
 -97100.484    -2.155     0.00    0.00
 -96724.573    -2.155     0.00    0.00
 -96348.645    -2.155     0.00    0.00
 -95972.700    -2.155     0.00    0.00
 -95596.738    -2.155     0.00    0.00
 -95220.758    -2.155     0.00    0.00
 -94844.762    -2.155     0.00    0.00
 -94468.748    -2.155     0.00    0.00
 -94092.717    -2.155     0.00    0.00
 -93716.669    -2.155     0.00    0.00
 -93340.604    -2.155     0.00    0.00
 -92964.521    -2.155     0.00    0.00
 -92588.422    -2.155     0.00    0.00
 -92212.305    -2.155     0.00    0.00
 -91836.171    -2.155     0.00    0.00
 -91460.019    -2.155     0.00    0.00
 -91083.851    -2.155     0.00    0.00
 -90707.665    -2.155     0.00    0.00
 -90331.462    -2.155     0.00    0.00
 -89955.242    -2.132     0.06    0.15
 -89579.005    -1.822     0.82    0.85
 -89202.750    -1.178     1.71    1.49
 -88826.479    -0.643     1.42    1.49
 -88450.190    -0.496     0.39    1.40
 -88073.883    -0.203     0.78    1.19
 -87697.560    -0.246    -0.12    1.03
 -87321.219    -0.434    -0.50    1.03
 -86944.861    -0.755    -0.85    1.13
 -86568.486    -1.155    -1.06    1.22
 -86192.093    -1.570    -1.10    1.00
 -85815.683    -1.631    -0.16    0.97
 -85439.256    -1.644    -0.03    0.80
 -85062.812    -1.806    -0.43    0.53
 -84686.350    -1.911    -0.28    0.43
 -84309.871    -2.036    -0.33    0.40
 -83933.375    -2.155    -0.32    0.00
 -83556.862    -2.155     0.00    0.00
 -83180.331    -2.155     0.00    0.00
 -82803.783    -2.155     0.00    0.00
 -82427.217    -2.155     0.00    0.00
 -82050.635    -2.155     0.00    0.00
 -81674.035    -2.155     0.00    0.00
 -81297.417    -2.155     0.00    0.00
 -80920.782    -2.155     0.00    0.00
 -80544.130    -2.155     0.00    0.00
 -80167.461    -2.155     0.00    0.00
 -79790.774    -2.155     0.00    0.00
 -79414.070    -2.155     0.00    0.00
 -79037.349    -1.946     0.56    0.60
 -78660.610    -1.542     1.07    1.04
 -78283.854    -1.473     0.18    1.09
 -77907.081    -1.441     0.09    1.11
 -77530.290    -1.713    -0.72    0.88
 -77153.482    -1.992    -0.74    0.37
 -76776.657    -1.905     0.23    0.53
 -76399.814    -2.019    -0.30    0.46
 -76022.953    -1.951     0.18    0.67
 -75646.076    -1.973    -0.06    0.62
 -75269.181    -2.016    -0.11    0.47
 -74892.268    -1.951     0.17    0.59
 -74515.338    -1.837     0.30    0.67
 -74138.391    -1.542     0.78    0.81
 -73761.427    -1.271     0.72    1.00
 -73384.445    -0.806     1.23    1.59
 -73007.445    -0.341     1.23    2.06
 -72630.428    -0.109     0.62    2.07
 -72253.394     0.031     0.37    1.98
 -71876.342    -0.155    -0.49    1.63
 -71499.273    -0.318    -0.43    0.97
 -71122.187    -0.109     0.56    0.84
 -70745.083     0.118     0.60    1.11
 -70367.961     0.527     1.08    1.74
 -69994.083     0.390    -0.36    1.72
 -69620.392     0.449     0.16    1.24
 -69246.683     0.612     0.44    1.11
 -68872.958     0.458    -0.41    1.42
 -68499.215    -0.110    -1.52    1.70
 -68125.455    -0.428    -0.85    1.60
 -67751.678    -0.632    -0.55    1.42
 -67377.884    -1.019    -1.03    1.03
 -67004.073    -1.016     0.01    0.83
 -66630.244    -0.928     0.23    0.60
 -66256.399    -0.723     0.55    0.87
 -65882.536    -0.723     0.00    1.00
 -65508.656    -0.783    -0.16    1.09
 -65134.759    -0.905    -0.33    1.10
 -64760.845    -0.928    -0.06    0.91
 -64386.913    -0.928     0.00    0.89
 -64012.965    -0.644     0.76    1.08
 -63638.999    -0.451     0.52    1.13
 -63265.016    -0.496    -0.12    1.08
 -62891.016    -0.551    -0.15    0.98
 -62516.999    -0.678    -0.34    0.63
 -62142.964    -0.632     0.12    0.59
 -61768.912    -0.533     0.27    0.68
 -61394.843    -0.551    -0.05    0.73
 -61020.757    -0.574    -0.06    0.76
 -60646.654    -0.574     0.00    0.79
 -60272.533    -0.574     0.00    0.73
 -59898.396    -0.600    -0.07    0.87
 -59524.241    -0.481     0.32    0.89
 -59150.068    -0.533    -0.14    0.94
 -58775.879    -1.062    -1.41    1.04
 -58401.672    -1.465    -1.08    0.95
 -58027.448    -1.882    -1.12    0.62
 -57653.207    -2.155    -0.73    0.00
 -57278.948    -2.155     0.00    0.00
 -56904.673    -2.155     0.00    0.00
 -56530.380    -2.155     0.00    0.00
 -56156.069    -2.155     0.00    0.00
 -55781.742    -2.155     0.00    0.00
 -55407.397    -2.155     0.00    0.00
 -55033.035    -2.155     0.00    0.00
 -54658.656    -2.155     0.00    0.00
 -54284.259    -2.155     0.00    0.00
 -53909.845    -2.155     0.00    0.00
 -53535.414    -2.155     0.00    0.00
 -53160.965    -2.155     0.00    0.00
 -52786.499    -2.155     0.00    0.00
 -52412.016    -2.019     0.36    0.51
 -52037.516    -1.837     0.49    0.74
 -51662.998    -1.620     0.58    0.83
 -51288.463    -1.481     0.37    0.84
 -50913.910    -1.678    -0.53    0.73
 -50539.341    -1.667     0.03    0.83
 -50164.754    -1.511     0.42    0.93
 -49790.149    -1.178     0.89    1.05
 -49415.527    -0.814     0.97    0.94
 -49040.888    -0.667     0.39    0.94
 -48666.232    -0.846    -0.48    1.02
 -48291.558    -0.923    -0.21    0.97
 -47916.867    -0.830     0.25    0.94
 -47542.158    -0.600     0.61    1.03
 -47167.432    -0.504     0.26    1.07
 -46792.689    -0.222     0.75    1.10
 -46417.928    -0.155     0.18    1.24
 -46043.150    -0.012     0.38    1.39
 -45668.355    -0.202    -0.51    1.34
 -45293.542    -0.318    -0.31    1.33
 -44918.712    -0.587    -0.72    1.11
 -44543.864    -0.792    -0.55    0.99
 -44168.999    -0.764     0.07    1.08
 -43794.117    -0.678     0.23    1.23
 -43419.217    -0.457     0.59    1.15
 -43044.300    -0.337     0.32    1.08
 -42669.365    -0.473    -0.36    1.09
 -42294.413    -0.610    -0.36    0.87
 -41919.443    -0.632    -0.06    0.88
 -41544.456    -0.723    -0.24    0.93
 -41169.452    -0.928    -0.55    0.96
 -40794.430    -0.853     0.20    1.19
 -40419.391    -0.655     0.53    1.59
 -40044.334    -0.519     0.36    1.69
 -39669.260    -0.428     0.24    1.66
 -39294.168    -0.364     0.17    1.64
 -38919.059    -0.337     0.07    1.40
 -38543.933    -0.039     0.79    1.50
 -38168.789     0.287     0.87    1.69
 -37793.627     0.504     0.58    1.96
 -37418.448     0.527     0.06    1.89
 -37043.252     0.178    -0.93    1.88
 -36668.038     0.263     0.23    1.58
 -36292.806     0.124    -0.37    1.37
 -35917.557    -0.042    -0.44    1.47
 -35542.291    -0.318    -0.74    1.36
 -35167.007    -0.564    -0.66    1.17
 -34791.705    -0.574    -0.03    1.05
 -34416.386    -0.519     0.15    0.87
 -34041.050    -0.016     1.34    1.63
 -33665.696     0.556     1.52    1.79
 -33290.324     0.754     0.53    1.75
 -32914.935     0.799     0.12    1.93
 -32539.529     0.299    -1.33    2.06
 -32164.104    -0.564    -2.30    1.53
 -31788.663    -0.996    -1.15    1.41
 -31413.203    -1.064    -0.18    1.05
 -31037.727    -0.905     0.42    1.01
 -30662.232    -0.746     0.42    1.17
 -30286.720    -0.678     0.18    1.15
 -29911.191    -0.610     0.18    1.25
 -29535.644    -0.946    -0.90    1.32
 -29160.079    -1.382    -1.16    1.16
 -28784.497    -1.860    -1.27    0.82
 -28408.897    -2.155    -0.79    0.00
 -28033.280    -2.155     0.00    0.00
 -27657.645    -2.155     0.00    0.00
 -27281.992    -2.155     0.00    0.00
 -26906.322    -2.155     0.00    0.00
 -26530.634    -2.155     0.00    0.00
 -26154.929    -2.155     0.00    0.00
 -25779.206    -2.155     0.00    0.00
 -25403.465    -2.155     0.00    0.00
 -25027.707    -2.155     0.00    0.00
 -24651.931    -2.155     0.00    0.00
 -24276.137    -2.155     0.00    0.00
 -23900.326    -2.155     0.00    0.00
 -23524.497    -2.155     0.00    0.00
 -23148.651    -2.155     0.00    0.00
 -22772.787    -2.155     0.00    0.00
 -22396.905    -2.155     0.00    0.00
 -22021.006    -2.155     0.00    0.00
 -21645.088    -2.155     0.00    0.00
 -21269.154    -2.155     0.00    0.00
 -20893.201    -1.837     0.85    0.80
 -20517.231    -1.200     1.70    1.15
 -20141.243    -0.441     2.02    1.61
 -19765.238     0.231     1.79    1.71
 -19389.215     0.378     0.39    1.71
 -19013.174     0.054    -0.86    1.60
 -18637.115    -0.388    -1.17    1.27
 -18261.039    -0.584    -0.52    1.21
 -17884.945    -1.177    -1.58    0.99
 -17508.834    -1.465    -0.76    0.92
 -17132.704    -1.905    -1.17    0.65
 -16756.557    -2.155    -0.66    0.00
 -16380.392    -2.155     0.00    0.00
 -16004.210    -2.155     0.00    0.00
 -15628.009    -2.155     0.00    0.00
 -15251.791    -2.155     0.00    0.00
 -14875.556    -2.155     0.00    0.00
 -14499.302    -2.155     0.00    0.00
 -14123.031    -2.155     0.00    0.00
 -13746.742    -2.155     0.00    0.00
 -13370.435    -2.155     0.00    0.00
 -12994.110    -2.155     0.00    0.00
 -12617.768    -2.155     0.00    0.00
 -12241.408    -1.314     2.23    1.60
 -11865.030    -0.644     1.78    1.83
 -11488.635    -0.132     1.36    1.61
 -11112.221    -0.105     0.07    1.28
 -10735.790    -0.564    -1.22    1.09
 -10359.341    -0.132     1.15    1.71
  -9982.874    -0.337    -0.54    1.69
  -9606.389    -0.444    -0.28    1.67
  -9229.887    -0.555    -0.30    1.84
  -8853.367    -0.087     1.24    2.06
  -8476.829     0.095     0.48    2.20
  -8100.273     0.663     1.51    2.57
  -7723.699     1.008     0.92    2.45
  -7347.108     1.163     0.41    2.30
  -6970.498     1.686     1.39    2.98
  -6593.871     2.095     1.09    3.20
  -6217.226     2.640     1.45    3.20
  -5840.563     3.162     1.38    3.95
  -5463.882     2.689    -1.25    4.36
  -5087.184     1.163    -4.05    3.74
  -4710.467     0.403    -2.02    3.05
  -4333.733     0.958     1.47    3.10
  -3956.981     2.608     4.38    3.51
  -3580.210     3.936     3.52    3.65
  -3203.423     5.958     5.37    3.88
  -2826.617     7.208     3.32    3.79
  -2449.793     7.618     1.09    3.78
  -2072.951     7.495    -0.33    4.48
  -1696.092     6.095    -3.71    4.21
  -1319.214     5.024    -2.84    3.65
   -942.319     3.321    -4.52    3.31
   -565.406     1.612    -4.53    3.05
   -188.475     0.845    -2.04    2.89
    188.475     0.734    -0.29    2.56
    565.442     1.503     2.04    2.52
    942.427     1.822     0.85    2.39
   1319.429     1.077    -1.98    1.95
   1696.450     0.527    -1.46    1.81
   2073.489     0.277    -0.66    1.91
   2450.546     0.035    -0.64    1.70
   2827.620    -0.133    -0.45    1.63
   3204.713    -0.178    -0.12    1.54
   3581.824    -0.062     0.31    1.49
   3958.952     0.217     0.74    1.56
   4336.099     0.208    -0.02    1.67
   4713.082     0.027    -0.48    1.59
   5086.697    -0.346    -1.00    1.58
   5460.330    -0.201     0.39    1.71
   5833.980    -0.155     0.12    1.74
   6207.648    -0.110     0.12    1.70
   6581.334    -0.248    -0.37    1.39
   6955.037    -0.504    -0.68    1.02
   7328.758    -0.564    -0.16    1.02
   7702.496    -0.512     0.14    0.93
   8076.253    -0.292     0.59    1.09
   8450.026    -0.087     0.55    0.97
   8823.818     0.027     0.30    0.92
   9197.627    -0.314    -0.91    1.27
   9571.454    -0.899    -1.57    1.31
   9945.299    -1.451    -1.47    1.17
  10319.161    -2.084    -1.69    0.34
  10693.041    -2.155    -0.19    0.00
  11066.938    -2.155     0.00    0.00
  11440.854    -2.155     0.00    0.00
  11814.787    -2.155     0.00    0.00
  12188.737    -2.155     0.00    0.00
  12562.706    -2.155     0.00    0.00
  12936.692    -2.155     0.00    0.00
  13310.695    -2.155     0.00    0.00
  13684.717    -2.155     0.00    0.00
  14058.756    -2.155     0.00    0.00
  14432.813    -2.155     0.00    0.00
  14806.888    -2.155     0.00    0.00
  15180.980    -2.155     0.00    0.00
  15555.091    -2.155     0.00    0.00
  15929.219    -2.155     0.00    0.00
  16303.364    -2.155     0.00    0.00
  16677.528    -2.155     0.00    0.00
  17051.709    -2.155     0.00    0.00
  17425.908    -2.155     0.00    0.00
  17800.125    -2.155     0.00    0.00
  18174.359    -2.155     0.00    0.00
  18548.611    -2.155     0.00    0.00
  18922.881    -2.155     0.00    0.00
  19297.169    -2.155     0.00    0.00
  19671.475    -2.155     0.00    0.00
  20045.798    -2.155     0.00    0.00
  20420.139    -2.155     0.00    0.00
  20794.498    -2.155     0.00    0.00
  21168.875    -2.155     0.00    0.00
  21543.270    -2.155     0.00    0.00
  21917.682    -2.155     0.00    0.00
  22292.113    -2.155     0.00    0.00
  22666.561    -2.155     0.00    0.00
  23041.027    -2.155     0.00    0.00
  23415.510    -2.155     0.00    0.00
  23790.012    -2.155     0.00    0.00
  24164.531    -2.155     0.00    0.00
  24539.069    -2.155     0.00    0.00
  24913.624    -2.155     0.00    0.00
  25288.197    -2.155     0.00    0.00
  25662.788    -2.155     0.00    0.00
  26037.397    -2.155     0.00    0.00
  26412.023    -2.155     0.00    0.00
  26786.668    -2.155     0.00    0.00
  27161.330    -2.155     0.00    0.00
  27536.010    -2.155     0.00    0.00
  27910.708    -2.155     0.00    0.00
  28285.424    -2.155     0.00    0.00
  28660.158    -2.155     0.00    0.00
  29034.910    -2.155     0.00    0.00
  29409.680    -2.155     0.00    0.00
  29784.467    -2.155     0.00    0.00
  30159.273    -2.155     0.00    0.00
  30534.096    -2.155     0.00    0.00
  30908.938    -1.860     0.79    0.90
  31283.797    -1.246     1.64    1.52
  31658.674    -0.792     1.21    1.66
  32033.569    -0.087     1.88    1.65
  32408.482     0.208     0.79    1.56
  32783.413     0.380     0.46    1.28
  33158.362     0.400     0.06    1.16
  33533.329     0.595     0.52    0.99
  33908.314     0.845     0.67    0.84
  34283.317     0.936     0.24    0.83
  34658.338     0.958     0.06    0.89
  35033.377     0.981     0.06    0.90
  35408.433     0.890    -0.24    1.01
  35783.508     0.913     0.06    0.97
  36158.601     0.595    -0.85    1.12
  36533.712     0.436    -0.42    1.21
  36908.840     0.368    -0.18    1.05
  37283.987     0.566     0.53    1.16
  37659.152     0.822     0.68    1.00
  38034.335     0.754    -0.18    0.83
  38409.535     0.708    -0.12    0.95
  38784.754     0.549    -0.42    0.90
  39159.991     0.623     0.20    0.95
  39535.246     0.797     0.47    1.08
  39910.519     0.958     0.43    1.10
  40285.809     1.134     0.47    1.08
  40661.118     1.527     1.05    0.91
  41036.445     1.458    -0.18    0.75
  41411.790     1.705     0.66    0.71
  41787.153     1.913     0.55    0.76
  42162.534     2.107     0.52    1.01
  42537.934     2.595     1.30    1.37
  42913.351     3.356     2.03    1.74
  43288.786     4.481     3.00    2.11
  43664.240     5.868     3.69    2.03
  44039.711     6.705     2.23    1.75
  44415.201     7.889     3.15    1.48
  44790.708     8.559     1.78    1.40
  45166.234     8.754     0.52    1.22
  45541.778     8.663    -0.24    1.24
  45917.340     8.277    -1.03    1.55
  46292.920     7.868    -1.09    1.73
  46668.518     7.726    -0.38    1.68
  47044.134     7.023    -1.87    2.52
  47419.768     6.440    -1.55    3.39
  47795.421     5.734    -1.88    3.79
  48171.092     4.981    -2.00    3.97
  48546.780     4.054    -2.47    3.75
  48922.487     4.640     1.56    4.01
  49298.212     5.745     2.94    4.48
  49673.955     7.423     4.47    4.52
  50049.717     8.659     3.29    3.51
  50425.496     9.436     2.07    3.14
  50801.294    10.031     1.58    3.34
  51177.110    11.281     3.33    3.69
  51552.944    12.890     4.28    3.33
  51928.796    13.345     1.21    2.99
  52304.666    13.489     0.38    3.05
  52680.555    13.095    -1.05    3.64
  53056.462    12.481    -1.63    3.29
  53432.386    12.731     0.67    3.51
  53808.330    12.870     0.37    3.41
  54184.291    12.708    -0.43    3.45
  54560.270    13.392     1.82    3.53
  54936.268    13.223    -0.45    3.40
  55312.284    12.934    -0.77    3.48
  55688.318    13.356     1.12    3.59
  56064.371    13.754     1.06    3.41
  56440.441    13.897     0.38    3.55
  56816.530    13.322    -1.53    3.05
  57192.637    13.589     0.71    2.75
  57568.762    13.089    -1.33    2.80
  57944.906    12.978    -0.30    3.05
  58321.068    13.178     0.53    3.11
  58697.248    13.708     1.41    3.45
  59073.446    14.742     2.75    3.05
  59449.663    15.186     1.18    3.31
  59825.898    15.822     1.69    3.34
  60202.151    15.663    -0.42    3.05
  60578.422    15.534    -0.34    3.23
  60954.712    14.720    -2.16    3.06
  61331.020    14.140    -1.54    2.78
  61707.346    13.495    -1.72    2.82
  62083.691    12.416    -2.87    2.38
  62460.054    12.458     0.11    2.34
  62836.435    12.566     0.29    2.03
  63212.834    13.667     2.93    2.98
  63589.252    16.178     6.67    4.92
  63965.688    17.027     2.25    4.71
  64342.143    17.473     1.19    4.50
  64718.616    17.572     0.26    3.90
  65095.107    16.868    -1.87    2.48
  65471.616    17.702     2.22    3.45
  65848.144    19.023     3.51    4.22
  66224.690    20.031     2.68    4.38
  66601.255    21.534     3.99    4.11
  66977.837    21.868     0.89    4.12
  67354.439    22.475     1.61    4.45
  67731.058    22.027    -1.19    4.36
  68107.696    21.392    -1.68    4.60
  68484.353    22.734     3.56    4.53
  68861.027    23.345     1.62    4.35
  69237.720    23.618     0.72    4.16
  69614.432    24.458     2.23    4.24
  69991.162    24.049    -1.09    4.46
  70367.910    25.072     2.71    4.23
  70744.677    25.208     0.36    4.12
  71121.462    25.368     0.42    4.25
  71498.265    25.368     0.00    4.60
  71875.087    25.572     0.54    5.05
  72251.928    25.186    -1.03    5.72
  72628.786    25.618     1.15    5.75
  73005.664    26.072     1.21    5.49
  73382.559    25.640    -1.15    4.97
  73759.473    25.961     0.85    3.89
  74136.406    27.978     5.35    4.47
  74513.357    29.607     4.32    3.69
  74890.326    29.981     0.99    4.57
  75267.314    30.667     1.82    4.78
  75644.320    29.618    -2.78    4.19
  76021.345    29.400    -0.58    4.08
  76398.388    30.583     3.14    4.36
  76775.450    32.149     4.15    4.78
  77152.530    35.011     7.59    4.50
  77529.629    37.390     6.31    3.85
  77906.746    38.705     3.49    4.55
  78283.882    40.162     3.86    4.90
  78661.036    40.936     2.05    4.86
  79038.209    41.945     2.68    4.48
  79415.400    43.223     3.39    4.37
  79792.043    43.845     1.65    3.99
  80165.602    44.754     2.43    3.59
  80539.178    46.958     5.90    3.71
  80912.773    48.845     5.05    3.53
  81286.386    50.390     4.14    3.34
  81660.017    50.245    -0.39    3.24
  82033.666    50.534     0.77    3.53
  82407.333    52.008     3.94    3.70
  82781.019    52.549     1.45    3.42
  83154.722    50.981    -4.20    4.71
  83528.444    48.995    -5.32    4.42
  83902.184    47.845    -3.08    4.26
  84275.942    47.970     0.33    4.56
  84649.719    49.200     3.29    4.59
  85023.513    50.380     3.16    4.98
  85397.326    49.004    -3.68    6.74
  85771.157    47.913    -2.92    7.34
  86145.006    45.650    -6.05    7.24
  86518.874    43.640    -5.38    7.71
  86892.760    41.970    -4.47    8.05
  87266.663    41.245    -1.94    8.90
  87640.586    40.473    -2.07    8.76
  88014.526    39.595    -2.35    7.28
  88388.484    40.299     1.88    6.14
  88762.461    40.845     1.46    5.18
  89136.456    39.618    -3.28    4.57
  89510.470    39.795     0.47    4.59
  89884.501    39.504    -0.78    3.64
  90258.551    41.380     5.02    4.36
  90632.619    42.708     3.55    3.30
  91006.705    43.708     2.67    3.84
  91380.810    42.894    -2.18    3.99
  91754.933    43.640     2.00    3.76
  92129.074    44.395     2.02    3.99
  92503.234    44.049    -0.92    3.55
  92877.411    43.845    -0.55    3.74
  93251.607    42.868    -2.61    3.76
  93625.822    41.936    -2.49    3.74
  94000.054    43.131     3.19    4.59
  94374.305    44.845     4.58    4.54
  94748.575    45.670     2.20    4.36
  95122.862    46.890     3.26    3.91
  95497.168    47.958     2.85    4.00
  95871.493    48.578     1.66    4.02
  96245.835    49.027     1.20    4.14
  96620.196    49.250     0.60    4.43
  96994.575    49.254     0.01    4.78
  97368.973    49.691     1.17    5.01
  97743.389    49.186    -1.35    5.39
  98117.823    48.118    -2.85    5.19
  98492.276    48.140     0.06    5.11
  98866.747    48.186     0.12    5.18
  99241.236    49.011     2.21    5.47
  99615.744    49.549     1.44    5.64
  99990.270    50.601     2.81    5.09
 100364.815    51.640     2.78    4.57
 100739.378    53.049     3.76    4.66
 101113.959    55.140     5.58    4.75
 101488.559    56.708     4.19    4.48
 101863.177    57.577     2.32    4.27
 102237.814    56.981    -1.59    3.90
 102612.469    56.430    -1.47    3.26
 102987.142    56.368    -0.17    2.82
 103361.834    56.798     1.15    2.68
 103736.544    56.913     0.31    2.95
 104111.273    57.299     1.03    2.64
 104486.020    58.479     3.15    3.38
 104860.785    61.208     7.28    4.24
 105235.569    64.654     9.20    5.07
 105610.371    68.101     9.20    5.23
 105985.192    72.549    11.87    5.81
 106360.032    75.049     6.67    5.45
 106734.889    77.454     6.41    5.21
 107109.766    78.773     3.52    5.26
 107484.660    78.667    -0.28    5.96
 107859.574    77.915    -2.01    5.56
 108234.505    76.426    -3.97    5.90
 108609.455    75.711    -1.91    5.30
 108984.424    76.223     1.36    5.01
 109359.411    78.823     6.93    5.57
 109734.417    81.273     6.54    5.67
 110109.441    83.934     7.09    5.74
 110484.483    87.287     8.94    6.37
 110859.545    89.208     5.12    6.47
 111234.624    89.845     1.70    5.94
 111609.722    89.845     0.00    5.97
 111984.839    86.436    -9.09    7.56
 112359.974    82.891    -9.45    6.39
 112735.128    83.334     1.18    6.64
 113110.301    85.868     6.75    7.63
 113485.491    90.686    12.84    8.15
 113860.701    97.118    17.14    7.35
 114235.929   100.845     9.93    5.83
 114611.175   101.390     1.45    5.25
 114986.440    99.299    -5.57    7.32
 115361.724    95.913    -9.02    7.89
 115737.026    91.095   -12.84    9.35
 116112.347    85.208   -15.69    8.76
 116487.686    82.368    -7.57    6.66
 116863.044    81.072    -3.45    5.25
 117238.421    81.588     1.38    5.46
 117613.816    84.309     7.25    4.74
