-203061.380    45.712     0.00    6.51
-202685.008    48.497     7.40    7.05
-202308.654    52.278    10.05    7.23
-201932.320    52.893     1.63    6.84
-201556.003    54.212     3.50    5.98
-201179.706    54.507     0.79    5.36
-200803.427    55.037     1.41    4.66
-200427.167    55.689     1.73    4.43
-200050.926    55.816     0.34    4.06
-199674.703    55.256    -1.49    4.72
-199298.499    52.789    -6.56    5.16
-198922.314    50.688    -5.59    4.83
-198546.147    47.757    -7.79    5.88
-198169.999    44.762    -7.96    6.44
-197793.870    42.098    -7.08    5.55
-197417.759    39.575    -6.71    5.59
-197041.667    38.389    -3.15    5.54
-196665.594    36.121    -6.03    4.64
-196289.539    36.480     0.96    7.34
-195913.502    41.553    13.49   11.47
-195537.485    47.262    15.19   11.42
-195161.486    51.575    11.47    9.19
-194785.505    53.757     5.80    7.67
-194409.544    55.098     3.57    7.02
-194033.600    58.701     9.58    7.40
-193657.676    62.812    10.94    6.19
-193281.770    63.780     2.58    5.24
-192905.882    63.616    -0.43    4.53
-192530.013    62.283    -3.55    4.50
-192154.163    60.678    -4.27    3.27
-191778.332    60.030    -1.73    2.98
-191402.518    58.016    -5.36    3.73
-191026.724    56.259    -4.68    3.84
-190650.948    55.101    -3.08    4.61
-190275.190    53.416    -4.48    5.38
-189899.451    52.842    -1.53    5.52
-189523.731    52.439    -1.07    6.12
-189148.029    52.514     0.20    6.95
-188772.346    52.472    -0.11    7.19
-188396.681    54.351     5.00    6.20
-188021.035    52.056    -6.11    6.99
-187645.407    47.166   -13.02    9.11
-187269.798    39.429   -20.60   10.91
-186894.207    33.484   -15.83    9.52
-186518.635    28.371   -13.62    5.25
-186143.081    26.416    -5.21    3.64
-185767.546    25.607    -2.16    3.13
-185392.029    25.278    -0.88    3.34
-185016.531    24.962    -0.84    3.36
-184641.051    24.690    -0.72    3.30
-184265.590    24.745     0.15    3.49
-183890.147    24.939     0.52    3.62
-183514.723    29.189    11.32    8.54
-183139.317    34.325    13.68   11.13
-182763.930    40.962    17.68   12.37
-182388.561    47.345    17.01    9.41
-182013.210    48.893     4.13    6.44
-181637.878    46.701    -5.84    6.40
-181262.565    43.538    -8.43    5.33
-180887.269    41.901    -4.36    5.42
-180511.993    39.901    -5.33    5.75
-180136.734    37.374    -6.73    5.68
-179761.494    35.007    -6.31    5.54
-179386.273    31.598    -9.09    5.28
-179011.070    27.621   -10.60    6.19
-178635.885    24.755    -7.64    5.28
-178260.719    23.303    -3.87    4.20
-177885.571    23.412     0.29    4.17
-177510.442    24.933     4.06    3.99
-177135.331    28.212     8.74    4.43
-176760.238    31.331     8.32    4.58
-176385.164    36.189    12.95    7.75
-176010.108    42.407    16.58   10.11
-175635.070    46.421    10.70   10.05
-175260.051    50.416    10.66    9.07
-174885.050    51.474     2.82    8.06
-174510.068    54.386     7.77    6.92
-174135.104    56.537     5.74    6.17
-173760.158    58.007     3.92    5.11
-173385.230    58.916     2.43    3.74
-173010.321    56.886    -5.42    5.71
-172635.431    53.598    -8.77    5.60
-172260.558    52.307    -3.44    4.93
-171885.704    53.386     2.88    5.33
-171510.868    56.188     7.48    4.69
-171136.051    58.012     4.87    3.98
-170761.252    57.747    -0.71    4.22
-170386.471    56.863    -2.36    4.43
-170011.708    54.280    -6.89    4.56
-169636.964    51.862    -6.45    5.18
-169262.238    49.789    -5.53    5.08
-168887.531    47.002    -7.44    4.04
-168512.841    46.098    -2.41    3.83
-168138.170    45.840    -0.69    3.71
-167763.517    46.114     0.73    4.18
-167388.883    46.939     2.20    4.78
-167014.267    47.537     1.60    4.99
-166639.669    48.945     3.76    4.89
-166265.089    48.956     0.03    4.33
-165890.527    48.053    -2.41    4.09
-165515.984    47.280    -2.06    3.93
-165141.459    46.862    -1.12    3.40
-164766.952    46.348    -1.37    3.53
-164392.464    45.937    -1.10    3.90
-164017.994    45.123    -2.17    3.98
-163643.542    43.328    -4.79    4.48
-163269.108    40.984    -6.26    4.57
-162894.692    37.621    -8.99    5.00
-162520.295    34.912    -7.24    4.74
-162145.916    32.984    -5.15    4.95
-161771.554    31.412    -4.20    4.85
-161397.212    30.323    -2.91    4.34
-161022.887    29.188    -3.03    3.65
-160648.581    27.962    -3.28    3.54
-160274.292    26.166    -4.80    3.81
-159900.022    26.285     0.32    4.50
-159525.770    26.893     1.63    4.77
-159151.537    27.412     1.38    5.10
-158777.321    26.678    -1.96    4.18
-158403.124    26.235    -1.19    3.62
-158028.945    25.507    -1.95    3.45
-157654.784    25.143    -0.97    3.16
-157280.641    24.456    -1.84    2.78
-156906.516    23.689    -2.05    2.45
-156532.409    23.687    -0.01    2.69
-156158.321    25.416     4.62    3.93
-155784.250    28.491     8.22    5.03
-155410.198    30.916     6.49    4.87
-155036.164    32.416     4.01    3.82
-154662.148    31.456    -2.57    3.57
-154288.150    30.053    -3.75    3.58
-153914.170    28.382    -4.47    3.33
-153540.209    26.484    -5.08    3.94
-153166.265    24.816    -4.46    4.20
-152792.340    24.030    -2.10    4.02
-152418.432    24.371     0.91    4.14
-152044.543    25.602     3.29    3.42
-151670.672    25.166    -1.17    3.14
-151296.819    23.637    -4.09    3.88
-150922.983    20.984    -7.10    4.03
-150549.166    18.351    -7.05    3.81
-150175.367    16.848    -4.02    3.04
-149801.587    15.803    -2.80    2.68
-149427.824    15.783    -0.05    3.12
-149054.079    16.780     2.67    3.46
-148680.352    19.494     7.26    4.41
-148306.644    23.212     9.95    5.90
-147932.953    26.840     9.71    4.83
-147559.280    29.301     6.59    3.76
-147185.626    29.389     0.24    3.51
-146811.989    28.402    -2.64    3.31
-146438.370    27.075    -3.55    3.53
-146063.150    25.135    -5.17    4.10
-145685.920    23.371    -4.68    4.47
-145308.708    21.393    -5.24    4.56
-144931.514    19.026    -6.28    3.87
-144554.339    17.056    -5.22    4.16
-144177.183    15.262    -4.76    4.31
-143800.044    12.712    -6.76    4.74
-143422.924    10.417    -6.09    4.50
-143045.823     7.770    -7.02    2.65
-142668.739     7.280    -1.30    2.36
-142291.674     7.402     0.32    2.70
-141914.628     7.545     0.38    3.16
-141537.599     7.474    -0.19    4.08
-141160.589     6.416    -2.80    4.73
-140783.598     4.848    -4.16    5.01
-140406.624     5.689     2.23    6.37
-140029.669     7.916     5.91    7.17
-139652.733     9.854     5.14    7.10
-139275.814    11.612     4.66    5.37
-138898.914    11.421    -0.51    3.43
-138522.033    11.825     1.07    3.17
-138145.169    10.462    -3.62    3.62
-137768.324     9.367    -2.90    4.44
-137391.497     6.871    -6.63    5.52
-137014.688     5.926    -2.51    5.60
-136637.898     7.167     3.29    5.98
-136261.126     9.280     5.61    5.45
-135884.372    10.621     3.56    3.73
-135507.637    10.825     0.54    3.01
-135130.919    10.053    -2.05    2.31
-134754.220    10.075     0.06    2.69
-134377.539    10.598     1.39    2.78
-134000.877     8.916    -4.47    4.17
-133624.233     6.030    -7.66    5.10
-133247.607     3.280    -7.30    5.12
-132870.999     0.351    -7.78    3.01
-132494.409    -0.788    -3.03    0.00
-132117.838    -0.788     0.00    0.00
-131741.284    -0.788     0.00    0.00
-131364.750    -0.788     0.00    0.00
-130988.233    -0.788     0.00    0.00
-130611.734    -0.788     0.00    0.00
-130235.254    -0.788     0.00    0.00
-129858.792    -0.788     0.00    0.00
-129482.348    -0.788     0.00    0.00
-129105.922    -0.788     0.00    0.00
-128729.514    -0.788     0.00    0.00
-128353.125    -0.788     0.00    0.00
-127976.754    -0.788     0.00    0.00
-127600.400    -0.788     0.00    0.00
-127224.066    -0.788     0.00    0.00
-126847.749    -0.788     0.00    0.00
-126471.450    -0.788     0.00    0.00
-126095.170    -0.788     0.00    0.00
-125718.907    -0.788     0.00    0.00
-125342.663    -0.788     0.00    0.00
-124966.437    -0.788     0.00    0.00
-124590.229    -0.788     0.00    0.00
-124214.039    -0.788     0.00    0.00
-123837.868    -0.788     0.00    0.00
-123461.714    -0.788     0.00    0.00
-123085.579    -0.788     0.00    0.00
-122709.461    -0.788     0.00    0.00
-122333.362    -0.788     0.00    0.00
-121957.281    -0.788     0.00    0.00
-121581.218    -0.788     0.00    0.00
-121205.173    -0.788     0.00    0.00
-120829.146    -0.788     0.00    0.00
-120453.137    -0.788     0.00    0.00
-120077.146    -0.788     0.00    0.00
-119701.174    -0.788     0.00    0.00
-119325.219    -0.788     0.00    0.00
-118949.283    -0.788     0.00    0.00
-118573.364    -0.788     0.00    0.00
-118197.464    -0.788     0.00    0.00
-117821.581    -0.788     0.00    0.00
-117445.717    -0.788     0.00    0.00
-117069.871    -0.788     0.00    0.00
-116694.042    -0.788     0.00    0.00
-116318.232    -0.788     0.00    0.00
-115942.440    -0.788     0.00    0.00
-115566.666    -0.788     0.00    0.00
-115190.910    -0.788     0.00    0.00
-114815.172    -0.788     0.00    0.00
-114439.451    -0.788     0.00    0.00
-114063.749    -0.788     0.00    0.00
-113688.065    -0.788     0.00    0.00
-113312.399    -0.788     0.00    0.00
-112936.751    -0.788     0.00    0.00
-112561.121    -0.788     0.00    0.00
-112185.509    -0.788     0.00    0.00
-111809.914    -0.788     0.00    0.00
-111434.338    -0.788     0.00    0.00
-111058.780    -0.788     0.00    0.00
-110683.240    -0.788     0.00    0.00
-110307.717    -0.788     0.00    0.00
-109932.213    -0.788     0.00    0.00
-109556.726    -0.788     0.00    0.00
-109181.258    -0.788     0.00    0.00
-108805.807    -0.788     0.00    0.00
-108430.375    -0.788     0.00    0.00
-108054.960    -0.788     0.00    0.00
-107679.563    -0.788     0.00    0.00
-107304.185    -0.788     0.00    0.00
-106928.824    -0.788     0.00    0.00
-106553.481    -0.788     0.00    0.00
-106178.156    -0.788     0.00    0.00
-105802.848    -0.788     0.00    0.00
-105427.559    -0.788     0.00    0.00
-105052.288    -0.788     0.00    0.00
-104677.034    -0.788     0.00    0.00
-104301.799    -0.788     0.00    0.00
-103926.581    -0.788     0.00    0.00
-103551.381    -0.788     0.00    0.00
-103176.199    -0.788     0.00    0.00
-102801.035    -0.788     0.00    0.00
-102425.889    -0.788     0.00    0.00
-102050.760    -0.788     0.00    0.00
-101675.650    -0.788     0.00    0.00
-101300.557    -0.788     0.00    0.00
-100925.482    -0.788     0.00    0.00
-100550.425    -0.788     0.00    0.00
-100175.386    -0.788     0.00    0.00
 -99800.365    -0.788     0.00    0.00
 -99425.362    -0.788     0.00    0.00
 -99050.376    -0.788     0.00    0.00
 -98675.408    -0.788     0.00    0.00
 -98300.458    -0.788     0.00    0.00
 -97925.526    -0.788     0.00    0.00
 -97550.612    -0.788     0.00    0.00
 -97175.715    -0.788     0.00    0.00
 -96800.836    -0.788     0.00    0.00
 -96425.975    -0.788     0.00    0.00
 -96051.132    -0.788     0.00    0.00
 -95676.307    -0.788     0.00    0.00
 -95301.499    -0.788     0.00    0.00
 -94926.709    -0.788     0.00    0.00
 -94551.937    -0.788     0.00    0.00
 -94177.183    -0.788     0.00    0.00
 -93802.446    -0.788     0.00    0.00
 -93427.727    -0.788     0.00    0.00
 -93053.026    -0.788     0.00    0.00
 -92678.343    -0.788     0.00    0.00
 -92303.678    -0.788     0.00    0.00
 -91929.030    -0.788     0.00    0.00
 -91554.400    -0.788     0.00    0.00
 -91179.787    -0.788     0.00    0.00
 -90805.193    -0.788     0.00    0.00
 -90430.616    -0.788     0.00    0.00
 -90056.057    -0.788     0.00    0.00
 -89681.515    -0.788     0.00    0.00
 -89306.992    -0.788     0.00    0.00
 -88932.486    -0.788     0.00    0.00
 -88557.997    -0.788     0.00    0.00
 -88183.527    -0.788     0.00    0.00
 -87809.074    -0.788     0.00    0.00
 -87434.639    -0.788     0.00    0.00
 -87060.221    -0.788     0.00    0.00
 -86685.821    -0.788     0.00    0.00
 -86311.439    -0.788     0.00    0.00
 -85937.074    -0.788     0.00    0.00
 -85562.728    -0.788     0.00    0.00
 -85188.398    -0.788     0.00    0.00
 -84814.087    -0.788     0.00    0.00
 -84439.793    -0.788     0.00    0.00
 -84065.517    -0.788     0.00    0.00
 -83691.258    -0.788     0.00    0.00
 -83317.017    -0.788     0.00    0.00
 -82942.794    -0.788     0.00    0.00
 -82568.588    -0.788     0.00    0.00
 -82194.400    -0.788     0.00    0.00
 -81820.230    -0.788     0.00    0.00
 -81446.077    -0.788     0.00    0.00
 -81071.942    -0.788     0.00    0.00
 -80697.824    -0.788     0.00    0.00
 -80323.724    -0.788     0.00    0.00
 -79949.642    -0.788     0.00    0.00
 -79575.577    -0.788     0.00    0.00
 -79201.530    -0.788     0.00    0.00
 -78827.500    -0.788     0.00    0.00
 -78453.488    -0.788     0.00    0.00
 -78079.494    -0.788     0.00    0.00
 -77705.517    -0.788     0.00    0.00
 -77331.558    -0.788     0.00    0.00
 -76957.616    -0.788     0.00    0.00
 -76583.692    -0.788     0.00    0.00
 -76209.785    -0.788     0.00    0.00
 -75835.896    -0.788     0.00    0.00
 -75462.025    -0.788     0.00    0.00
 -75088.171    -0.788     0.00    0.00
 -74714.334    -0.788     0.00    0.00
 -74340.515    -0.788     0.00    0.00
 -73966.714    -0.788     0.00    0.00
 -73592.930    -0.788     0.00    0.00
 -73219.164    -0.788     0.00    0.00
 -72845.415    -0.788     0.00    0.00
 -72471.684    -0.788     0.00    0.00
 -72097.970    -0.788     0.00    0.00
 -71724.274    -0.788     0.00    0.00
 -71350.595    -0.788     0.00    0.00
 -70974.911    -0.788     0.00    0.00
 -70597.731    -0.788     0.00    0.00
 -70220.569    -0.788     0.00    0.00
 -69843.424    -0.788     0.00    0.00
 -69466.297    -0.788     0.00    0.00
 -69089.188    -0.788     0.00    0.00
 -68712.097    -0.788     0.00    0.00
 -68335.024    -0.788     0.00    0.00
 -67957.968    -0.788     0.00    0.00
 -67580.931    -0.788     0.00    0.00
 -67203.911    -0.788     0.00    0.00
 -66826.909    -0.788     0.00    0.00
 -66449.924    -0.788     0.00    0.00
 -66072.958    -0.788     0.00    0.00
 -65696.009    -0.788     0.00    0.00
 -65319.078    -0.788     0.00    0.00
 -64942.165    -0.788     0.00    0.00
 -64565.270    -0.788     0.00    0.00
 -64188.392    -0.788     0.00    0.00
 -63811.533    -0.788     0.00    0.00
 -63434.691    -0.788     0.00    0.00
 -63057.866    -0.788     0.00    0.00
 -62681.060    -0.788     0.00    0.00
 -62304.271    -0.788     0.00    0.00
 -61927.500    -0.788     0.00    0.00
 -61550.747    -0.788     0.00    0.00
 -61174.011    -0.788     0.00    0.00
 -60797.293    -0.788     0.00    0.00
 -60420.593    -0.788     0.00    0.00
 -60043.911    -0.788     0.00    0.00
 -59667.246    -0.788     0.00    0.00
 -59290.599    -0.788     0.00    0.00
 -58913.970    -0.788     0.00    0.00
 -58537.359    -0.788     0.00    0.00
 -58160.765    -0.788     0.00    0.00
 -57784.189    -0.788     0.00    0.00
 -57407.630    -0.788     0.00    0.00
 -57031.090    -0.788     0.00    0.00
 -56654.567    -0.788     0.00    0.00
 -56278.061    -0.788     0.00    0.00
 -55901.574    -0.788     0.00    0.00
 -55525.104    -0.788     0.00    0.00
 -55148.651    -0.788     0.00    0.00
 -54772.216    -0.788     0.00    0.00
 -54395.799    -0.788     0.00    0.00
 -54019.400    -0.788     0.00    0.00
 -53643.018    -0.788     0.00    0.00
 -53266.654    -0.788     0.00    0.00
 -52890.308    -0.788     0.00    0.00
 -52513.979    -0.788     0.00    0.00
 -52137.668    -0.788     0.00    0.00
 -51761.374    -0.788     0.00    0.00
 -51385.098    -0.788     0.00    0.00
 -51008.840    -0.788     0.00    0.00
 -50632.599    -0.788     0.00    0.00
 -50256.376    -0.788     0.00    0.00
 -49880.171    -0.788     0.00    0.00
 -49503.983    -0.788     0.00    0.00
 -49127.812    -0.788     0.00    0.00
 -48751.660    -0.788     0.00    0.00
 -48375.525    -0.788     0.00    0.00
 -47999.407    -0.788     0.00    0.00
 -47623.307    -0.788     0.00    0.00
 -47247.225    -0.788     0.00    0.00
 -46871.160    -0.788     0.00    0.00
 -46495.113    -0.788     0.00    0.00
 -46119.083    -0.788     0.00    0.00
 -45743.071    -0.788     0.00    0.00
 -45367.076    -0.788     0.00    0.00
 -44991.099    -0.788     0.00    0.00
 -44615.140    -0.788     0.00    0.00
 -44239.198    -0.788     0.00    0.00
 -43863.274    -0.788     0.00    0.00
 -43487.367    -0.788     0.00    0.00
 -43111.477    -0.788     0.00    0.00
 -42735.605    -0.788     0.00    0.00
 -42359.751    -0.788     0.00    0.00
 -41983.914    -0.788     0.00    0.00
 -41608.095    -0.788     0.00    0.00
 -41232.293    -0.788     0.00    0.00
 -40856.509    -0.788     0.00    0.00
 -40480.742    -0.788     0.00    0.00
 -40104.993    -0.788     0.00    0.00
 -39729.261    -0.788     0.00    0.00
 -39353.547    -0.788     0.00    0.00
 -38977.850    -0.788     0.00    0.00
 -38602.171    -0.788     0.00    0.00
 -38226.509    -0.788     0.00    0.00
 -37850.864    -0.788     0.00    0.00
 -37475.237    -0.788     0.00    0.00
 -37099.628    -0.788     0.00    0.00
 -36724.036    -0.788     0.00    0.00
 -36348.461    -0.788     0.00    0.00
 -35972.904    -0.788     0.00    0.00
 -35597.364    -0.788     0.00    0.00
 -35221.842    -0.788     0.00    0.00
 -34846.337    -0.788     0.00    0.00
 -34470.850    -0.788     0.00    0.00
 -34095.380    -0.788     0.00    0.00
 -33719.927    -0.788     0.00    0.00
 -33344.492    -0.788     0.00    0.00
 -32969.074    -0.788     0.00    0.00
 -32593.674    -0.788     0.00    0.00
 -32218.291    -0.788     0.00    0.00
 -31842.925    -0.788     0.00    0.00
 -31467.577    -0.788     0.00    0.00
 -31092.246    -0.788     0.00    0.00
 -30716.933    -0.788     0.00    0.00
 -30341.637    -0.788     0.00    0.00
 -29966.358    -0.788     0.00    0.00
 -29591.097    -0.788     0.00    0.00
 -29215.853    -0.788     0.00    0.00
 -28840.626    -0.788     0.00    0.00
 -28465.417    -0.788     0.00    0.00
 -28090.225    -0.788     0.00    0.00
 -27715.051    -0.788     0.00    0.00
 -27339.894    -0.788     0.00    0.00
 -26964.754    -0.788     0.00    0.00
 -26589.631    -0.788     0.00    0.00
 -26214.526    -0.788     0.00    0.00
 -25839.438    -0.788     0.00    0.00
 -25464.368    -0.788     0.00    0.00
 -25089.315    -0.788     0.00    0.00
 -24714.279    -0.788     0.00    0.00
 -24339.260    -0.788     0.00    0.00
 -23964.259    -0.788     0.00    0.00
 -23589.275    -0.788     0.00    0.00
 -23214.308    -0.788     0.00    0.00
 -22839.359    -0.788     0.00    0.00
 -22464.427    -0.788     0.00    0.00
 -22089.512    -0.788     0.00    0.00
 -21714.615    -0.788     0.00    0.00
 -21339.735    -0.788     0.00    0.00
 -20964.872    -0.788     0.00    0.00
 -20590.026    -0.788     0.00    0.00
 -20215.198    -0.788     0.00    0.00
 -19840.386    -0.788     0.00    0.00
 -19465.592    -0.788     0.00    0.00
 -19090.816    -0.788     0.00    0.00
 -18716.056    -0.788     0.00    0.00
 -18341.314    -0.788     0.00    0.00
 -17966.589    -0.788     0.00    0.00
 -17591.882    -0.788     0.00    0.00
 -17217.191    -0.788     0.00    0.00
 -16842.518    -0.788     0.00    0.00
 -16467.862    -0.788     0.00    0.00
 -16093.223    -0.788     0.00    0.00
 -15718.602    -0.788     0.00    0.00
 -15343.997    -0.788     0.00    0.00
 -14969.410    -0.788     0.00    0.00
 -14594.840    -0.788     0.00    0.00
 -14220.287    -0.677     0.30    0.38
 -13845.752    -0.363     0.84    0.78
 -13471.233    -0.016     0.93    0.96
 -13096.732     0.187     0.54    0.94
 -12722.248     0.307     0.32    0.91
 -12347.781     0.467     0.43    0.85
 -11973.332     0.640     0.46    0.83
 -11598.899     0.666     0.07    0.93
 -11224.484     0.992     0.87    1.01
 -10850.086     1.030     0.10    1.06
 -10475.705     0.902    -0.34    1.07
 -10101.341     0.666    -0.63    1.11
  -9726.994     0.666     0.00    1.25
  -9352.664     0.783     0.31    1.36
  -8978.352     1.030     0.66    1.43
  -8604.057     1.612     1.55    1.30
  -8229.778     1.643     0.09    1.15
  -7855.517     1.351    -0.78    1.13
  -7481.273     1.030    -0.86    1.19
  -7107.046     0.956    -0.20    1.24
  -6732.837     0.887    -0.18    1.29
  -6358.644     0.962     0.20    1.42
  -5984.469     0.724    -0.63    1.39
  -5610.310     0.780     0.15    1.26
  -5236.169     0.770    -0.03    1.05
  -4862.045     0.305    -1.24    0.87
  -4487.937    -0.122    -1.14    0.88
  -4113.847    -0.613    -1.31    0.38
  -3739.774    -0.720    -0.29    0.33
  -3365.718    -0.635     0.23    0.54
  -2991.679    -0.347     0.77    0.83
  -2617.658    -0.129     0.58    0.83
  -2243.653     0.072     0.54    0.74
  -1869.665     0.325     0.68    0.62
  -1495.695     0.462     0.36    0.44
  -1121.741     0.439    -0.06    0.52
   -747.805     0.263    -0.47    0.69
   -373.885     0.142    -0.32    0.86
      0.017     0.257     0.31    1.01
    373.903     0.258     0.00    1.05
    747.771     0.484     0.61    1.11
   1121.623     0.554     0.19    0.97
   1495.457     0.484    -0.19    0.95
   1869.274     0.262    -0.60    0.96
   2243.075    -0.129    -1.05    0.83
   2616.858    -0.447    -0.85    0.64
   2990.624    -0.695    -0.66    0.37
   3364.374    -0.788    -0.25    0.00
   3738.106    -0.788     0.00    0.00
   4114.244    -0.788     0.00    0.00
   4491.379    -0.788     0.00    0.00
   4868.498    -0.788     0.00    0.00
   5245.598    -0.788     0.00    0.00
   5622.682    -0.788     0.00    0.00
   5999.748    -0.788     0.00    0.00
   6376.797    -0.788     0.00    0.00
   6753.829    -0.788     0.00    0.00
   7130.843    -0.788     0.00    0.00
   7507.840    -0.788     0.00    0.00
   7884.820    -0.788     0.00    0.00
   8261.782    -0.788     0.00    0.00
   8638.728    -0.788     0.00    0.00
   9015.656    -0.788     0.00    0.00
   9392.566    -0.788     0.00    0.00
   9769.460    -0.788     0.00    0.00
  10146.336    -0.788     0.00    0.00
  10523.195    -0.788     0.00    0.00
  10900.037    -0.583     0.54    0.61
  11276.861    -0.407     0.47    0.76
  11653.668    -0.300     0.29    0.77
  12030.458    -0.347    -0.12    0.70
  12407.231    -0.561    -0.57    0.48
  12783.987    -0.715    -0.41    0.26
  13160.725    -0.788    -0.19    0.00
  13537.446    -0.788     0.00    0.00
  13914.150    -0.788     0.00    0.00
  14290.836    -0.788     0.00    0.00
  14667.506    -0.788     0.00    0.00
  15044.158    -0.788     0.00    0.00
  15420.793    -0.788     0.00    0.00
  15797.411    -0.788     0.00    0.00
  16174.012    -0.788     0.00    0.00
  16550.595    -0.788     0.00    0.00
  16927.162    -0.788     0.00    0.00
  17303.711    -0.765     0.06    0.15
  17680.243    -0.719     0.12    0.26
  18056.758    -0.463     0.68    0.61
  18433.255    -0.253     0.56    0.67
  18809.736     0.053     0.81    0.68
  19186.199     0.450     1.06    0.53
  19562.645     0.523     0.19    0.51
  19939.074     0.723     0.53    0.67
  20315.486     0.950     0.60    0.83
  20691.881     1.235     0.76    0.80
  21068.259     1.367     0.35    0.90
  21444.619     1.212    -0.41    1.01
  21820.963     1.521     0.82    1.69
  22197.289     1.507    -0.04    1.80
  22573.598     1.281    -0.60    1.89
  22949.890     1.351     0.19    2.09
  23326.165     0.840    -1.36    2.10
  23702.423     0.735    -0.28    1.98
  24078.664     1.142     1.08    1.89
  24454.887     1.584     1.17    1.89
  24831.094     1.666     0.22    1.74
  25207.283     1.893     0.60    1.52
  25583.456     1.878    -0.04    1.64
  25959.611     1.621    -0.68    1.83
  26335.749     1.759     0.37    4.47
  26711.870     1.258    -1.33    4.45
  27087.974     0.939    -0.85    5.07
  27464.062     0.007    -2.48    1.25
  27840.132     0.119     0.30    1.43
  28216.184     0.045    -0.20    1.54
  28592.220    -0.253    -0.79    1.35
  28968.239    -0.649    -1.05    0.64
  29344.241    -0.743    -0.25    0.21
  29720.226    -0.765    -0.06    0.15
  30096.194    -0.788    -0.06    0.00
  30472.144    -0.788     0.00    0.00
  30848.078    -0.788     0.00    0.00
  31223.995    -0.788     0.00    0.00
  31599.894    -0.788     0.00    0.00
  31975.777    -0.788     0.00    0.00
  32351.643    -0.788     0.00    0.00
  32727.491    -0.788     0.00    0.00
  33103.323    -0.788     0.00    0.00
  33479.138    -0.788     0.00    0.00
  33854.935    -0.788     0.00    0.00
  34230.716    -0.788     0.00    0.00
  34606.480    -0.788     0.00    0.00
  34982.226    -0.788     0.00    0.00
  35357.956    -0.788     0.00    0.00
  35733.669    -0.788     0.00    0.00
  36109.365    -0.788     0.00    0.00
  36485.044    -0.788     0.00    0.00
  36860.706    -0.788     0.00    0.00
  37236.351    -0.788     0.00    0.00
  37611.979    -0.788     0.00    0.00
  37987.590    -0.788     0.00    0.00
  38363.184    -0.788     0.00    0.00
  38738.761    -0.788     0.00    0.00
  39114.321    -0.788     0.00    0.00
  39489.865    -0.788     0.00    0.00
  39865.391    -0.788     0.00    0.00
  40240.901    -0.788     0.00    0.00
  40616.393    -0.788     0.00    0.00
  40991.869    -0.788     0.00    0.00
  41367.328    -0.788     0.00    0.00
  41742.770    -0.788     0.00    0.00
  42118.195    -0.788     0.00    0.00
  42493.603    -0.788     0.00    0.00
  42868.994    -0.788     0.00    0.00
  43244.368    -0.788     0.00    0.00
  43619.726    -0.788     0.00    0.00
  43995.066    -0.788     0.00    0.00
  44370.390    -0.788     0.00    0.00
  44745.697    -0.788     0.00    0.00
  45120.987    -0.788     0.00    0.00
  45496.260    -0.788     0.00    0.00
  45871.516    -0.788     0.00    0.00
  46246.756    -0.788     0.00    0.00
  46621.978    -0.788     0.00    0.00
  46997.184    -0.788     0.00    0.00
  47372.373    -0.788     0.00    0.00
  47747.545    -0.788     0.00    0.00
  48122.700    -0.788     0.00    0.00
  48497.838    -0.788     0.00    0.00
  48872.960    -0.788     0.00    0.00
  49248.065    -0.788     0.00    0.00
  49623.153    -0.788     0.00    0.00
  49998.224    -0.788     0.00    0.00
  50373.278    -0.788     0.00    0.00
  50748.316    -0.788     0.00    0.00
  51123.336    -0.788     0.00    0.00
  51498.340    -0.788     0.00    0.00
  51873.327    -0.788     0.00    0.00
  52248.298    -0.788     0.00    0.00
  52623.251    -0.788     0.00    0.00
  52998.188    -0.788     0.00    0.00
  53373.108    -0.788     0.00    0.00
  53748.011    -0.788     0.00    0.00
  54122.898    -0.788     0.00    0.00
  54497.768    -0.788     0.00    0.00
  54872.621    -0.788     0.00    0.00
  55247.457    -0.788     0.00    0.00
  55622.276    -0.788     0.00    0.00
  55997.079    -0.788     0.00    0.00
  56371.865    -0.788     0.00    0.00
  56746.634    -0.788     0.00    0.00
  57121.387    -0.788     0.00    0.00
  57496.123    -0.788     0.00    0.00
  57870.842    -0.788     0.00    0.00
  58245.544    -0.788     0.00    0.00
  58620.230    -0.788     0.00    0.00
  58994.899    -0.788     0.00    0.00
  59369.551    -0.788     0.00    0.00
  59744.186    -0.788     0.00    0.00
  60118.805    -0.788     0.00    0.00
  60493.407    -0.788     0.00    0.00
  60867.993    -0.788     0.00    0.00
  61242.562    -0.788     0.00    0.00
  61617.114    -0.788     0.00    0.00
  61991.649    -0.788     0.00    0.00
  62366.168    -0.788     0.00    0.00
  62740.670    -0.788     0.00    0.00
  63115.155    -0.788     0.00    0.00
  63489.624    -0.788     0.00    0.00
  63864.076    -0.788     0.00    0.00
  64238.511    -0.788     0.00    0.00
  64612.930    -0.788     0.00    0.00
  64987.332    -0.788     0.00    0.00
  65361.718    -0.788     0.00    0.00
  65736.087    -0.788     0.00    0.00
  66110.439    -0.788     0.00    0.00
  66484.774    -0.788     0.00    0.00
  66859.093    -0.788     0.00    0.00
  67233.396    -0.788     0.00    0.00
  67607.682    -0.788     0.00    0.00
  67981.951    -0.788     0.00    0.00
  68356.203    -0.788     0.00    0.00
  68730.439    -0.788     0.00    0.00
  69104.658    -0.788     0.00    0.00
  69478.861    -0.788     0.00    0.00
  69853.047    -0.788     0.00    0.00
  70227.217    -0.788     0.00    0.00
  70601.370    -0.788     0.00    0.00
  70975.506    -0.788     0.00    0.00
  71349.626    -0.788     0.00    0.00
  71723.729    -0.788     0.00    0.00
  72097.816    -0.788     0.00    0.00
  72471.886    -0.788     0.00    0.00
  72845.939    -0.788     0.00    0.00
  73219.976    -0.788     0.00    0.00
  73593.997    -0.788     0.00    0.00
  73968.001    -0.788     0.00    0.00
  74341.988    -0.788     0.00    0.00
  74715.959    -0.788     0.00    0.00
  75089.913    -0.788     0.00    0.00
  75463.851    -0.788     0.00    0.00
  75837.772    -0.788     0.00    0.00
  76211.676    -0.788     0.00    0.00
  76585.565    -0.788     0.00    0.00
  76959.436    -0.788     0.00    0.00
  77333.291    -0.788     0.00    0.00
  77707.130    -0.788     0.00    0.00
  78080.952    -0.788     0.00    0.00
  78454.758    -0.788     0.00    0.00
  78828.547    -0.788     0.00    0.00
  79205.136    -0.788     0.00    0.00
  79582.224    -0.788     0.00    0.00
  79959.295    -0.788     0.00    0.00
  80336.350    -0.788     0.00    0.00
  80713.388    -0.788     0.00    0.00
  81090.409    -0.788     0.00    0.00
  81467.413    -0.788     0.00    0.00
  81844.400    -0.788     0.00    0.00
  82221.371    -0.788     0.00    0.00
  82598.325    -0.788     0.00    0.00
  82975.262    -0.788     0.00    0.00
  83352.183    -0.788     0.00    0.00
  83729.086    -0.788     0.00    0.00
  84105.973    -0.788     0.00    0.00
  84482.843    -0.788     0.00    0.00
  84859.697    -0.788     0.00    0.00
  85236.533    -0.788     0.00    0.00
  85613.353    -0.788     0.00    0.00
  85990.156    -0.788     0.00    0.00
  86366.943    -0.788     0.00    0.00
  86743.713    -0.788     0.00    0.00
  87120.466    -0.788     0.00    0.00
  87497.202    -0.788     0.00    0.00
  87873.921    -0.788     0.00    0.00
  88250.624    -0.788     0.00    0.00
  88627.311    -0.788     0.00    0.00
  89003.980    -0.788     0.00    0.00
  89380.633    -0.788     0.00    0.00
  89757.269    -0.788     0.00    0.00
  90133.888    -0.788     0.00    0.00
  90510.491    -0.788     0.00    0.00
  90887.077    -0.788     0.00    0.00
  91263.647    -0.788     0.00    0.00
  91640.199    -0.788     0.00    0.00
  92016.735    -0.788     0.00    0.00
  92393.255    -0.788     0.00    0.00
  92769.758    -0.788     0.00    0.00
  93146.244    -0.788     0.00    0.00
  93522.713    -0.788     0.00    0.00
  93899.166    -0.788     0.00    0.00
  94275.602    -0.788     0.00    0.00
  94652.022    -0.788     0.00    0.00
  95028.424    -0.788     0.00    0.00
  95404.811    -0.788     0.00    0.00
  95781.180    -0.788     0.00    0.00
  96157.533    -0.788     0.00    0.00
  96533.870    -0.788     0.00    0.00
  96910.190    -0.788     0.00    0.00
  97286.493    -0.788     0.00    0.00
  97662.779    -0.788     0.00    0.00
  98039.049    -0.788     0.00    0.00
  98415.303    -0.788     0.00    0.00
  98791.540    -0.788     0.00    0.00
  99167.760    -0.788     0.00    0.00
  99543.963    -0.788     0.00    0.00
  99920.150    -0.788     0.00    0.00
 100296.321    -0.788     0.00    0.00
 100672.475    -0.788     0.00    0.00
 101048.612    -0.788     0.00    0.00
 101424.733    -0.788     0.00    0.00
 101800.837    -0.788     0.00    0.00
 102176.925    -0.788     0.00    0.00
 102552.996    -0.788     0.00    0.00
 102929.050    -0.788     0.00    0.00
 103305.089    -0.788     0.00    0.00
 103681.110    -0.788     0.00    0.00
 104057.115    -0.788     0.00    0.00
 104433.103    -0.788     0.00    0.00
 104809.075    -0.788     0.00    0.00
 105185.031    -0.788     0.00    0.00
 105560.970    -0.788     0.00    0.00
 105936.892    -0.788     0.00    0.00
 106312.798    -0.788     0.00    0.00
 106688.687    -0.788     0.00    0.00
 107064.560    -0.788     0.00    0.00
 107440.416    -0.788     0.00    0.00
 107816.256    -0.788     0.00    0.00
 108192.079    -0.788     0.00    0.00
 108567.886    -0.788     0.00    0.00
 108943.677    -0.788     0.00    0.00
 109319.451    -0.788     0.00    0.00
 109695.208    -0.788     0.00    0.00
 110070.949    -0.788     0.00    0.00
 110446.674    -0.788     0.00    0.00
 110822.382    -0.788     0.00    0.00
 111198.073    -0.788     0.00    0.00
 111573.748    -0.788     0.00    0.00
 111949.407    -0.788     0.00    0.00
 112325.049    -0.788     0.00    0.00
 112700.675    -0.788     0.00    0.00
 113076.284    -0.788     0.00    0.00
 113451.877    -0.788     0.00    0.00
 113827.454    -0.788     0.00    0.00
 114203.014    -0.788     0.00    0.00
 114578.558    -0.788     0.00    0.00
 114954.085    -0.788     0.00    0.00
 115329.596    -0.788     0.00    0.00
 115705.090    -0.788     0.00    0.00
 116080.568    -0.788     0.00    0.00
 116456.030    -0.788     0.00    0.00
 116831.475    -0.788     0.00    0.00
 117206.904    -0.788     0.00    0.00
 117582.316    -0.788     0.00    0.00
 117957.712    -0.788     0.00    0.00
 118333.092    -0.788     0.00    0.00
 118708.455    -0.788     0.00    0.00
 119083.802    -0.788     0.00    0.00
 119459.133    -0.788     0.00    0.00
 119834.447    -0.788     0.00    0.00
 120209.745    -0.788     0.00    0.00
 120585.026    -0.788     0.00    0.00
 120960.291    -0.788     0.00    0.00
 121335.540    -0.788     0.00    0.00
 121710.773    -0.788     0.00    0.00
 122085.989    -0.788     0.00    0.00
 122461.189    -0.788     0.00    0.00
 122836.372    -0.788     0.00    0.00
 123211.539    -0.788     0.00    0.00
 123586.690    -0.788     0.00    0.00
 123961.824    -0.788     0.00    0.00
 124336.942    -0.788     0.00    0.00
 124712.044    -0.788     0.00    0.00
 125087.130    -0.788     0.00    0.00
 125462.199    -0.788     0.00    0.00
 125837.252    -0.788     0.00    0.00
 126212.289    -0.788     0.00    0.00
 126587.309    -0.788     0.00    0.00
 126962.313    -0.788     0.00    0.00
 127337.301    -0.788     0.00    0.00
 127712.272    -0.788     0.00    0.00
 128087.227    -0.788     0.00    0.00
 128462.166    -0.788     0.00    0.00
 128837.089    -0.788     0.00    0.00
 129211.995    -0.788     0.00    0.00
 129586.886    -0.788     0.00    0.00
 129961.759    -0.788     0.00    0.00
 130336.617    -0.788     0.00    0.00
 130711.458    -0.788     0.00    0.00
 131086.284    -0.788     0.00    0.00
 131461.092    -0.788     0.00    0.00
 131835.885    -0.788     0.00    0.00
 132210.662    -0.788     0.00    0.00
 132585.422    -0.788     0.00    0.00
 132960.166    -0.788     0.00    0.00
 133334.894    -0.788     0.00    0.00
 133709.605    -0.788     0.00    0.00
 134084.300    -0.788     0.00    0.00
 134458.980    -0.788     0.00    0.00
 134833.642    -0.788     0.00    0.00
 135208.289    -0.788     0.00    0.00
 135582.920    -0.788     0.00    0.00
 135957.534    -0.788     0.00    0.00
 136332.132    -0.788     0.00    0.00
 136706.714    -0.788     0.00    0.00
 137081.280    -0.788     0.00    0.00
 137455.829    -0.788     0.00    0.00
 137830.363    -0.788     0.00    0.00
 138204.880    -0.788     0.00    0.00
 138579.381    -0.788     0.00    0.00
 138953.866    -0.788     0.00    0.00
 139328.335    -0.788     0.00    0.00
 139702.788    -0.788     0.00    0.00
 140077.224    -0.788     0.00    0.00
 140451.644    -0.788     0.00    0.00
 140826.049    -0.788     0.00    0.00
 141200.437    -0.788     0.00    0.00
 141574.808    -0.788     0.00    0.00
 141949.164    -0.788     0.00    0.00
 142323.504    -0.788     0.00    0.00
 142697.827    -0.788     0.00    0.00
 143072.135    -0.788     0.00    0.00
 143446.426    -0.788     0.00    0.00
 143820.701    -0.788     0.00    0.00
 144194.961    -0.788     0.00    0.00
 144569.203    -0.788     0.00    0.00
 144943.430    -0.788     0.00    0.00
 145317.641    -0.788     0.00    0.00
 145691.836    -0.788     0.00    0.00
 146066.015    -0.788     0.00    0.00
 146440.177    -0.788     0.00    0.00
 146814.324    -0.788     0.00    0.00
 147188.454    -0.788     0.00    0.00
 147562.568    -0.788     0.00    0.00
 147936.666    -0.788     0.00    0.00
 148310.749    -0.788     0.00    0.00
 148684.815    -0.788     0.00    0.00
 149058.865    -0.788     0.00    0.00
 149432.899    -0.788     0.00    0.00
 149806.917    -0.788     0.00    0.00
 150180.919    -0.788     0.00    0.00
 150554.905    -0.788     0.00    0.00
 150928.875    -0.788     0.00    0.00
 151302.828    -0.788     0.00    0.00
 151676.766    -0.788     0.00    0.00
 152050.688    -0.788     0.00    0.00
 152424.594    -0.788     0.00    0.00
 152798.484    -0.788     0.00    0.00
 153172.357    -0.788     0.00    0.00
 153546.215    -0.788     0.00    0.00
 153920.057    -0.788     0.00    0.00
 154297.087    -0.788     0.00    0.00
 154674.132    -0.788     0.00    0.00
 155051.161    -0.788     0.00    0.00
 155428.174    -0.788     0.00    0.00
 155805.171    -0.788     0.00    0.00
 156182.151    -0.788     0.00    0.00
 156559.115    -0.788     0.00    0.00
 156936.062    -0.788     0.00    0.00
 157312.994    -0.788     0.00    0.00
 157689.909    -0.788     0.00    0.00
 158066.808    -0.788     0.00    0.00
 158443.690    -0.788     0.00    0.00
 158820.557    -0.788     0.00    0.00
 159197.407    -0.788     0.00    0.00
 159574.240    -0.788     0.00    0.00
 159951.058    -0.788     0.00    0.00
 160327.860    -0.788     0.00    0.00
 160704.645    -0.788     0.00    0.00
 161081.414    -0.788     0.00    0.00
 161458.166    -0.788     0.00    0.00
 161834.903    -0.788     0.00    0.00
 162211.623    -0.788     0.00    0.00
 162588.327    -0.788     0.00    0.00
 162965.015    -0.788     0.00    0.00
 163341.687    -0.788     0.00    0.00
 163718.342    -0.788     0.00    0.00
 164094.982    -0.788     0.00    0.00
 164471.605    -0.788     0.00    0.00
 164848.212    -0.788     0.00    0.00
 165224.803    -0.788     0.00    0.00
 165601.377    -0.788     0.00    0.00
 165977.936    -0.788     0.00    0.00
 166354.478    -0.788     0.00    0.00
 166731.004    -0.788     0.00    0.00
 167107.514    -0.788     0.00    0.00
 167484.007    -0.788     0.00    0.00
 167860.485    -0.788     0.00    0.00
 168236.947    -0.788     0.00    0.00
 168613.392    -0.788     0.00    0.00
 168989.821    -0.788     0.00    0.00
 169366.234    -0.788     0.00    0.00
 169742.631    -0.788     0.00    0.00
 170119.012    -0.788     0.00    0.00
 170495.376    -0.788     0.00    0.00
 170871.725    -0.788     0.00    0.00
 171248.057    -0.788     0.00    0.00
 171624.374    -0.788     0.00    0.00
 172000.674    -0.788     0.00    0.00
 172376.958    -0.788     0.00    0.00
 172753.226    -0.788     0.00    0.00
 173129.478    -0.788     0.00    0.00
 173505.714    -0.788     0.00    0.00
 173881.933    -0.788     0.00    0.00
 174258.137    -0.788     0.00    0.00
 174634.325    -0.788     0.00    0.00
 175010.496    -0.788     0.00    0.00
 175386.651    -0.788     0.00    0.00
 175762.791    -0.788     0.00    0.00
 176138.914    -0.788     0.00    0.00
 176515.021    -0.788     0.00    0.00
 176891.112    -0.788     0.00    0.00
 177267.187    -0.788     0.00    0.00
 177643.246    -0.788     0.00    0.00
 178019.289    -0.788     0.00    0.00
 178395.316    -0.788     0.00    0.00
 178771.327    -0.788     0.00    0.00
 179147.322    -0.788     0.00    0.00
 179523.301    -0.788     0.00    0.00
 179899.264    -0.788     0.00    0.00
 180275.211    -0.788     0.00    0.00
 180651.141    -0.788     0.00    0.00
 181027.056    -0.788     0.00    0.00
 181402.955    -0.788     0.00    0.00
 181778.838    -0.788     0.00    0.00
 182154.705    -0.788     0.00    0.00
 182530.555    -0.788     0.00    0.00
 182906.390    -0.788     0.00    0.00
 183282.209    -0.788     0.00    0.00
 183658.012    -0.788     0.00    0.00
 184033.798    -0.788     0.00    0.00
 184409.569    -0.788     0.00    0.00
 184785.324    -0.788     0.00    0.00
 185161.063    -0.788     0.00    0.00
 185536.786    -0.788     0.00    0.00
 185912.493    -0.788     0.00    0.00
 186288.184    -0.788     0.00    0.00
 186663.859    -0.788     0.00    0.00
 187039.518    -0.788     0.00    0.00
 187415.161    -0.788     0.00    0.00
 187790.788    -0.788     0.00    0.00
 188166.400    -0.788     0.00    0.00
 188541.995    -0.788     0.00    0.00
 188917.574    -0.788     0.00    0.00
 189293.138    -0.788     0.00    0.00
 189668.685    -0.788     0.00    0.00
 190044.217    -0.788     0.00    0.00
 190419.733    -0.788     0.00    0.00
 190795.232    -0.788     0.00    0.00
 191170.716    -0.788     0.00    0.00
 191546.184    -0.788     0.00    0.00
 191921.636    -0.788     0.00    0.00
 192297.072    -0.788     0.00    0.00
 192672.493    -0.788     0.00    0.00
 193047.897    -0.788     0.00    0.00
 193423.286    -0.788     0.00    0.00
 193798.658    -0.788     0.00    0.00
 194174.015    -0.788     0.00    0.00
 194549.356    -0.788     0.00    0.00
 194924.681    -0.788     0.00    0.00
 195299.990    -0.788     0.00    0.00
 195675.283    -0.788     0.00    0.00
 196050.561    -0.788     0.00    0.00
 196425.822    -0.788     0.00    0.00
 196801.068    -0.788     0.00    0.00
 197176.298    -0.788     0.00    0.00
 197551.512    -0.788     0.00    0.00
 197926.710    -0.788     0.00    0.00
 198301.892    -0.788     0.00    0.00
 198677.059    -0.788     0.00    0.00
 199052.210    -0.788     0.00    0.00
 199427.344    -0.788     0.00    0.00
 199802.464    -0.788     0.00    0.00
 200177.567    -0.788     0.00    0.00
 200552.654    -0.788     0.00    0.00
 200927.726    -0.788     0.00    0.00
 201302.782    -0.788     0.00    0.00
 201677.822    -0.788     0.00    0.00
 202052.846    -0.788     0.00    0.00
 202427.854    -0.788     0.00    0.00
 202802.847    -0.788     0.00    0.00
 203177.824    -0.788     0.00    0.00
 203552.785    -0.788     0.00    0.00
 203927.730    -0.788     0.00    0.00
 204302.660    -0.788     0.00    0.00
 204677.573    -0.788     0.00    0.00
 205052.471    -0.788     0.00    0.00
 205427.354    -0.788     0.00    0.00
 205802.220    -0.788     0.00    0.00
 206177.071    -0.788     0.00    0.00
 206551.906    -0.788     0.00    0.00
 206926.725    -0.788     0.00    0.00
 207301.528    -0.788     0.00    0.00
 207676.316    -0.788     0.00    0.00
 208051.088    -0.788     0.00    0.00
 208425.844    -0.788     0.00    0.00
 208800.585    -0.788     0.00    0.00
 209175.310    -0.788     0.00    0.00
 209550.019    -0.788     0.00    0.00
 209924.712    -0.788     0.00    0.00
 210299.390    -0.788     0.00    0.00
 210674.052    -0.788     0.00    0.00
 211048.698    -0.788     0.00    0.00
 211423.329    -0.788     0.00    0.00
 211797.944    -0.788     0.00    0.00
 212172.543    -0.788     0.00    0.00
 212547.126    -0.788     0.00    0.00
 212921.694    -0.788     0.00    0.00
 213296.246    -0.788     0.00    0.00
 213670.783    -0.788     0.00    0.00
 214045.304    -0.788     0.00    0.00
 214419.809    -0.788     0.00    0.00
 214794.298    -0.788     0.00    0.00
 215168.772    -0.788     0.00    0.00
 215543.230    -0.788     0.00    0.00
 215917.672    -0.788     0.00    0.00
 216292.099    -0.788     0.00    0.00
 216666.510    -0.788     0.00    0.00
 217040.906    -0.788     0.00    0.00
 217415.286    -0.788     0.00    0.00
 217789.650    -0.788     0.00    0.00
 218163.999    -0.788     0.00    0.00
 218538.332    -0.788     0.00    0.00
 218912.649    -0.788     0.00    0.00
 219286.951    -0.788     0.00    0.00
 219661.237    -0.788     0.00    0.00
 220035.508    -0.788     0.00    0.00
 220409.762    -0.788     0.00    0.00
 220784.002    -0.788     0.00    0.00
 221158.225    -0.788     0.00    0.00
 221532.434    -0.788     0.00    0.00
 221906.626    -0.788     0.00    0.00
 222280.803    -0.788     0.00    0.00
 222654.964    -0.788     0.00    0.00
 223029.110    -0.788     0.00    0.00
 223403.240    -0.788     0.00    0.00
 223777.355    -0.788     0.00    0.00
 224151.454    -0.788     0.00    0.00
 224525.537    -0.788     0.00    0.00
 224899.605    -0.788     0.00    0.00
 225273.658    -0.788     0.00    0.00
 225647.695    -0.788     0.00    0.00
 226021.716    -0.788     0.00    0.00
 226395.721    -0.788     0.00    0.00
 226769.712    -0.788     0.00    0.00
 227143.686    -0.788     0.00    0.00
 227517.645    -0.788     0.00    0.00
 227891.589    -0.788     0.00    0.00
 228265.517    -0.788     0.00    0.00
 228639.429    -0.788     0.00    0.00
 229013.771    -0.788     0.00    0.00
 229390.791    -0.788     0.00    0.00
 229767.796    -0.788     0.00    0.00
 230144.784    -0.788     0.00    0.00
 230521.757    -0.788     0.00    0.00
 230898.713    -0.788     0.00    0.00
 231275.655    -0.788     0.00    0.00
 231652.580    -0.788     0.00    0.00
 232029.489    -0.788     0.00    0.00
 232406.383    -0.788     0.00    0.00
 232783.261    -0.788     0.00    0.00
 233160.123    -0.788     0.00    0.00
 233536.970    -0.788     0.00    0.00
 233913.801    -0.788     0.00    0.00
 234290.616    -0.788     0.00    0.00
 234667.415    -0.788     0.00    0.00
 235044.199    -0.788     0.00    0.00
 235420.966    -0.788     0.00    0.00
 235797.718    -0.788     0.00    0.00
 236174.455    -0.788     0.00    0.00
 236551.175    -0.788     0.00    0.00
 236927.880    -0.788     0.00    0.00
 237304.570    -0.788     0.00    0.00
 237681.243    -0.788     0.00    0.00
 238057.901    -0.788     0.00    0.00
 238434.543    -0.788     0.00    0.00
 238811.169    -0.788     0.00    0.00
 239187.780    -0.788     0.00    0.00
 239564.375    -0.788     0.00    0.00
 239940.954    -0.788     0.00    0.00
 240317.518    -0.788     0.00    0.00
 240694.066    -0.788     0.00    0.00
 241070.598    -0.788     0.00    0.00
 241447.115    -0.788     0.00    0.00
 241823.616    -0.788     0.00    0.00
 242200.101    -0.788     0.00    0.00
 242576.570    -0.788     0.00    0.00
 242953.024    -0.788     0.00    0.00
 243329.463    -0.788     0.00    0.00
 243705.885    -0.788     0.00    0.00
 244082.292    -0.788     0.00    0.00
 244458.684    -0.788     0.00    0.00
 244835.059    -0.788     0.00    0.00
 245211.419    -0.788     0.00    0.00
 245587.764    -0.788     0.00    0.00
 245964.093    -0.788     0.00    0.00
 246340.406    -0.788     0.00    0.00
 246716.703    -0.788     0.00    0.00
 247092.985    -0.788     0.00    0.00
 247469.252    -0.788     0.00    0.00
 247845.503    -0.788     0.00    0.00
 248221.738    -0.788     0.00    0.00
 248597.957    -0.788     0.00    0.00
 248974.161    -0.788     0.00    0.00
 249350.350    -0.788     0.00    0.00
 249726.522    -0.788     0.00    0.00
 250102.680    -0.788     0.00    0.00
 250478.821    -0.788     0.00    0.00
 250854.947    -0.788     0.00    0.00
 251231.058    -0.788     0.00    0.00
 251607.152    -0.788     0.00    0.00
 251983.232    -0.788     0.00    0.00
 252359.296    -0.788     0.00    0.00
 252735.344    -0.788     0.00    0.00
