#  179.154  -4.102  14.214 ;Mean Elev.(m), Avg Gradient(m/km), RMS Gradient(m/km) - SRTM1     
#  178.909  -3.885  13.552 ;Mean Elev.(m), Avg Gradient(m/km), RMS Gradient(m/km) - ASTER GDEM
#  179.100  -4.030  13.801 ;Mean Elev.(m), Avg Gradient(m/km), RMS Gradient(m/km) - GMTED2010 
  7   239.773 52452.14621921  7.15 269.570229  42.289905  4.045
  7   258.744 52452.14621985  4.62 269.569099  42.293165  4.045
  8   179.936 52487.14620231 27.29 269.576985  42.299163 40.183
  8   180.036 52487.14620296 33.87 269.575845  42.302415 28.943
  8   180.063 52487.14620360 34.22 269.574715  42.305685 28.943
  9   180.115 52522.14617250 51.42 269.577559  42.298973 45.322
  9   180.043 52522.14617314 44.25 269.576429  42.302243 45.322
  9   180.077 52522.14617379 49.39 269.575293  42.305495 43.588
  9   180.103 52522.14617443 51.41 269.574163  42.308765 43.588
 11   180.067 52592.14621643 31.03 269.573900  42.288827 32.216
 11   179.840 52592.14621707 24.70 269.572770  42.292087 32.216
 11   179.849 52592.14621772 22.61 269.571640  42.295357 32.216
 11   179.816 52592.14621836 20.26 269.570501  42.298617 15.476
 12   180.096 52627.14613529 51.27 269.576939  42.301238 46.073
 12   179.913 52627.14613594 49.33 269.575809  42.304498 46.073
 12   180.082 52627.14613658 52.45 269.574679  42.307758 46.073
 13   180.076 52662.14618064 27.84 269.575506  42.293711  9.836
 13   180.049 52662.14618129 28.41 269.574376  42.296981  9.836
 13   180.051 52662.14618193 28.37 269.573235  42.300232  8.963
 13   180.103 52662.14618258 29.99 269.572105  42.303502  8.963
 14   180.106 52697.14615731 25.90 269.574278  42.290056 13.997
 14   179.996 52697.14615796 25.37 269.573148  42.293316 13.997
 14   180.073 52697.14615860 25.64 269.572018  42.296576 13.997
 14   180.159 52697.14615925 25.90 269.570888  42.299836 13.997
 15   179.972 52732.14618301 41.91 269.581118  42.303323 28.751
 15   180.105 52732.14618365 33.54 269.579988  42.306583 28.751
 15   179.772 52732.14618430 26.55 269.578858  42.309843 28.751
 15   179.982 52732.14618494 29.19 269.577728  42.313103 28.751
 15   180.127 52732.14618559 37.21 269.576598  42.316363 28.751
 15   180.043 52732.14618881 27.12 269.570928  42.332673 28.751
 16   180.085 52767.14619103 40.36 269.576116  42.296920 34.745
 16   180.159 52767.14619167 41.00 269.574986  42.300180 34.745
 16   180.194 52767.14619232 48.02 269.573856  42.303440 34.745
 17   180.160 52802.14619703 49.89 269.574554  42.283274 33.710
 17   180.033 52802.14619767 52.67 269.573424  42.286544 33.710
 17   180.058 52802.14619832 52.64 269.572294  42.289804 26.676
 17   180.182 52802.14619896 49.84 269.571164  42.293064 26.676
 17   180.112 52802.14619961 51.74 269.570024  42.296324 26.676
 18   180.081 52837.14626436 52.64 269.574818  42.293782 33.057
 18   180.093 52837.14626500 52.92 269.573678  42.297042 33.057
 18   180.061 52837.14626564 52.20 269.572548  42.300302 33.057
 19   179.900 52872.14630504 35.35 269.576099  42.296031 27.290
 19   179.808 52872.14630569 29.22 269.574959  42.299291 27.290
 19   179.916 52872.14630633 31.05 269.573829  42.302551 27.290
 19   179.883 52872.14630698 37.46 269.572699  42.305811 27.290
 20   180.009 52907.14629660 39.19 269.577761  42.302111 42.300
 20   180.038 52907.14629725 46.30 269.576631  42.305371 42.300
 20   180.007 52907.14629789 44.36 269.575491  42.308641 42.300
 21   179.978 52942.14622414 28.73 269.575136  42.294884 36.714
 21   179.858 52942.14622479 28.13 269.574006  42.298144 36.714
 21   179.810 52942.14622543 23.54 269.572876  42.301404 36.714
 23   179.925 53012.14627861 35.42 269.575020  42.292012 21.290
 23   179.931 53012.14627926 35.74 269.573890  42.295272 21.290
 23   179.971 53012.14627990 38.80 269.572760  42.298532 21.290
 23   180.004 53012.14628055 40.13 269.571630  42.301792 21.290
 24   180.255 53047.14624577 20.84 269.571478  42.292255  6.594
 24   180.045 53047.14624642 20.60 269.570348  42.295515  6.594
 25   180.131 53082.14627873 50.82 269.574721  42.284081 33.742
 25   180.112 53082.14627937 47.80 269.573591  42.287341 33.742
 25   180.114 53082.14628002 46.93 269.572461  42.290601 33.742
 25   180.094 53082.14628066 46.44 269.571331  42.293861 33.742
 25   180.136 53082.14628130 43.15 269.570201  42.297131 33.742
 26   180.157 53117.14624925 51.12 269.571229  42.283585 33.603
 26   180.039 53117.14624990 51.97 269.570099  42.286845 33.603
 26   180.166 53117.14625054 49.87 269.568959  42.290105 33.603
 26   180.129 53117.14625119 52.51 269.567829  42.293365 33.603
 28   180.109 53187.14628894 52.36 269.579083  42.304035 55.089
 28   180.123 53187.14628958 50.87 269.577953  42.307295 55.089
 28   180.134 53187.14629023 51.11 269.576823  42.310555 55.089
 28   180.148 53187.14629087 52.07 269.575693  42.313815 55.089
 29   180.175 53222.14631125 42.74 269.577169  42.300693 36.786
 29   180.014 53222.14631189 48.00 269.576039  42.303963 36.786
 29   180.241 53222.14631254 48.88 269.574907  42.307214 42.202
 30   180.073 53257.14628623 46.79 269.576147  42.294865 41.341
 30   180.102 53257.14628687 41.98 269.575017  42.298125 41.341
 30   179.978 53257.14628752 47.65 269.573887  42.301385 41.341
 30   180.042 53257.14628816 52.39 269.572757  42.304655 41.341
 32   179.933 53327.14627834 52.81 269.577691  42.300302 46.106
 32   180.129 53327.14627898 46.64 269.576561  42.303562 46.106
 32   180.032 53327.14627963 50.06 269.575431  42.306822 46.106
 32   179.918 53327.14628027 52.37 269.574301  42.310082 46.106
 33   179.889 53362.14623454 41.82 269.580787  42.303216 19.542
 33   179.844 53362.14623518 40.82 269.579650  42.306468 31.886
 33   179.779 53362.14623583 39.46 269.578520  42.309738 31.886
 33   179.914 53362.14623647 40.92 269.577390  42.312998 31.886
 33   179.891 53362.14623712 36.66 269.576260  42.316258 31.886
 33   179.906 53362.14624034 40.31 269.570600  42.332568 31.886
 35   180.090 53432.14624740 52.54 269.578976  42.304625 50.414
 35   179.868 53432.14624805 42.58 269.577846  42.307885 50.414
 35   179.915 53432.14624869 51.60 269.576716  42.311145 50.414
 35   179.946 53432.14624934 47.87 269.575586  42.314405 50.414
 36   180.276 53467.14627818 48.03 269.574777  42.283308 39.452
 36   180.259 53467.14627883 49.37 269.573647  42.286568 39.452
 36   180.284 53467.14627947 48.89 269.572517  42.289828 39.452
 36   180.307 53467.14628012 49.26 269.571389  42.293096 25.963
 36   180.315 53467.14628076 46.84 269.570249  42.296356 25.963
 38   180.117 53537.14632630 52.63 269.576632  42.295626 45.901
 38   180.137 53537.14632695 50.35 269.575493  42.298889 44.084
 38   180.140 53537.14632759 53.35 269.574363  42.302149 44.084
 38   180.108 53537.14632824 52.78 269.573233  42.305409 44.084
 39   180.028 53572.14632969 52.50 269.574261  42.289714 47.319
 39   179.909 53572.14633033 53.16 269.573131  42.292974 47.319
 39   179.991 53572.14633098 52.99 269.572001  42.296234 47.319
 39   180.075 53572.14633162 49.91 269.570871  42.299494 47.319
 40   179.816 53607.14628070 36.77 269.578683  42.302523 41.534
 40   179.857 53607.14628134 41.45 269.577551  42.305775 39.926
 40   179.873 53607.14628199 42.27 269.576421  42.309045 39.926
 40   179.881 53607.14628263 47.80 269.575291  42.312305 39.926
 42   179.851 53677.14629682 32.59 269.574659  42.283751 32.083
 42   179.856 53677.14629746 28.14 269.573529  42.287011 32.083
 42   179.789 53677.14629811 26.35 269.572399  42.290271 32.083
 42   179.857 53677.14629875 23.54 269.571269  42.293531 32.083
 42   179.787 53677.14629940 23.92 269.570139  42.296791 32.083
 43   180.173 53712.14622949 40.60 269.581189  42.303799 20.739
 43   180.057 53712.14623014 45.05 269.580053  42.307051 31.236
 43   180.046 53712.14623078 45.66 269.578923  42.310321 31.236
 43   180.117 53712.14623143 39.00 269.577793  42.313581 31.236
 43   180.089 53712.14623207 40.17 269.576663  42.316841 31.236
 43   180.148 53712.14623530 34.83 269.571003  42.333151 31.236
 44   180.222 53747.14614048 50.17 269.572075  42.297191 23.624
 44   180.908 53747.14614112 50.26 269.570945  42.300451 23.624
 45   179.922 53782.14617215 38.02 269.578387  42.301521 39.185
 45   179.980 53782.14617280 41.50 269.577264  42.304792 49.305
 45   179.970 53782.14617344 45.90 269.576124  42.308052 49.305
 45   179.981 53782.14617409 45.02 269.574994  42.311312 49.305
 46   179.936 53817.14613880 39.56 269.582418  42.306419 43.294
 46   179.882 53817.14613945 28.85 269.581288  42.309689 43.294
 46   179.945 53817.14614009 29.55 269.580158  42.312949 43.294
 46   179.945 53817.14614074 32.14 269.579028  42.316209 43.294
 46   179.909 53817.14614138 30.36 269.577898  42.319469 43.294
 46   179.921 53817.14614267 30.66 269.575628  42.325999 43.294
 46   179.892 53817.14614332 25.20 269.574506  42.329260 38.184
 46   179.880 53817.14614396 23.62 269.573366  42.332520 38.184
 47   180.122 53852.14620664 46.63 269.572498  42.281474 36.737
 47   180.010 53852.14620729 52.17 269.571368  42.284734 36.737
 47   180.089 53852.14620793 51.19 269.570238  42.287994 36.737
 47   180.229 53852.14620857 51.36 269.569108  42.291254 36.737
 48   180.131 53887.14621656 50.18 269.580458  42.304948 52.242
 48   180.012 53887.14621720 50.63 269.579328  42.308208 52.242
 48   180.070 53887.14621785 53.47 269.578188  42.311468 52.242
 48   180.167 53887.14621849 52.54 269.577058  42.314728 52.242
 48   180.071 53887.14622171 53.61 269.571398  42.331038 52.242
 50   180.134 53957.14628008 42.98 269.572319  42.286302 26.994
 50   180.137 53957.14628073 45.67 269.571179  42.289562 26.994
 50   180.081 53957.14628137 47.75 269.570049  42.292822 26.994
 50   180.014 53957.14628202 49.02 269.568919  42.296082 26.994
 52   179.905 54027.14626712 28.98 269.574847  42.288809 28.528
 52   179.834 54027.14626776 26.11 269.573717  42.292069 28.528
 52   179.837 54027.14626841 23.25 269.572587  42.295329 28.528
 52   180.095 54027.14626905 23.95 269.571457  42.298599 28.528
 56   179.907 54167.14620622 18.24 269.576332  42.298227 10.700
 56   179.895 54167.14620686 18.28 269.575202  42.301487 10.700
 56   179.902 54167.14620751 18.17 269.574072  42.304747 10.700
 57   180.661 54202.14618573 31.64 269.574054  42.287850 27.217
 57   180.451 54202.14618637 25.76 269.572924  42.291110 27.217
 57   180.434 54202.14618702 24.56 269.571784  42.294370 27.217
 57   180.296 54202.14618766 23.61 269.570654  42.297630 27.217
 58   179.858 54237.14622274 32.49 269.576325  42.293414 34.586
 58   179.895 54237.14622338 27.01 269.575185  42.296674 34.586
 58   179.605 54237.14622403 22.32 269.574055  42.299934 34.586
 58   179.891 54237.14622467 22.26 269.572928  42.303195 24.693
 59   179.983 54272.14624287 38.43 269.576960  42.296158 43.824
 59   179.941 54272.14624352 33.01 269.575830  42.299418 43.824
 59   180.002 54272.14624416 41.21 269.574690  42.302688 43.824
 59   179.965 54272.14624481 39.37 269.573565  42.305950 30.574
 60   180.043 54307.14624487 42.24 269.575781  42.295613 49.092
 60   179.954 54307.14624552 45.94 269.574641  42.298873 49.092
 60   179.859 54307.14624616 48.86 269.573511  42.302133 49.092
 60   179.883 54307.14624681 53.52 269.572381  42.305403 49.092
 61   179.957 54342.14622614 51.69 269.578553  42.301744 50.784
 61   179.996 54342.14622679 48.68 269.577423  42.305004 50.784
 61   180.036 54342.14622743 49.72 269.576293  42.308274 50.784
 61   180.071 54342.14622808 50.20 269.575152  42.311535 51.035
 62   180.218 54377.14617933 40.69 269.574582  42.292644 33.343
 62   180.110 54377.14617998 37.54 269.573452  42.295914 33.343
 62   180.138 54377.14618062 43.45 269.572322  42.299174 33.343
 62   180.062 54377.14618127 44.63 269.571192  42.302434 33.343
 63   179.998 54412.14617234 29.60 269.575956  42.297243 39.811
 63   180.007 54412.14617299 22.57 269.574826  42.300503 39.811
 63   180.029 54412.14617363 26.91 269.573696  42.303763 39.811
 64   180.579 54447.14614245 33.31 269.575811  42.282580 11.160
 64   181.157 54447.14614374 35.12 269.573551  42.289100 11.160
 64   181.494 54447.14614439 37.14 269.572421  42.292360 11.160
 64   181.503 54447.14614503 35.93 269.571291  42.295630 11.160
 64   181.456 54447.14614568 35.62 269.570161  42.298890 11.160
 66   180.226 54517.14615830 19.16 269.573855  42.292532  6.688
 66   180.107 54517.14615895 19.05 269.572725  42.295792  6.688
 66   180.042 54517.14615959 18.91 269.571585  42.299052  6.688
 67   180.133 54552.14617801 51.72 269.577153  42.300444 51.451
 67   180.104 54552.14617866 52.92 269.576023  42.303704 51.451
 67   180.071 54552.14617930 53.71 269.574893  42.306964 51.451
 68   181.478 54587.14615431 31.04 269.575689  42.292456 24.225
 68   181.509 54587.14615496 29.33 269.574559  42.295726 24.225
 68   181.488 54587.14615560 28.26 269.573429  42.298986 24.225
 68   181.417 54587.14615625 26.34 269.572299  42.302246 24.225
 69   180.011 54622.14617298 52.77 269.576362  42.294338 40.968
 69   179.979 54622.14617363 52.89 269.575232  42.297608 40.968
 69   179.945 54622.14617427 53.28 269.574102  42.300868 40.968
 69   180.049 54622.14617492 50.54 269.572972  42.304128 40.968
 70   180.178 54657.14618201 50.65 269.575718  42.291793 30.363
 70   180.063 54657.14618265 50.80 269.574579  42.295054 30.309
 70   180.057 54657.14618330 53.11 269.573449  42.298314 30.309
 70   180.053 54657.14618394 52.92 269.572319  42.301574 30.309
 71   179.868 54692.14616629 52.19 269.577425  42.296450 38.136
 71   179.987 54692.14616693 51.94 269.576287  42.299702 40.847
 71   179.879 54692.14616757 52.95 269.575157  42.302972 40.847
 71   179.996 54692.14616822 51.84 269.574027  42.306232 40.847
 72   180.066 54727.14613468 51.86 269.574472  42.292084 42.880
 72   179.963 54727.14613533 52.62 269.573342  42.295344 42.880
 72   180.075 54727.14613597 49.41 269.572212  42.298614 42.880
 72   179.984 54727.14613662 49.75 269.571081  42.301875 32.060
 73   180.073 54762.14614300 28.92 269.575627  42.295291 24.903
 73   179.905 54762.14614364 28.45 269.574487  42.298552 18.587
 73   179.994 54762.14614429 30.05 269.573357  42.301812 18.587
 73   180.195 54762.14614493 27.00 269.572227  42.305072 18.587
 74   180.129 54797.14612558 51.37 269.574709  42.281597 32.927
 74   179.975 54797.14612622 51.92 269.573579  42.284857 32.927
 74   180.079 54797.14612687 49.22 269.572449  42.288117 32.927
 74   180.084 54797.14612751 51.81 269.571321  42.291384 20.362
 74   180.081 54797.14612816 52.64 269.570191  42.294644 20.362
 75   180.004 54832.14613352 22.57 269.574601  42.299399  6.034
 75   180.107 54832.14613417 22.46 269.573471  42.302659  6.034
 76   179.737 54867.14612314 18.00 269.573854  42.290705  5.181
 76   179.821 54867.14612378 17.58 269.572724  42.293965  5.181
 76   179.620 54867.14612442 18.75 269.571584  42.297225  5.181
 76   179.745 54867.14612507 17.60 269.570454  42.300485  5.181
 77   179.803 54902.14614299 27.69 269.576148  42.297404 22.568
 77   179.680 54902.14614363 26.94 269.575018  42.300664 22.568
 77   179.900 54902.14614428 26.51 269.573888  42.303924 22.568
 78   180.017 54937.14611317 52.33 269.575658  42.290980 31.073
 78   180.150 54937.14611382 50.82 269.574528  42.294240 31.073
 78   179.994 54937.14611446 43.45 269.573398  42.297500 31.073
 78   180.051 54937.14611510 43.83 269.572268  42.300760 31.073
 79   179.947 54972.14614640 28.56 269.576096  42.291933 20.080
 79   179.799 54972.14614704 27.56 269.574966  42.295203 20.080
 79   179.887 54972.14614769 26.78 269.573836  42.298463 20.080
 79   179.914 54972.14614833 23.70 269.572706  42.301723 20.080
 80   179.919 55007.14616402 53.39 269.575611  42.293461 42.984
 80   179.907 55007.14616467 53.21 269.574473  42.296713 37.256
 80   180.011 55007.14616531 52.30 269.573343  42.299983 37.256
 80   179.996 55007.14616596 51.95 269.572213  42.303243 37.256
 81   179.963 55042.14615315 52.37 269.576304  42.295695 37.526
 81   179.810 55042.14615379 53.44 269.575174  42.298965 37.526
 81   179.841 55042.14615444 52.67 269.574044  42.302225 37.526
 81   179.920 55042.14615508 51.92 269.572914  42.305485 37.526
 82   180.047 55077.14613375 48.04 269.577269  42.299644 42.533
 82   179.891 55077.14613439 52.16 269.576139  42.302914 42.533
 82   179.927 55077.14613504 52.91 269.575009  42.306174 42.533
 82   180.001 55077.14613568 51.72 269.573879  42.309434 42.533
 83   180.034 55112.14608501 26.91 269.574761  42.292656 32.036
 83   179.828 55112.14608566 24.69 269.573636  42.295917 16.222
 83   179.884 55112.14608630 22.32 269.572496  42.299177 16.222
 83   179.994 55112.14608694 23.77 269.571366  42.302437 16.222
 84   180.150 55147.14608658 51.53 269.575534  42.293780 38.001
 84   180.036 55147.14608722 53.12 269.574404  42.297040 38.001
 84   180.078 55147.14608787 52.42 269.573274  42.300300 38.001
 84   180.145 55147.14608851 52.00 269.572134  42.303560 38.001
 85   179.808 55182.14606299 37.59 269.575165  42.283698 27.943
 85   179.945 55182.14606364 37.35 269.574025  42.286958 27.943
 85   179.879 55182.14606428 38.91 269.572895  42.290218 27.943
 85   179.929 55182.14606493 40.03 269.571765  42.293478 27.943
 85   179.935 55182.14606557 41.39 269.570635  42.296748 27.943
 87   179.787 55252.14606068 25.00 269.575301  42.292086 13.958
 87   179.792 55252.14606133 25.64 269.574161  42.295346 13.958
 87   179.874 55252.14606197 25.57 269.573031  42.298606 13.958
 87   179.958 55252.14606262 29.81 269.571901  42.301866 13.958
 88   180.938 55287.14607559 53.30 269.577180  42.298019 43.963
 88   180.992 55287.14607624 53.25 269.576050  42.301279 43.963
 88   181.021 55287.14607688 53.16 269.574920  42.304539 43.963
 88   181.019 55287.14607753 52.24 269.573790  42.307799 43.963
 89   179.995 55322.14604999 32.29 269.575885  42.290947 35.817
 89   179.795 55322.14605064 31.31 269.574746  42.294200 28.709
 89   179.875 55322.14605128 32.23 269.573616  42.297470 28.709
 89   179.966 55322.14605193 35.41 269.572486  42.300730 28.709
 90   179.978 55357.14605027 30.18 269.575460  42.296102 24.071
 90   180.023 55357.14605091 31.22 269.574330  42.299372 24.071
 90   180.074 55357.14605156 31.03 269.573200  42.302632 24.071
 91   179.978 55392.14605091 30.98 269.574773  42.289484 26.978
 91   179.781 55392.14605156 27.10 269.573650  42.292744 11.951
 91   179.797 55392.14605220 25.98 269.572510  42.296004 11.951
 91   179.850 55392.14605285 24.48 269.571380  42.299264 11.951
 92   180.020 55427.14606658 36.90 269.576354  42.295398 45.285
 92   179.934 55427.14606723 38.30 269.575223  42.298659 38.937
 92   180.039 55427.14606787 42.93 269.574093  42.301919 38.937
 92   180.056 55427.14606852 34.26 269.572963  42.305179 38.937
 93   180.118 55462.14603343 36.26 269.578920  42.302752 40.399
 93   180.237 55462.14603407 38.23 269.577790  42.306022 40.399
 93   180.337 55462.14603472 35.71 269.576660  42.309282 40.399
 93   180.110 55462.14603536 41.61 269.575530  42.312542 40.399
