#   55.000  -6.494   6.085 ;Mean Elev.(m), Avg Gradient(m/km), RMS Gradient(m/km) - SRTM1     
#   53.112  -8.644   8.072 ;Mean Elev.(m), Avg Gradient(m/km), RMS Gradient(m/km) - ASTER GDEM
#   55.000   0.288   2.615 ;Mean Elev.(m), Avg Gradient(m/km), RMS Gradient(m/km) - GMTED2010 
  6 269.729659  35.020605    59.176    59.176  2 52439.15077515 31.322
  7 269.734939  35.020430    55.543    55.543  2 52474.15077387 26.718
  8 269.744060  35.019464    55.207    53.175  3 52509.15073802 26.557
  9 269.741950  35.019086    56.946    57.327  3 52544.15073440 22.391
 10 269.735835  35.019949    53.971    53.971  2 52579.15077571 34.569
 11 269.739687  35.018753    54.433    54.467  3 52614.15074192 49.394
 12 269.741204  35.019656    58.556    58.545  3 52649.15072276 46.272
 13 269.747430  35.021233    55.662    55.662  2 52684.15070318 31.877
 14 269.736712  35.020118    59.922    59.922  2 52719.15075742 16.531
 16 269.734349  35.018486    62.422    62.422  2 52789.15072915 32.352
 17 269.737850  35.019284    56.291    56.264  3 52824.15079973 36.877
 18 269.740666  35.019010    56.494    56.494  2 52859.15084584 40.753
 19 269.737664  35.018433    57.985    57.985  2 52894.15087697 38.363
 20 269.741710  35.019084    53.307    53.307  2 52929.15082695 47.842
 21 269.740407  35.019598    57.174    57.113  3 52964.15081159 43.093
 22 269.734148  35.020572    57.888    57.888  2 52999.15084833 43.481
 23 269.741659  35.018611    57.120    57.043  3 53034.15079988 34.664
 24 269.740422  35.018984    57.362    57.362  2 53069.15081587 21.737
 25 269.741862  35.018926    59.110    59.130  3 53104.15080163 48.791
 26 269.740453  35.018201    56.714    56.766  3 53139.15082101 34.455
 28 269.738753  35.018685    56.497    56.522  3 53209.15087670 27.313
 29 269.743741  35.019635    54.262    54.206  3 53244.15084435 33.344
 30 269.734802  35.018476    58.602    58.602  2 53279.15082348 29.256
 31 269.738274  35.018581    56.030    56.030  2 53314.15084738 31.056
 32 269.744082  35.019789    61.305    61.305  2 53349.15081312 33.247
 33 269.736436  35.019067    62.425    62.341  3 53384.15078689 31.796
 34 269.748119  35.021327    59.724    59.724  2 53419.15079353 43.678
 35 269.737657  35.018437    55.970    55.970  2 53454.15079913 34.541
 36 269.731042  35.020549    56.997    56.997  2 53489.15088503 33.057
 37 269.742856  35.019449    55.560    55.482  3 53524.15087172 28.487
 38 269.733691  35.019663    54.291    54.284  3 53559.15089852 31.053
 39 269.750001  35.018589    51.801    51.801  2 53594.15083538 50.331
 40 269.728410  35.019469    52.184    52.184  2 53629.15082855 30.858
 41 269.735761  35.019518    52.579    52.579  2 53664.15085237 24.540
 42 269.743700  35.018821    54.822    54.856  3 53699.15081046 29.713
 43 269.749665  35.019140    54.737    54.737  2 53734.15073271 23.420
 44 269.744557  35.019392    59.796    59.787  3 53769.15071643 47.791
 45 269.747371  35.019521    59.415    59.415  2 53804.15071228 18.852
 46 269.734615  35.020669    58.034    58.034  2 53839.15073234 30.110
 47 269.740206  35.018954    56.980    56.980  2 53874.15077831 48.010
 48 269.733273  35.020138    53.861    53.861  2 53909.15082325 48.595
 49 269.731018  35.020182    53.305    53.305  2 53944.15084616 28.022
 50 269.741479  35.019574    51.977    51.977  2 53979.15079497 51.075
 51 269.736769  35.019626    55.091    55.067  3 54014.15080889 35.103
 52 269.746731  35.019582    57.286    57.272  3 54049.15081407 28.595
 54 269.746344  35.019083    61.185    61.185  2 54119.15073527 27.192
 55 269.739367  35.018846    55.301    55.301  2 54154.15076231 50.880
 56 269.744705  35.020250    59.811    59.811  2 54189.15073076 31.094
 57 269.737667  35.019272    58.403    58.352  3 54224.15077294 30.614
 58 269.740293  35.019632    56.008    55.897  3 54259.15079431 31.959
 59 269.741483  35.018443    54.905    54.892  3 54294.15079701 48.597
 60 269.744062  35.019665    53.438    53.438  2 54329.15079119 42.544
 61 269.745534  35.018727    53.570    53.570  2 54364.15073763 43.316
 62 269.741940  35.018662    55.160    55.171  3 54399.15073159 25.397
 63 269.745355  35.018370    53.470    53.470  2 54434.15068911 49.405
 64 269.740630  35.018864    57.551    57.551  2 54469.15071465 31.452
 65 269.744310  35.018872    57.815    57.815  2 54504.15070424 42.396
 66 269.742573  35.018977    61.820    61.917  3 54539.15072986 30.544
 67 269.745044  35.020285    64.669    64.669  2 54574.15070523 36.896
 68 269.740855  35.018255    61.133    61.133  2 54609.15072287 26.173
 69 269.740834  35.019113    60.843    60.843  2 54644.15073077 28.630
 70 269.740385  35.017940    57.584    57.286  3 54679.15073224 27.489
 71 269.746265  35.020700    56.621    56.621  2 54714.15068454 23.215
 72 269.738492  35.019352    54.264    54.230  3 54749.15070227 42.712
 73 269.743929  35.018544    52.828    52.828  2 54784.15067153 48.201
 74 269.739777  35.018729    57.310    57.310  2 54819.15069445 50.251
 75 269.743771  35.018978    57.205    57.205  2 54854.15066879 49.284
 76 269.739476  35.018791    58.554    58.574  3 54889.15069911 24.699
 77 269.743706  35.020110    59.886    59.886  2 54924.15066845 20.126
 78 269.737886  35.018257    61.806    61.806  2 54959.15069703 40.851
 79 269.738396  35.018522    58.179    58.111  3 54994.15071906 30.876
 80 269.741763  35.018342    56.075    56.075  2 55029.15070878 28.467
 81 269.742495  35.018763    54.975    55.034  3 55064.15070058 42.905
 82 269.745015  35.018565    55.857    55.857  2 55099.15064520 25.685
 83 269.739237  35.019452    58.998    59.027  3 55134.15064475 33.806
 84 269.744695  35.019516    57.549    57.167  3 55169.15060908 27.624
 85 269.738948  35.019277    58.788    58.874  3 55204.15063784 26.008
 86 269.743233  35.019934    61.705    61.705  2 55239.15061614 40.893
 87 269.741288  35.019274    60.467    60.482  3 55274.15063142 42.723
 88 269.745255  35.019623    57.769    57.783  3 55309.15059970 50.026
 90 269.742903  35.019554    59.924    59.924  2 55379.15059446 27.609
 91 269.739376  35.019015    58.920    58.518  3 55414.15061980 19.006
 92 269.743883  35.018543    55.777    55.777  2 55449.15060742 24.096
 93 269.747155  35.021318    56.209    56.209  2 55484.15053389 29.243
