-264375.637     5.434     0.00    0.94
-264002.119     5.781     0.93    1.09
-263628.575     6.560     2.09    1.59
-263255.004     7.737     3.15    2.07
-262881.405     8.960     3.27    2.17
-262507.780    10.180     3.26    2.00
-262134.128    10.879     1.87    1.64
-261760.449    11.136     0.69    1.23
-261386.743    11.248     0.30    1.04
-261013.011    11.080    -0.45    1.14
-260639.251    10.484    -1.60    1.40
-260265.464     9.492    -2.65    2.50
-259891.650     8.840    -1.74    2.70
-259517.810     8.798    -0.11    2.88
-259143.942    10.125     3.55    3.11
-258770.048    11.360     3.30    2.38
-258396.126    12.309     2.54    2.18
-258022.177    12.028    -0.75    2.01
-257648.202    11.390    -1.71    2.50
-257274.199    10.002    -3.71    3.22
-256900.170     7.815    -5.85    3.39
-256526.113     5.166    -7.08    3.46
-256152.029     2.705    -6.58    3.25
-255777.918    -0.100    -7.49    3.90
-255403.781    -3.600    -9.35    3.99
-255029.616    -6.630    -8.10    4.00
-254655.424   -10.440   -10.18    3.61
-254281.205   -13.100    -7.11    3.18
-253906.959   -15.860    -7.37    2.58
-253532.685   -17.558    -4.54    1.90
-253158.385   -19.018    -3.90    1.91
-252784.058   -20.143    -3.00    1.75
-252409.703   -20.980    -2.23    1.75
-252035.321   -21.800    -2.19    1.61
-251660.913   -22.120    -0.86    1.46
-251286.477   -22.340    -0.59    1.27
-250912.014   -22.671    -0.88    1.40
-250537.523   -22.570     0.27    1.32
-250163.006   -23.078    -1.36    1.14
-249788.461   -23.620    -1.45    1.43
-249413.890   -24.079    -1.23    1.84
-249039.291   -23.740     0.91    2.95
-248664.665   -24.120    -1.02    3.69
-248290.011   -24.683    -1.50    3.92
-247915.331   -25.540    -2.29    3.87
-247540.623   -27.817    -6.08    1.56
-247165.888   -27.845    -0.07    1.38
-246791.126   -26.483     3.63    3.09
-246416.336   -23.875     6.96    5.70
-246041.520   -19.610    11.38    6.88
-245666.676   -16.120     9.31    6.01
-245291.804   -12.640     9.28    3.76
-244916.906   -10.780     4.96    2.12
-244541.980    -9.814     2.58    1.67
-244167.027    -8.773     2.78    1.64
-243792.047    -8.140     1.69    1.74
-243417.039    -7.528     1.63    1.78
-243042.004    -7.412     0.31    1.81
-242666.942    -7.180     0.62    1.38
-242291.852    -6.839     0.91    1.50
-241916.735    -6.080     2.02    1.99
-241541.591    -5.120     2.56    2.01
-241166.419    -4.540     1.55    1.86
-240791.220    -3.980     1.49    1.73
-240415.994    -3.800     0.48    1.89
-240040.740    -3.511     0.77    1.73
-239665.459    -3.382     0.34    1.53
-239290.150    -3.000     1.02    1.40
-238914.814    -2.662     0.90    2.12
-238539.451    -2.140     1.39    2.54
-238164.060    -1.080     2.82    2.99
-237788.642     1.057     5.69    4.51
-237413.196     4.140     8.21    4.58
-237037.723     6.049     5.08    4.33
-236662.223     6.839     2.10    3.38
-236286.695     5.553    -3.42    3.99
-235911.139     2.920    -7.01    4.72
-235535.557    -1.589   -12.00    5.73
-235159.946    -5.802   -11.21    6.26
-234784.308   -10.630   -12.85    6.46
-234408.643   -15.122   -11.95    4.41
-234032.950   -17.649    -6.72    2.59
-233657.230   -19.546    -5.05    2.13
-233281.482   -20.814    -3.37    2.20
-232905.707   -22.120    -3.48    1.85
-232529.904   -23.240    -2.98    1.37
-232154.073   -23.875    -1.69    1.10
-231778.215   -24.249    -0.99    1.00
-231402.329   -24.467    -0.58    0.86
-231026.416   -24.560    -0.25    0.93
-230650.476   -24.580    -0.05    0.81
-230274.507   -24.340     0.64    0.92
-229898.511   -24.079     0.69    1.15
-229522.488   -24.040     0.11    1.17
-229146.437   -24.121    -0.22    1.58
-228770.358   -24.500    -1.01    1.53
-228394.252   -24.855    -0.94    1.11
-228018.118   -25.140    -0.76    0.93
-227641.956   -25.120     0.06    0.91
-227265.767   -25.162    -0.11    0.81
-226889.550   -25.160     0.01    0.91
-226513.305   -25.339    -0.48    0.99
-226137.033   -25.620    -0.75    1.01
-225760.733   -25.870    -0.67    1.19
-225384.405   -25.957    -0.23    1.44
-225008.050   -26.140    -0.49    1.07
-224631.667   -26.202    -0.16    0.98
-224255.256   -26.120     0.22    0.92
-223878.818   -25.880     0.64    1.02
-223502.352   -25.300     1.54    1.29
-223125.858   -24.324     2.59    1.57
-222749.336   -23.808     1.37    1.58
-222372.787   -23.834    -0.07    2.05
-221996.210   -24.954    -2.97    2.95
-221619.605   -26.394    -3.82    3.04
-221242.972   -28.100    -4.53    2.01
-220866.312   -28.957    -2.28    1.06
-220489.623   -29.300    -0.91    0.95
-220112.907   -29.120     0.48    0.98
-219736.163   -28.860     0.69    1.02
-219359.392   -28.382     1.27    1.66
-218982.592   -27.472     2.41    2.05
-218605.765   -26.712     2.02    2.25
-218228.910   -26.315     1.05    2.12
-217852.027   -25.773     1.44    1.88
-217475.116   -25.100     1.79    1.61
-217098.177   -24.780     0.85    1.61
-216721.210   -24.513     0.71    2.90
-216344.216   -23.080     3.80    4.12
-215967.194   -21.980     2.92    4.97
-215590.143   -21.820     0.42    5.71
-215213.065   -22.977    -3.07    5.90
-214835.959   -24.537    -4.14    5.25
-214458.825   -25.904    -3.62    2.27
-214081.663   -25.904    -0.00    2.02
-213704.473   -25.079     2.19    2.94
-213327.255   -24.287     2.10    3.26
-212950.009   -23.487     2.12    3.19
-212572.736   -23.198     0.77    3.52
-212195.434   -23.079     0.31    3.17
-211818.104   -23.712    -1.68    3.32
-211440.747   -23.630     0.22    3.65
-211063.361   -22.980     1.72    3.61
-210685.947   -22.940     0.11    3.11
-210308.506   -22.704     0.62    2.46
-209931.191   -23.420    -1.90    2.00
-209559.224   -24.208    -2.12    1.64
-209187.229   -24.860    -1.75    1.73
-208815.207   -25.589    -1.96    1.44
-208443.158   -25.590    -0.00    1.58
-208071.082   -24.480     2.98    2.68
-207698.978   -23.880     1.61    3.88
-207326.848   -27.320    -9.24    9.04
-206954.690   -31.579   -11.44   11.41
-206582.505   -38.140   -17.62   11.10
-206210.292   -43.295   -13.85    7.71
-205838.053   -46.531    -8.69    1.08
-205465.786   -46.537    -0.02    1.03
-205093.492   -46.569    -0.09    1.02
-204721.171   -46.632    -0.17    1.00
-204348.822   -46.528     0.28    0.98
-203976.447   -45.619     2.44    2.75
-203604.044   -45.162     1.23    2.91
-203231.613   -44.540     1.67    2.87
-202859.156   -44.300     0.64    2.65
-202486.671   -44.181     0.32    2.32
-202114.158   -42.243     5.20    6.17
-201741.619   -31.520    28.78   19.23
-201369.052   -16.040    41.54   23.03
-200996.458    -4.340    31.40   18.17
-200623.836     4.743    24.37    4.91
-200251.187     4.755     0.03    3.55
-199878.511     3.740    -2.72    3.13
-199505.807     2.248    -4.00    3.73
-199133.076     1.861    -1.04    3.69
-198760.317     2.860     2.68    2.83
-198387.532     3.180     0.86    2.91
-198014.718     5.040     4.99    2.63
-197641.878     5.064     0.06    4.68
-197269.010     0.180   -13.09   10.02
-196896.114    -1.993    -5.83   11.08
-196523.191    -5.296    -8.85   10.76
-196150.241    -4.752     1.46    9.98
-195777.263    -0.800    10.59    9.67
-195404.258     0.879     4.50    9.63
-195031.225     5.247    11.71    8.16
-194658.165     9.704    11.94    4.14
-194285.078    11.680     5.30    3.69
-193911.962    13.390     4.58    2.75
-193538.820    13.980     1.58    4.01
-193165.650    13.798    -0.49    5.32
-192792.452    12.757    -2.79    7.70
-192419.227    13.900     3.06    8.35
-192045.974    13.380    -1.39    9.26
-191672.694    15.680     6.16    9.33
-191299.386    16.508     2.22    9.51
-190926.051    17.046     1.44   10.60
-190552.688    19.440     6.41   10.94
-190179.298    20.683     3.33   11.72
-189805.880    25.547    13.02   11.00
-189432.434    30.268    12.64    6.63
-189058.961    31.980     4.58    5.51
-188685.460    33.260     3.43    5.37
-188311.932    33.609     0.93    4.56
-187938.376    33.540    -0.18    4.28
-187564.792    34.183     1.72    3.51
-187191.181    35.704     4.07    3.57
-186817.542    37.130     3.81    3.77
-186443.876    39.064     5.18    3.66
-186070.182    41.046     5.30    3.05
-185696.460    42.717     4.47    2.80
-185322.710    44.469     4.69    2.24
-184948.933    45.431     2.57    2.07
-184575.128    44.921    -1.36    2.53
-184201.296    43.692    -3.29    2.96
-183827.435    41.620    -5.54    3.33
-183453.547    39.700    -5.13    3.78
-183079.632    37.800    -5.08    4.02
-182705.688    35.640    -5.78    3.82
-182331.717    32.635    -8.03    4.63
-181957.718    30.175    -6.58    5.04
-181583.692    28.487    -4.51    4.99
-181209.637    26.724    -4.71    5.10
-180835.555    25.023    -4.55    5.15
-180461.445    22.920    -5.62    6.35
-180087.308    21.420    -4.01    6.44
-179713.142    20.088    -3.56    7.10
-179338.949    18.720    -3.65    7.47
-178964.728    17.509    -3.24    8.23
-178590.479    16.273    -3.30    8.41
-178216.202    14.730    -4.12    9.11
-177841.897    12.839    -5.05    8.26
-177467.565    12.650    -0.50    7.86
-177093.205     9.798    -7.62    8.27
-176718.817     5.220   -12.23    9.26
-176344.401     4.084    -3.03    8.18
-175969.957     8.145    10.84   10.87
-175595.485    14.730    17.58   11.67
-175220.985    19.640    13.11    7.38
-174846.458    20.900     3.36    5.70
-174471.903    18.400    -6.67    4.96
-174097.319    15.720    -7.15    3.93
-173722.708    14.472    -3.33    4.35
-173348.069    14.038    -1.16    4.70
-172973.402    13.944    -0.25    4.21
-172598.707    15.959     5.38    4.10
-172223.984    17.900     5.18    2.51
-171849.233    17.940     0.10    2.79
-171474.454    18.520     1.55    2.79
-171099.647    18.755     0.62    3.47
-170724.812    20.220     3.91    4.07
-170349.949    22.661     6.51    2.96
-169975.058    24.724     5.50    2.90
-169600.139    26.880     5.75    3.38
-169225.192    29.390     6.69    3.68
-168850.217    32.820     9.15    4.03
-168475.214    35.560     7.31    3.51
-168100.183    38.820     8.69    3.47
-167725.124    41.368     6.79    3.49
-167350.037    43.940     6.85    3.70
-166974.922    45.775     4.89    2.66
-166599.779    45.998     0.59    1.90
-166224.607    45.116    -2.35    2.39
-165849.408    43.600    -4.04    2.42
-165474.180    41.881    -4.58    2.63
-165098.925    40.775    -2.95    2.21
-164723.641    40.645    -0.35    2.04
-164348.329    40.921     0.73    1.30
-163972.989    40.800    -0.32    1.27
-163597.621    39.540    -3.36    1.77
-163222.225    38.234    -3.48    2.15
-162846.800    36.819    -3.77    2.34
-162471.347    35.177    -4.37    2.59
-162095.867    35.234     0.15    2.62
-161720.358    35.757     1.39    2.97
-161344.820    36.921     3.10    3.05
-160969.255    38.819     5.05    1.80
-160593.661    39.900     2.88    1.20
-160218.040    40.340     1.17    1.09
-159842.390    40.594     0.68    1.02
-159466.711    40.214    -1.01    1.41
-159091.005    39.859    -0.95    1.60
-158715.270    39.900     0.11    1.39
-158339.507    39.120    -2.08    1.76
-157963.716    37.763    -3.61    2.62
-157587.896    36.175    -4.23    2.91
-157212.048    34.380    -4.78    2.67
-156836.172    31.508    -7.64    4.67
-156460.268    28.431    -8.18    5.54
-156084.335    26.760    -4.44    5.50
-155708.374    21.760   -13.30    9.13
-155332.385    17.880   -10.32   10.96
-154956.367    16.513    -3.64   11.13
-154580.321    15.900    -1.63   10.67
-154204.247    18.587     7.14   10.41
-153828.144    20.380     4.77    9.55
-153452.013    20.043    -0.89    9.24
-153075.853    17.160    -7.66    8.33
-152699.666    16.077    -2.88    7.88
-152323.449    14.080    -5.31    5.67
-151947.205    12.177    -5.06    4.68
-151570.932    13.547     3.64    6.03
-151194.630    15.206     4.41    6.62
-150818.300    16.060     2.27    6.05
-150441.942    17.960     5.05    5.59
-150065.555    19.260     3.45    7.56
-149689.140    20.469     3.21    8.96
-149312.696    23.645     8.44   10.11
-148936.224    27.763    10.94   10.49
-148559.724    32.500    12.58    8.90
-148183.195    36.516    10.66    4.86
-147806.637    38.615     5.57    3.37
-147430.051    39.798     3.14    3.05
-147053.436    40.920     2.98    2.69
-146676.793    42.031     2.95    2.06
-146300.122    42.560     1.41    2.39
-145923.421    41.775    -2.08    5.00
-145546.693    39.320    -6.52    7.32
-145169.936    37.340    -5.25    8.37
-144793.150    34.660    -7.11    8.44
-144416.335    34.900     0.64    7.24
-144039.492    33.139    -4.67    7.15
-143662.621    31.391    -4.64    6.63
-143285.721    28.960    -6.45    5.08
-142908.792    28.420    -1.43    4.70
-142531.835    31.480     8.12    4.68
-142154.849    33.411     5.12    4.79
-141777.834    34.349     2.49    4.79
-141400.791    34.798     1.19    5.05
-141023.719    35.708     2.41    5.70
-140646.619    36.655     2.51    5.81
-140269.490    37.255     1.59    5.77
-139892.332    38.140     2.35    5.85
-139515.145    38.922     2.07    5.59
-139137.930    40.842     5.09    5.94
-138760.686    43.546     7.17    5.59
-138383.414    46.420     7.62    5.81
-138006.113    48.685     6.00    5.23
-137628.783    50.360     4.44    5.64
-137251.424    52.312     5.17    6.99
-136874.036    56.226    10.37    8.72
-136496.620    63.430    19.08   10.35
-136119.175    67.880    11.79    7.47
-135741.702    69.420     4.08    7.07
-135364.199    69.060    -0.95    6.42
-134986.762    67.982    -2.86    4.52
-134614.882    69.370     3.73    3.10
-134242.973    71.200     4.92    2.34
-133871.036    72.380     3.17    2.00
-133499.072    73.332     2.56    1.75
-133127.080    73.881     1.48    1.86
-132755.059    74.655     2.08    2.13
-132383.011    75.505     2.28    2.40
-132010.935    77.280     4.77    2.90
-131638.831    78.213     2.51    2.67
-131266.699    78.645     1.16    2.82
-130894.539    78.487    -0.42    3.68
-130522.351    76.567    -5.16    4.89
-130150.135    74.533    -5.46    5.56
-129777.892    72.234    -6.18    5.52
-129405.620    69.540    -7.23    4.81
-129033.320    67.206    -6.27    4.62
-128660.992    63.540    -9.85    5.88
-128288.637    60.666    -7.72    5.81
-127916.253    59.253    -3.79    5.23
-127543.841    59.313     0.16    5.56
-127171.401    61.606     6.16    6.07
-126798.933    65.200     9.65    4.84
-126426.437    66.655     3.91    4.03
-126053.913    66.939     0.76    3.95
-125681.361    65.680    -3.38    5.32
-125308.781    64.783    -2.41    5.24
-124936.173    64.349    -1.16    5.63
-124563.537    65.508     3.11    5.64
-124190.872    69.049     9.50    3.79
-123818.180    70.273     3.28    3.12
-123445.459    70.084    -0.51    3.77
-123072.711    70.920     2.24    4.13
-122699.934    71.120     0.54    5.14
-122327.129    69.920    -3.22    6.65
-121954.296    66.842    -8.26    8.84
-121581.435    63.200    -9.76    8.85
-121208.545    60.840    -6.33    6.94
-120835.628    59.626    -3.26    6.84
-120462.682    58.727    -2.41    6.16
-120089.708    58.180    -1.47    5.53
-119716.706    56.332    -4.96    4.59
-119343.675    54.594    -4.66    3.97
-118970.617    52.546    -5.49    3.27
-118597.530    50.080    -6.61    3.34
-118224.415    48.292    -4.79    2.79
-117851.272    46.220    -5.55    2.52
-117478.100    45.798    -1.13    2.39
-117104.901    46.645     2.27    3.14
-116731.673    49.940     8.82    5.15
-116358.417    53.120     8.52    4.85
-115985.132    55.900     7.45    4.12
-115611.819    55.921     0.06    3.40
-115238.478    53.940    -5.31    4.34
-114865.109    50.922    -8.08    4.82
-114491.711    47.320    -9.64    5.61
-114118.285    44.380    -7.87    5.81
-113744.831    41.329    -8.17    6.32
-113371.348    40.304    -2.74    5.42
-112997.837    38.940    -3.65    4.76
-112624.298    38.273    -1.78    4.84
-112250.730    38.130    -0.38    4.52
-111877.134    38.131     0.00    4.52
-111503.509    38.296     0.44    4.49
-111129.856    39.077     2.09    3.65
-110756.175    38.620    -1.22    3.30
-110382.466    37.469    -3.08    3.88
-110008.727    35.293    -5.82    4.57
-109634.961    31.737    -9.51    6.82
-109261.166    26.380   -14.33    8.17
-108887.343    22.440   -10.54    5.78
-108513.491    21.645    -2.13    5.25
-108139.611    24.351     7.24    6.65
-107765.702    28.420    10.88    7.40
-107391.765    32.533    11.00    7.63
-107017.799    33.594     2.84    7.31
-106643.805    37.140     9.48    8.48
-106269.783    41.009    10.34    9.00
-105895.731    43.802     7.47    8.21
-105521.652    46.963     8.45    4.46
-105147.544    45.842    -3.00    4.57
-104773.407    41.508   -11.58    6.38
-104399.242    36.520   -13.33    7.45
-104025.048    32.293   -11.30    6.63
-103650.826    28.475   -10.20    4.13
-103276.575    26.783    -4.52    3.32
-102902.296    25.009    -4.74    3.31
-102527.988    23.040    -5.26    3.92
-102153.651    22.533    -1.36    3.98
-101779.286    23.309     2.07    4.75
-101404.892    25.976     7.12    4.93
-101030.470    27.420     3.86    4.96
-100656.019    25.247    -5.80    6.91
-100281.539    22.660    -6.91    7.56
 -99907.031    20.016    -7.06    7.04
 -99532.494    16.700    -8.85    3.00
 -99157.928    16.440    -0.69    2.14
 -98783.334    15.547    -2.38    2.67
 -98408.711    14.540    -2.69    3.24
 -98034.059    13.391    -3.07    3.07
 -97659.379    12.192    -3.20    2.84
 -97284.670    11.704    -1.30    2.57
 -96909.933    11.778     0.20    2.52
 -96535.166    10.844    -2.49    3.17
 -96160.371     9.340    -4.01    4.22
 -95785.547     7.800    -4.11    4.31
 -95410.695     6.962    -2.24    4.48
 -95035.813     6.531    -1.15    4.13
 -94660.903     5.802    -1.94    2.95
 -94285.964     5.432    -0.99    2.93
 -93910.997     4.626    -2.15    2.48
 -93536.001     5.460     2.23    3.39
 -93160.975     6.842     3.68    4.65
 -92785.921     9.724     7.68    4.84
 -92410.839    13.709    10.62    5.46
 -92035.727    16.861     8.40    4.85
 -91660.587    18.161     3.47    4.34
 -91285.417    17.580    -1.55    5.06
 -90910.219    16.696    -2.36    5.23
 -90534.992    15.900    -2.12    4.44
 -90159.737    16.266     0.97    4.18
 -89784.452    16.780     1.37    4.09
 -89409.138    17.480     1.86    3.39
 -89033.796    19.240     4.69    2.76
 -88658.425    21.234     5.31    2.53
 -88283.024    19.645    -4.23    7.70
 -87907.595    13.780   -15.62   12.19
 -87532.137     6.780   -18.64   13.12
 -87156.650    -0.549   -19.52    7.57
 -86781.135    -2.753    -5.87    2.33
 -86405.590    -2.461     0.78    2.12
 -86030.016    -2.311     0.40    1.92
 -85654.413    -2.355    -0.12    2.03
 -85278.781    -2.580    -0.60    1.99
 -84903.121    -2.120     1.23    2.55
 -84527.431    -1.560     1.49    3.11
 -84151.712    -1.139     1.12    3.24
 -83775.965    -0.954     0.49    3.55
 -83400.188    -1.100    -0.39    3.49
 -83024.382    -0.794     0.81    3.47
 -82648.548    -0.100     1.85    3.57
 -82272.684     0.439     1.43    3.59
 -81896.791     0.600     0.43    3.40
 -81520.869    -0.100    -1.86    3.03
 -81144.918    -0.926    -2.20    2.73
 -80768.938    -1.609    -1.82    1.60
 -80392.929    -1.406     0.54    1.60
 -80016.891    -0.400     2.68    2.23
 -79640.824     0.593     2.64    2.48
 -79264.727     2.340     4.65    4.05
 -78888.602     4.460     5.64    5.12
 -78512.447     6.600     5.69    5.57
 -78136.264     9.266     7.08    5.76
 -77760.051    11.175     5.07    4.70
 -77383.809    12.080     2.41    3.80
 -77007.537    12.980     2.39    4.49
 -76631.237    15.472     6.62    5.56
 -76254.908    17.940     6.56    6.37
 -75878.549    21.411     9.22    4.79
 -75502.161    22.469     2.81    3.97
 -75125.744    22.704     0.63    5.48
 -74749.297    22.900     0.52    7.63
 -74372.822    17.520   -14.29   10.89
 -73996.317    10.737   -18.02   12.33
 -73619.783     5.194   -14.72   11.60
 -73243.220    -0.433   -14.94    7.55
 -72866.627    -2.610    -5.78    1.17
 -72490.006    -3.060    -1.19    0.99
 -72113.354    -2.980     0.21    1.10
 -71736.674    -2.707     0.72    1.44
 -71359.965    -2.487     0.58    1.53
 -70983.226    -2.003     1.28    1.59
 -70606.457    -1.433     1.51    1.74
 -70229.660    -1.276     0.42    1.56
 -69852.833    -1.260     0.04    1.54
 -69475.977    -1.178     0.22    1.52
 -69099.091    -0.850     0.87    1.79
 -68722.176    -0.560     0.77    2.04
 -68345.232    -0.520     0.11    2.11
 -67968.258    -0.080     1.17    2.32
 -67591.255    -0.458    -1.00    2.41
 -67214.223    -0.120     0.90    3.00
 -66837.161     1.900     5.36    6.70
 -66460.070     6.080    11.08   10.48
 -66082.950     9.748     9.73   12.23
 -65705.800    14.391    12.31   12.57
 -65328.620    17.002     6.92   12.41
 -64951.411    19.116     5.60   11.51
 -64574.173    20.600     3.93   12.14
 -64196.905    22.546     5.16   13.15
 -63819.608    22.587     0.11   14.94
 -63442.281    18.177   -11.69   17.95
 -63064.925     9.880   -21.98   17.12
 -62687.539     2.080   -20.67   12.23
 -62310.124    -2.160   -11.23    4.11
 -61932.679    -0.968     3.16    4.44
 -61555.205     1.606     6.82    6.82
 -61177.701     3.293     4.47    6.81
 -60800.168     2.880    -1.09    7.49
 -60422.605    -0.688    -9.45    5.17
 -60045.013    -2.217    -4.05    3.98
 -59673.198    -1.864     0.95    3.73
 -59301.375    -0.237     4.38    4.17
 -58929.523     1.288     4.10    3.64
 -58557.642     1.535     0.66    3.20
 -58185.733     1.360    -0.47    2.77
 -57813.795     0.842    -1.39    2.89
 -57441.828     0.320    -1.40    2.32
 -57069.833    -0.213    -1.43    2.07
 -56697.809     0.540     2.02    4.14
 -56325.757     4.340    10.21    9.33
 -55953.675     7.508     8.51   10.66
 -55581.565    10.900     9.12   11.50
 -55209.427    13.606     7.27   10.58
 -54837.259    15.813     5.93    9.44
 -54465.063    20.822    13.46    9.58
 -54092.839    25.780    13.32    8.97
 -53720.585    29.096     8.91    6.43
 -53348.303    31.000     5.11    3.33
 -52975.992    30.020    -2.63    4.19
 -52603.652    27.839    -5.86    5.43
 -52231.284    26.000    -4.94    5.20
 -51858.887    25.743    -0.69    5.72
 -51486.461    27.400     4.45    6.61
 -51114.006    31.763    11.71    7.82
 -50741.522    35.819    10.89    6.39
 -50369.010    38.120     6.18    5.55
 -49996.468    39.645     4.09    4.84
 -49623.898    41.038     3.74    5.54
 -49251.299    43.979     7.89    4.97
 -48878.672    45.984     5.38    4.69
 -48506.015    48.391     6.46    4.78
 -48133.330    49.900     4.05    4.52
 -47760.615    52.430     6.79    5.17
 -47387.872    55.600     8.51    5.01
 -47015.100    57.472     5.02    5.12
 -46642.299    60.528     8.20    5.76
 -46269.470    62.420     5.08    6.02
 -45896.611    62.477     0.15    7.33
 -45523.723    62.757     0.75    7.57
 -45150.807    64.362     4.30    7.69
 -44777.861    67.031     7.16    9.00
 -44404.887    71.685    12.48    8.23
 -44031.883    75.839    11.14    6.05
 -43658.851    78.760     7.83    5.83
 -43285.789    80.458     4.55    5.14
 -42912.699    80.520     0.17    4.94
 -42539.580    80.297    -0.60    5.52
 -42166.432    79.430    -2.32    6.55
 -41793.254    77.840    -4.26    6.30
 -41420.048    76.842    -2.68    5.55
 -41046.813    74.485    -6.31    5.57
 -40673.548    70.469   -10.76    6.58
 -40300.255    67.096    -9.03    7.39
 -39926.933    60.940   -16.49    7.91
 -39553.581    56.680   -11.41    6.94
 -39180.201    53.304    -9.04    6.10
 -38806.791    52.900    -1.08    5.75
 -38433.352    54.881     5.30    6.76
 -38059.884    58.240     8.99    6.94
 -37686.388    62.523    11.47    6.20
 -37312.862    66.096     9.57    6.93
 -36939.306    67.760     4.45    5.74
 -36565.722    66.540    -3.27    6.64
 -36192.109    64.005    -6.79    6.81
 -35818.466    59.136   -13.03    7.74
 -35444.795    57.422    -4.59    7.40
 -35071.094    58.704     3.43    7.73
 -34697.364    61.020     6.20    7.61
 -34323.605    63.285     6.06    7.07
 -33949.817    64.540     3.36    8.67
 -33575.999    63.440    -2.94   10.00
 -33202.152    63.440     0.00   10.01
 -32828.276    63.609     0.45    8.95
 -32454.371    65.312     4.56    7.85
 -32080.437    67.740     6.49    7.45
 -31706.473    71.260     9.41    6.78
 -31332.480    72.980     4.60    5.74
 -30958.458    72.959    -0.06    6.12
 -30584.407    72.018    -2.52    6.96
 -30210.326    71.533    -1.30    5.85
 -29836.216    71.997     1.24    4.55
 -29462.077    71.879    -0.32    4.10
 -29087.909    72.155     0.74    3.80
 -28713.711    73.840     4.50    5.83
 -28339.484    75.680     4.92    7.69
 -27965.227    76.863     3.16    8.14
 -27590.941    75.977    -2.37   10.05
 -27216.626    68.131   -20.96   15.53
 -26842.282    56.980   -29.79   17.21
 -26467.908    47.708   -24.77   13.55
 -26093.505    46.300    -3.76   11.42
 -25719.072    48.430     5.69   10.81
 -25344.610    52.881    11.89    9.57
 -24970.119    55.410     6.75    8.64
 -24595.598    55.439     0.08    8.64
 -24221.048    51.120   -11.53   10.50
 -23846.468    48.497    -7.00    8.06
 -23471.859    48.214    -0.75    7.10
 -23097.221    47.825    -1.04    7.36
 -22722.553    49.580     4.69    8.07
 -22347.856    48.371    -3.23    9.66
 -21973.129    45.700    -7.13   10.54
 -21598.373    39.288   -17.11   17.11
 -21223.587    28.900   -27.72   21.20
 -20848.772    19.487   -25.11   19.68
 -20473.927    17.175    -6.17   15.72
 -20099.053    26.140    23.92   18.66
 -19724.149    36.977    28.91   16.89
 -19349.215    46.060    24.23   13.27
 -18974.253    52.000    15.84   12.08
 -18599.260    54.018     5.38   11.48
 -18224.238    56.963     7.85   11.35
 -17849.187    63.606    17.71   11.58
 -17474.106    69.360    15.34   10.45
 -17098.995    71.400     5.44    9.28
 -16723.855    73.077     4.47    8.82
 -16348.685    73.580     1.34    8.90
 -15973.485    75.430     4.93    7.48
 -15598.256    74.879    -1.47    7.33
 -15222.998    73.979    -2.40    9.82
 -14847.709    71.043    -7.82   12.39
 -14472.391    65.921   -13.65   15.87
 -14097.044    60.789   -13.67   19.31
 -13721.666    55.645   -13.70   20.76
 -13346.260    40.958   -39.12   25.44
 -12970.823    27.430   -36.03   24.91
 -12595.357    16.371   -29.45   18.53
 -12219.861    10.084   -16.74    8.46
 -11844.335    10.743     1.76    6.56
 -11468.780    15.253    12.01   12.23
 -11093.194    23.685    22.45   19.53
 -10717.579    32.466    23.38   22.72
 -10341.935    38.469    15.98   20.81
  -9966.261    33.343   -13.65   24.01
  -9590.556    32.567    -2.06   26.28
  -9214.823    26.523   -16.09   27.98
  -8839.059    19.560   -18.53   29.10
  -8463.265    13.743   -15.48   24.63
  -8087.442     5.567   -21.76    9.67
  -7711.589     4.463    -2.94    4.90
  -7335.706     5.372     2.42    5.11
  -6959.794     6.064     1.84    5.64
  -6583.851     6.547     1.29    5.43
  -6207.879     7.234     1.83    5.01
  -5831.877     7.293     0.16    4.59
  -5455.845     7.390     0.26    4.33
  -5079.783     5.700    -4.49    4.98
  -4703.691     3.391    -6.14    4.86
  -4327.569     1.696    -4.50    4.10
  -3951.418     0.018    -4.46    0.84
  -3575.236    -0.100    -0.31    0.00
  -3199.025     0.057     0.42    0.81
  -2822.783     0.116     0.16    0.90
  -2446.512     0.630     1.36    1.77
  -2070.211     1.587     2.54    2.66
  -1693.880     2.088     1.33    3.19
  -1317.519     2.200     0.30    3.28
   -941.128     1.704    -1.32    3.20
   -564.707     0.861    -2.24    2.47
   -188.256     0.353    -1.35    1.72
    188.225     0.783     1.14    2.50
    564.736     2.227     3.84    4.14
    941.277     3.370     3.03    4.61
   1317.848     6.626     8.65    9.86
   1694.449     8.194     4.17   10.49
   2071.080    10.508     6.14   12.30
   2447.741    11.636     2.99   11.87
   2824.432    13.460     4.84   12.91
   3201.154    15.516     5.46   16.87
   3577.905    21.077    14.76   21.51
   3954.686    21.141     0.17   24.40
   4331.498    16.620   -12.00   24.32
   4708.339    11.360   -13.96   20.07
   5085.211     4.410   -18.44    7.84
   5462.113     2.748    -4.41    3.30
   5839.045     2.724    -0.06    3.17
   6216.007     3.700     2.59    4.02
   6592.999     5.189     3.95    5.68
   6970.022     7.880     7.14    8.33
   7347.074    12.400    11.99   13.55
   7724.157    15.136     7.25   14.74
   8101.270    18.400     8.66   15.65
   8478.413    20.802     6.37   15.60
   8855.586    25.960    13.68   17.21
   9232.790    32.760    18.03   16.43
   9610.024    40.304    20.00   12.81
   9987.288    43.380     8.15   10.09
  10364.582    47.542    11.03   10.79
  10741.906    50.161     6.94   10.30
  11119.261    51.587     3.78    9.05
  11496.646    53.300     4.54    8.24
  11874.061    54.469     3.10    7.26
  12251.507    55.660     3.15    6.77
  12628.982    56.724     2.82    7.58
  13006.489    56.881     0.42    7.95
  13384.025    59.060     5.77    8.46
  13761.592    60.312     3.32    7.76
  14139.189    65.018    12.46    7.30
  14516.816    66.822     4.78    6.58
  14894.474    67.439     1.63    6.33
  15266.357    67.120    -0.86    7.23
  15638.090    69.612     6.70    7.55
  16009.852    71.822     5.94    6.76
  16381.643    73.919     5.64    7.55
  16753.464    73.150    -2.07    8.11
  17125.314    70.976    -5.85    8.42
  17497.194    67.160   -10.26    9.60
  17869.103    62.329   -12.99   14.76
  18241.042    64.234     5.12   14.95
  18613.009    64.288     0.15   14.99
  18985.007    62.997    -3.47   17.04
  19357.033    56.240   -18.16   21.70
  19729.089    50.448   -15.57   19.14
  20101.175    47.477    -7.98   17.27
  20473.290    48.141     1.78   16.29
  20845.434    51.371     8.68   15.99
  21217.608    55.175    10.22   15.60
  21589.812    62.136    18.70   15.64
  21962.045    70.349    22.07   11.69
  22334.307    75.073    12.69   10.40
  22706.599    77.134     5.54   13.54
  23078.921    75.977    -3.11   16.06
  23451.272    76.240     0.71   15.19
  23823.652    78.141     5.10   12.43
  24196.062    81.300     8.48    9.73
  24568.502    85.743    11.93    8.86
  24940.971    90.717    13.35    8.27
  25313.470    94.900    11.23    6.40
  25685.998    96.645     4.68    5.91
  26058.556    95.139    -4.04    8.44
  26431.144    91.704    -9.22    7.48
  26803.761    91.520    -0.49    6.80
  27176.408    92.823     3.50    7.03
  27549.084    95.480     7.13    6.52
  27921.790    97.580     5.63    6.96
  28294.526   101.060     9.34    6.77
  28667.291   105.200    11.11    6.32
  29040.086   109.214    10.77    6.33
  29412.911   111.025     4.86    6.00
  29785.766   111.136     0.30    6.89
  30158.650   111.574     1.18    8.23
  30531.563   107.800   -10.12    9.79
  30904.507   105.175    -7.04    9.04
  31277.480   104.600    -1.54    8.29
  31650.483   104.626     0.07    6.60
  32023.515   106.594     5.28    6.46
  32396.578   110.489    10.44    7.05
  32769.670   114.505    10.76    6.26
  33142.792   118.489    10.68    6.76
  33515.944   121.820     8.93    5.57
  33889.125   121.220    -1.61    6.54
  34262.336   117.430   -10.16    8.43
  34635.577   112.060   -14.39    8.69
  35008.848   106.116   -15.93    7.84
  35382.149   102.705    -9.14    6.76
  35755.479   100.038    -7.14    7.65
  36128.839    96.247   -10.15    9.02
  36502.230    90.921   -14.27   12.72
  36875.650    85.861   -13.55   13.69
  37249.099    84.600    -3.38   12.95
  37622.579    88.048     9.23   13.97
  37996.089    92.920    13.04   11.21
  38369.628    94.016     2.93    8.73
  38743.198    92.748    -3.39    9.11
  39116.797    86.304   -17.25   14.14
  39490.426    74.440   -31.75   22.66
  39864.085    67.020   -19.86   23.60
  40237.774    59.939   -18.95   26.06
  40611.493    57.234    -7.24   27.68
  40985.242    54.466    -7.40   27.67
  41359.021    59.116    12.44   26.34
  41732.830    57.938    -3.15   25.04
  42106.669    55.370    -6.87   27.29
  42480.538    52.018    -8.97   25.63
  42854.436    42.880   -24.44   20.64
  43228.365    41.700    -3.16   18.82
  43602.324    48.240    17.49   20.15
  43976.313    50.247     5.37   20.50
  44350.332    55.604    14.32   21.10
  44724.381    60.720    13.68   22.79
  45098.460    63.997     8.76   21.92
  45472.569    65.740     4.66   19.97
  45846.708    68.439     7.21   20.59
  46220.877    68.724     0.76   22.50
  46595.076    69.508     2.10   22.51
  46969.306    74.227    12.61   22.26
  47343.565    81.580    19.65   17.19
  47717.855    90.747    24.49   13.64
  48092.175    99.280    22.80    9.69
  48466.524   105.123    15.61   10.18
  48840.904   111.343    16.62    8.65
  49215.315   115.749    11.77    8.05
  49589.755   119.700    10.55    6.78
  49964.225   122.140     6.52    5.63
  50338.726   119.189    -7.88    9.39
  50713.257   113.460   -15.30   12.79
  51087.818   107.164   -16.81   13.42
  51462.409   104.000    -8.45   12.30
  51837.030   108.123    11.00   11.74
  52211.682   110.645     6.73   10.31
  52586.364   110.136    -1.36   11.09
  52961.076   105.822   -11.51   13.02
  53335.819   105.838     0.04   12.59
  53710.591   108.863     8.07   11.22
  54085.394   105.839    -8.07   16.40
  54460.227   104.127    -4.57   17.27
  54835.091   101.469    -7.09   17.48
  55209.985    95.018   -17.21   20.73
  55584.909    91.060   -10.56   22.18
  55959.863    87.900    -8.43   21.68
  56334.848    89.900     5.33   21.91
  56709.863    93.025     8.33   20.81
  57084.908    95.273     5.99   19.24
  57459.984    99.100    10.21   16.70
  57835.090   100.194     2.92   16.59
  58210.227   103.480     8.76   16.84
  58585.394   114.860    30.33   14.06
  58960.591   122.054    19.17   12.25
  59335.819   119.171    -7.68   18.46
  59711.077   103.273   -42.37   27.63
  60086.365    90.060   -35.21   24.15
  60461.684    82.960   -18.92   16.11
  60837.033    86.266     8.81   16.35
  61212.413    91.508    13.97   18.93
  61587.823   100.567    24.13   16.95
  61963.264   106.922    16.93   17.31
  62338.735   111.554    12.34   17.76
  62714.237   113.160     4.28   17.85
  63089.769   107.860   -14.11   18.87
  63465.332   104.271    -9.56   17.70
  63840.925   102.547    -4.59   16.68
  64216.549   100.504    -5.44   16.66
  64592.203   102.214     4.55   17.30
  64967.888   104.938     7.25   18.18
  65343.603   106.737     4.79   18.31
  65719.349   110.293     9.46   17.96
  66095.125   112.112     4.84   18.04
  66470.932   112.783     1.79   16.90
  66846.770   118.882    16.23   14.64
  67222.638   124.685    15.44   13.50
  67598.537   132.093    19.71   13.59
  67974.466   137.273    13.78   12.42
  68350.426   142.768    14.62   13.72
  68726.417   146.959    11.15   13.81
  69102.438   150.724    10.01   14.37
  69478.490   152.146     3.78   13.57
  69854.573   152.038    -0.29   12.97
  70230.686   150.535    -4.00   13.91
  70606.830   152.410     4.99   15.07
  70983.005   157.697    14.05   14.49
  71359.210   160.035     6.22   12.04
  71735.446   159.016    -2.71   12.80
  72111.713   151.685   -19.49   18.87
  72488.010   141.962   -25.84   18.81
  72864.338   137.697   -11.33   15.92
  73240.697   138.360     1.76   15.27
  73617.087   143.197    12.85   17.54
  73993.508   150.371    19.06   17.43
  74369.959   154.016     9.68   15.10
  74746.441   156.700     7.13   12.91
  75122.954   159.104     6.39   10.95
  75499.497   161.371     6.02   10.29
  75876.072   163.775     6.39    9.99
  76252.677   167.234     9.18   10.01
  76629.313   169.842     6.92    8.37
  77005.980   172.862     8.02    8.66
  77382.678   177.253    11.66    9.48
  77759.406   181.005     9.96    8.63
  78136.166   184.547     9.40    7.63
  78512.956   187.260     7.20    6.05
  78889.778   186.783    -1.27    6.24
  79266.630   184.920    -4.94    7.16
  79643.513   182.547    -6.29    8.25
  80020.427   175.783   -17.95   10.14
  80397.372   168.198   -20.12   14.22
  80774.347   163.645   -12.08   15.11
  81151.354   157.720   -15.72   15.15
  81528.392   157.371    -0.93   16.83
  81905.461   161.289    10.39   18.26
  82282.560   165.323    10.70   15.03
  82659.691   162.768    -6.78   16.47
  83036.853   161.160    -4.26   16.14
  83414.045   163.708     6.75   16.59
  83791.269   169.077    14.23   16.65
  84168.524   175.380    16.71   12.80
  84545.809   173.882    -3.97   15.22
  84923.126   167.070   -18.06   19.83
  85300.474   155.712   -30.10   21.55
  85677.853   145.460   -27.17   18.33
  86055.262   140.051   -14.33   17.90
  86432.703   137.763    -6.06   20.19
  86810.175   138.900     3.01   23.87
  87187.679   134.391   -11.95   23.75
  87565.213   126.080   -22.01   25.82
  87942.778   117.516   -22.69   24.49
  88320.375   112.253   -13.94   21.78
  88698.002   107.456   -12.71   23.91
  89075.661   101.959   -14.56   24.11
  89453.351    89.131   -33.97   29.92
  89831.072    80.547   -22.73   30.97
  90203.085    76.880    -9.86   29.84
  90574.728    73.900    -8.02   28.85
  90946.401    78.220    11.62   31.06
  91318.104    76.448    -4.77   30.12
  91689.838    73.516    -7.89   31.57
  92061.601    75.456     5.22   32.66
  92433.395    75.606     0.40   33.63
  92805.219    75.727     0.33   33.74
  93177.073    69.645   -16.36   34.50
  93548.957    59.660   -26.85   35.02
  93920.871    45.304   -38.60   27.67
  94292.816    32.180   -35.29    9.09
  94664.791    28.523    -9.83    3.15
  95036.796    26.312    -5.94    4.39
  95408.831    24.030    -6.13    4.54
  95780.897    22.293    -4.67    3.40
  96152.992    21.221    -2.88    3.32
  96525.118    26.240    13.49   19.15
  96897.275    41.489    40.98   32.95
  97269.461    62.554    56.61   40.01
  97641.678    87.080    65.90   37.47
  98013.925   106.825    53.05   28.36
  98386.202   115.508    23.33   21.26
  98758.510   106.864   -23.22   33.13
  99130.848    94.131   -34.20   38.13
  99503.216    77.319   -45.15   37.10
  99875.615    61.940   -41.30   36.96
 100248.044    66.136    11.27   38.99
 100620.503    61.116   -13.48   36.25
 100992.993    62.760     4.41   37.17
 101365.513    72.035    24.90   40.69
 101738.063    82.998    29.43   42.39
 102110.644    84.719     4.62   41.47
 102483.255    83.381    -3.59   38.97
 102855.897    86.646     8.76   38.86
 103228.569    82.280   -11.72   36.80
 103601.272    87.704    14.55   37.35
 103974.004    81.900   -15.57   35.20
 104346.768    86.200    11.54   36.31
 104719.562    92.439    16.74   38.36
 105092.386    95.116     7.18   35.57
 105465.241   102.300    19.27   32.19
 105838.126   109.208    18.53   30.89
 106211.042   114.155    13.27   29.52
 106583.988   125.480    30.37   25.69
 106956.965   128.763     8.80   25.83
 107329.972   130.155     3.73   25.18
 107703.010   136.533    17.10   20.41
 108076.078   141.631    13.67   19.70
 108449.177   150.528    23.85   18.57
 108822.306   162.391    31.80   14.98
 109195.466   166.516    11.05   11.70
 109568.657   165.573    -2.53   14.21
 109941.878   159.920   -15.15   17.83
 110315.130   148.998   -29.26   19.54
 110688.412   144.747   -11.39   19.65
 111061.725   145.680     2.50   21.60
 111435.068   148.598     7.82   22.63
 111808.443   156.469    21.08   17.55
 112181.847   156.863     1.06   15.67
 112555.283   158.763     5.09   13.90
 112928.749   163.995    14.01   13.61
 113302.246   168.280    11.48    9.00
 113675.773   166.469    -4.85    9.82
 114049.332   159.259   -19.30   15.18
 114422.920   146.880   -33.14   21.02
 114796.540   141.712   -13.84   23.09
 115170.190   137.018   -12.56   24.06
 115543.871   127.826   -24.60   28.17
 115917.583   133.567    15.36   27.91
 116291.326   139.674    16.34   26.36
 116665.099   142.430     7.37   24.85
 117038.903   152.064    25.78   19.96
 117412.738   158.542    17.33   19.42
 117786.603   162.040     9.36   14.81
 118160.500   161.768    -0.73   15.44
 118534.427   154.343   -19.86   20.29
 118908.385   145.030   -24.91   25.03
 119282.374   130.680   -38.37   32.53
 119656.393   110.054   -55.15   38.26
 120030.444   102.783   -19.44   38.73
 120404.525    99.192    -9.60   40.40
 120778.637   106.070    18.39   38.75
 121152.780   109.096     8.09   35.72
 121526.954   103.682   -14.47   32.99
 121901.159    94.783   -23.79   34.65
 122275.395    84.825   -26.61   37.99
 122649.661    75.320   -25.40   39.22
 123023.959    62.371   -34.60   32.83
 123398.287    52.164   -27.27   21.18
 123772.647    45.200   -18.61    9.15
 124147.037    43.429    -4.73    6.82
 124521.458    53.940    28.08   28.34
 124895.910    70.591    44.48   40.66
 125270.394    94.685    64.35   42.80
 125644.908   116.861    59.22   35.39
 126019.453   131.449    38.95   30.09
 126394.029   139.635    21.86   21.49
 126768.636   137.014    -7.00   21.77
 127143.274   131.920   -13.60   23.86
 127517.944   128.030   -10.38   21.15
 127892.644   135.535    20.03   20.02
 128267.375   143.655    21.67   19.03
 128642.138   149.480    15.55   16.75
 129016.931   158.160    23.16   14.60
 129391.756   160.977     7.52   11.84
 129766.611   156.268   -12.57   14.76
 130141.498   150.221   -16.13   15.37
 130516.416   144.351   -15.66   10.39
 130891.365   147.446     8.25   12.65
 131266.345   156.200    23.35   12.48
 131641.356   158.280     5.55   11.96
 132016.398   151.804   -17.27   19.62
 132391.472   146.505   -14.13   18.35
 132766.576   135.054   -30.53   17.73
 133141.712   134.280    -2.06   17.10
 133516.879   137.315     8.09   21.51
 133892.077   138.763     3.86   20.87
 134267.306   143.136    11.65   20.49
 134642.567   142.862    -0.73   21.81
 135017.859   143.338     1.27   18.97
 135393.182   142.959    -1.01   18.09
 135768.536   140.253    -7.21   15.06
 136143.922   142.194     5.17   15.34
 136519.339   147.430    13.95   19.27
 136894.787   153.650    16.57   18.80
 137270.266   162.979    24.85   15.35
 137645.777   166.740    10.02   13.36
 138021.318   169.371     7.01   13.96
 138396.892   173.984    12.28   12.47
 138772.496   176.136     5.73   12.57
 139148.132   179.458     8.85   11.85
 139523.799   182.547     8.22   10.13
 139899.498   190.116    20.15   11.99
 140275.228   192.645     6.73   11.67
 140650.989   189.959    -7.15   12.61
 141026.782   188.005    -5.20   13.85
 141402.606   181.304   -17.83   12.44
 141778.461   172.766   -22.72   11.94
 142154.348   172.900     0.36   11.49
 142530.266   178.749    15.56   12.97
 142906.216   184.449    15.16   13.95
 143282.197   193.112    23.04   11.02
 143658.210   198.317    13.84    6.87
 144034.254   199.077     2.02    6.89
 144410.329   198.665    -1.10    8.33
 144786.436   198.280    -1.02    7.68
 145162.575   200.789     6.67    6.91
 145538.745   203.760     7.90    6.15
 145914.946   206.900     8.35    6.74
 146291.179   208.588     4.49    6.16
 146667.443   208.977     1.04    5.94
 147043.739   208.783    -0.52    6.37
 147420.067   206.391    -6.36    6.68
 147796.426   203.937    -6.52    6.79
 148172.817   203.351    -1.56    7.03
 148549.239   208.561    13.84   10.44
 148925.693   217.125    22.75   11.53
 149302.178   220.665     9.40    9.98
 149678.695   220.724     0.16   10.28
 150055.244   215.802   -13.07   12.37
 150431.824   209.400   -17.00   10.06
 150808.436   203.035   -16.90    6.36
 151185.079   198.523   -11.98    6.88
 151561.754   196.180    -6.22    6.49
 151938.461   193.014    -8.41    6.92
 152315.200   189.997    -8.01    7.84
 152691.970   184.920   -13.47    9.24
 153068.772   180.846   -10.82    7.84
 153445.605   181.449     1.60    8.72
 153822.470   183.900     6.50    9.82
 154199.367   190.220    16.77    9.43
 154576.296   195.731    14.62   10.56
 154953.257   201.304    14.79   12.45
 155330.249   207.057    15.26   10.96
 155707.273   209.519     6.53    8.81
 156084.328   205.724   -10.07   12.01
 156461.416   199.493   -16.53   13.94
 156838.535   193.660   -15.47   17.44
 157215.686   190.485    -8.42   20.75
 157592.869   187.763    -7.22   20.80
 157970.084   190.547     7.38   19.43
 158347.330   196.660    16.20   15.33
 158724.609   198.743     5.52   15.41
 159101.919   203.382    12.30   13.59
 159479.261   200.332    -8.08   16.22
 159856.635   197.355    -7.89   18.47
 160234.041   199.477     5.62   16.21
 160611.479   198.747    -1.94   17.79
 160988.948   199.825     2.86   20.11
 161366.450   195.057   -12.63   23.15
 161743.983   184.900   -26.91   26.57
 162121.548   169.018   -42.07   35.98
 162499.146   133.264   -94.70   48.89
 162876.775   116.430   -44.59   45.41
 163254.436   110.458   -15.81   47.88
 163632.129   115.626    13.68   46.77
 164009.855   136.220    54.53   43.65
 164387.612   150.466    37.72   40.82
 164765.401   168.430    47.56   38.59
 165137.595   187.519    51.30   27.38
 165509.143   197.038    25.62   17.40
 165880.723   198.957     5.17   16.97
 166252.333   190.508   -22.74   24.50
 166623.974   171.077   -52.29   34.82
 166995.646   163.598   -20.12   39.19
 167367.349   152.200   -30.67   42.35
 167739.083   149.561    -7.10   41.84
 168110.848   161.391    31.83   41.29
 168482.644   168.991    20.45   35.55
 168854.471   177.247    22.21   30.32
 169226.329   186.806    25.71   27.29
 169598.218   194.116    19.66   26.39
 169970.138   202.680    23.03   24.14
 170342.088   201.712    -2.60   23.56
 170714.070   205.155     9.26   20.11
 171086.083   205.493     0.91   19.62
 171458.127   207.580     5.61   18.66
 171830.202   210.067     6.68   18.19
 172202.308   205.979   -10.99   23.96
 172574.445   200.542   -14.61   29.19
 172946.613   195.977   -12.27   29.89
 173318.812   196.073     0.26   29.50
 173691.043   194.155    -5.16   30.53
 174063.304   185.018   -24.55   34.30
 174435.596   167.573   -46.87   41.80
 174807.920   155.100   -33.51   42.67
 175180.275   139.353   -42.30   43.41
 175552.661   127.763   -31.13   46.37
 175925.078   122.332   -14.59   46.63
 176297.526   106.976   -41.24   38.66
 176670.005    96.958   -26.90   32.62
 177042.516   101.009    10.88   38.70
 177415.058   120.214    51.56   50.46
 177787.631   139.315    51.28   46.95
 178160.235   152.500    35.39   37.16
 178532.870   141.164   -30.43   37.28
 178905.537   129.189   -32.14   34.33
 179278.234   122.508   -17.93   34.85
 179650.963   109.372   -35.25   33.36
 180023.724    99.351   -26.89   28.07
 180396.515    93.191   -16.53   23.81
 180769.338    87.351   -15.67   19.79
 181142.192    79.542   -20.95   19.09
 181515.078    70.940   -23.07   16.64
 181887.994    59.343   -31.10   14.34
 182260.942    49.155   -27.32    9.08
 182633.922    43.410   -15.41    7.55
 183006.932    40.048    -9.01    3.61
 183379.974    40.535     1.30    4.04
 183753.048    43.197     7.14    5.06
 184126.152    46.371     8.51    4.46
 184499.289    49.089     7.29    3.61
 184872.456    50.567     3.96    3.40
 185245.655    51.685     3.00    3.52
 185618.885    54.940     8.72    7.75
 185992.147    60.280    14.31   16.01
 186365.440    71.976    31.34   23.55
 186738.765    80.900    23.91   25.26
 187112.121    87.332    17.23   22.88
 187485.508    88.247     2.45   23.40
 187858.927    88.920     1.80   24.80
 188232.377    88.505    -1.11   23.31
 188605.859    93.689    13.88   25.95
 188979.372   105.112    30.59   27.85
 189352.917   109.645    12.14   28.68
 189726.493   123.939    38.27   35.31
 190100.101   142.334    49.25   38.47
 190473.741   170.567    75.58   38.78
 190847.411   184.640    37.67   32.20
 191221.114   184.704     0.17   32.80
 191594.848   174.650   -26.91   35.92
 191968.613   149.057   -68.49   29.50
 192342.411   131.391   -47.27   15.05
 192716.239   127.429   -10.60   15.61
 193090.100   124.140    -8.80   20.98
 193463.992   117.351   -18.16   20.11
 193837.915   110.938   -17.15   19.81
 194211.870   106.046   -13.08   21.17
 194585.857   102.650    -9.08   21.60
