#   13.000   0.142   2.192 ;Mean Elev.(m), Avg Gradient(m/km), RMS Gradient(m/km) - SRTM1     
#   -0.999   0.183   5.283 ;Mean Elev.(m), Avg Gradient(m/km), RMS Gradient(m/km) - ASTER GDEM
#   13.816   0.184   2.251 ;Mean Elev.(m), Avg Gradient(m/km), RMS Gradient(m/km) - GMTED2010 
  8     7.768 52492.68564032 27.09 268.389416  31.218224 18.704
  8    11.763 52492.68564096 22.57 268.388506  31.214934 18.704
  8     7.820 52492.68564161 21.46 268.387596  31.211654 18.704
 10    12.420 52562.68566448 24.52 268.387497  31.221415 19.084
 10    11.772 52562.68566513 14.34 268.386587  31.218125 19.084
 10    11.743 52562.68566577 16.62 268.385677  31.214845 19.084
 10    11.768 52562.68566641 20.97 268.384777  31.211555 19.084
 12    12.768 52632.68562765 20.14 268.384323  31.221897 24.647
 12    13.098 52632.68562829 18.57 268.383413  31.218607 24.647
 12    17.456 52632.68562894 17.34 268.382513  31.215327 24.647
 13    12.469 52667.68564511 26.92 268.381085  31.223288 26.166
 13    12.551 52667.68564575 18.20 268.380175  31.219998 26.166
 13    14.401 52667.68564640 17.60 268.379265  31.216718 26.166
 14    16.294 52702.68561992 43.01 268.391387  31.217528 27.310
 14    16.100 52702.68562057 42.87 268.390477  31.214238 27.310
 14    16.238 52702.68562121 43.52 268.389577  31.210958 27.310
 16    12.405 52772.68562331 22.29 268.382273  31.221231 24.318
 16    12.609 52772.68562395 17.54 268.381373  31.217941 24.318
 17    13.937 52807.68568321 50.49 268.383473  31.221508 32.662
 17    13.837 52807.68568386 45.63 268.382563  31.218218 32.662
 17    13.939 52807.68568450 45.45 268.381663  31.214938 32.662
 18    12.059 52842.68574144 25.57 268.385331  31.221436 21.167
 18    11.513 52842.68574208 25.10 268.384421  31.218146 21.167
 18    11.430 52842.68574273 26.57 268.383521  31.214866 21.167
 19    11.939 52877.68578010 21.50 268.382211  31.220783 15.725
 19    11.303 52877.68578074 20.81 268.381311  31.217503 15.725
 20    12.100 52912.68573815 25.90 268.387124  31.221781 13.158
 20    11.722 52912.68573879 23.07 268.386214  31.218501 13.158
 20    11.578 52912.68573944 19.50 268.385314  31.215211 13.158
 20     7.734 52912.68574008 20.47 268.384404  31.211931 13.158
 21    11.739 52947.68569624 23.89 268.391240  31.217902 16.939
 21     6.254 52947.68569688 26.61 268.390330  31.214622 16.939
 21     6.311 52947.68569753 30.70 268.389430  31.211332 16.939
 23    12.413 53017.68572480 47.43 268.380810  31.223296 25.340
 23    12.453 53017.68572544 44.83 268.379910  31.220006 25.340
 24    14.760 53052.68570570 29.21 268.388622  31.220948 35.701
 24    14.616 53052.68570635 24.64 268.387712  31.217658 35.701
 24    14.533 53052.68570699 22.98 268.386812  31.214378 35.701
 24    14.906 53052.68570764 21.99 268.385902  31.211088 35.701
 25    15.472 53087.68574169 35.69 268.373773  31.228166 35.519
 25    15.408 53087.68574233 34.32 268.372863  31.224884 19.217
 26    13.190 53122.68571253 24.99 268.384225  31.221042 26.521
 26    13.107 53122.68571318 21.73 268.383315  31.217752 26.521
 26    13.186 53122.68571382 20.30 268.382415  31.214472 26.521
 27    13.342 53157.68576913 23.25 268.377785  31.222931 22.045
 27    16.601 53157.68576978 20.80 268.376875  31.219651 22.045
 28    15.641 53192.68576254 28.67 268.386881  31.221325 33.340
 28    15.442 53192.68576319 26.40 268.385977  31.218045 33.219
 28    15.521 53192.68576383 24.62 268.385067  31.214755 33.219
 28    15.711 53192.68576447 24.78 268.384157  31.211475 33.219
 30    12.938 53262.68573374 21.49 268.377506  31.225968 18.500
 30    13.176 53262.68573438 16.72 268.376600  31.222685 26.841
 33    16.268 53367.68568832 35.93 268.382257  31.222704 32.089
 33    16.165 53367.68568897 32.68 268.381357  31.219414 32.089
 33    16.373 53367.68568961 38.85 268.380447  31.216134 32.089
 34    18.265 53402.68571717 50.56 268.384349  31.222141 36.128
 34    18.170 53402.68571782 45.05 268.383439  31.218851 36.128
 34    18.262 53402.68571846 48.77 268.382539  31.215571 36.128
 35    15.169 53437.68570606 28.55 268.381718  31.222534 30.722
 35    15.131 53437.68570671 28.00 268.380818  31.219244 30.722
 35    15.316 53437.68570735 37.78 268.379908  31.215964 30.722
 36    14.229 53472.68576053 29.13 268.380950  31.222365 27.913
 36    14.542 53472.68576117 31.16 268.380040  31.219075 27.913
 37    12.275 53507.68578805 22.61 268.380552  31.221354 21.246
 37    12.476 53507.68578870 22.72 268.379648  31.218072 19.810
 38    11.918 53542.68579633 25.83 268.379496  31.224349 19.851
 38    10.580 53542.68579698 27.30 268.378592  31.221068 21.551
 39     7.935 53577.68578210 32.88 268.379367  31.223391 15.396
 39     8.116 53577.68578274 32.85 268.378458  31.220110 30.974
 42     5.483 53682.68575520 29.68 268.376969  31.224215 11.333
 42     5.879 53682.68575585 31.06 268.376059  31.220925 11.333
 43    11.367 53717.68568271 18.43 268.383369  31.221838 17.075
 43     7.853 53717.68568335 20.07 268.382469  31.218548 17.075
 43     7.959 53717.68568400 21.22 268.381559  31.215268 17.075
 44    14.883 53752.68560330 18.63 268.391540  31.218198 19.630
 44    15.311 53752.68560395 17.34 268.390640  31.214918 19.630
 44     9.604 53752.68560459 24.66 268.389730  31.211628 19.630
 45    10.512 53787.68563343 44.12 268.385199  31.219047 23.852
 45    10.593 53787.68563408 47.38 268.384289  31.215767 23.852
 45    10.722 53787.68563472 49.23 268.383389  31.212477 23.852
 46    14.464 53822.68558750 48.27 268.390869  31.219533 39.825
 46    14.459 53822.68558814 39.28 268.389959  31.216243 39.825
 46    14.407 53822.68558878 42.39 268.389059  31.212963 39.825
 47    12.631 53857.68567943 20.90 268.380411  31.221787 22.948
 47    13.031 53857.68568007 19.27 268.379501  31.218497 22.948
 48     9.870 53892.68569338 29.98 268.387705  31.220341 21.618
 48     9.745 53892.68569402 30.30 268.386795  31.217051 21.618
 48     9.859 53892.68569467 31.47 268.385895  31.213771 21.618
 48     9.916 53892.68569531 33.90 268.384985  31.210481 21.618
 49    12.471 53927.68575167 28.17 268.374332  31.227097 16.316
 49     7.853 53927.68575232 27.69 268.373432  31.223807 16.316
 50     5.684 53962.68573532 47.50 268.375357  31.225993 11.149
 50     5.734 53962.68573597 47.46 268.374446  31.222712 14.244
 51     6.658 53997.68568261 21.35 268.389793  31.217020 19.858
 51     5.708 53997.68568326 16.48 268.388893  31.213730 19.858
 51     5.803 53997.68568390 16.24 268.387983  31.210450 19.858
 52     7.860 54032.68573238 33.82 268.386971  31.220814 24.333
 52     7.993 54032.68573303 38.61 268.386061  31.217524 24.333
 52     8.070 54032.68573367 44.42 268.385161  31.214244 24.333
 52     8.094 54032.68573432 44.18 268.384251  31.210954 24.333
 54    11.922 54102.68568558 22.86 268.379526  31.222843 16.866
 54    11.672 54102.68568622 22.35 268.378626  31.219553 16.866
 55    15.007 54137.68565496 26.63 268.384165  31.220350 29.709
 55    14.930 54137.68565561 24.75 268.383255  31.217060 29.709
 55    15.139 54137.68565625 23.15 268.382355  31.213780 29.709
 56    13.499 54172.68566292 25.94 268.380527  31.224223 27.477
 56    13.389 54172.68566357 22.01 268.379627  31.220933 27.477
 56    13.363 54172.68566421 19.46 268.378717  31.217653 27.477
 57    13.538 54207.68566017 36.58 268.383955  31.222442 26.515
 57    13.683 54207.68566082 39.08 268.383045  31.219152 26.515
 57    13.740 54207.68566146 39.96 268.382145  31.215872 26.515
 58    13.697 54242.68569206 22.99 268.383687  31.222520 28.262
 58    13.532 54242.68569270 20.33 268.382782  31.219238 25.226
 58    13.106 54242.68569335 18.45 268.381872  31.215948 25.226
 59    12.164 54277.68570636 18.70 268.383018  31.220588 15.133
 59    12.309 54277.68570701 15.73 268.382108  31.217298 15.133
 60    10.755 54312.68570662 34.63 268.384092  31.222144 25.580
 60    10.666 54312.68570727 39.71 268.383188  31.218863 26.664
 60    10.838 54312.68570791 41.40 268.382278  31.215573 26.664
 61     8.543 54347.68567867 29.27 268.380512  31.221423 19.577
 61     8.745 54347.68567932 34.23 268.379612  31.218133 19.577
 62     6.399 54382.68564413 34.96 268.385270  31.221446 19.381
 62    11.603 54382.68564477 20.77 268.384360  31.218156 19.381
 62    11.095 54382.68564541 19.81 268.383460  31.214876 19.381
 63     7.367 54417.68562800 24.55 268.380930  31.222578 23.426
 63     7.447 54417.68562864 32.77 268.380030  31.219288 23.426
 64    11.664 54452.68561387 21.50 268.385920  31.221194 16.276
 64    11.952 54452.68561451 15.15 268.385010  31.217904 16.276
 64    11.727 54452.68561516 13.92 268.384110  31.214624 16.276
 65    12.321 54487.68562560 41.64 268.384079  31.222583 29.095
 65    12.031 54487.68562625 33.53 268.383169  31.219293 29.095
 65    12.412 54487.68562689 38.23 268.382259  31.216013 29.095
 66    15.484 54522.68562740 29.89 268.385148  31.219630 33.214
 66    15.293 54522.68562804 27.29 268.384238  31.216350 33.214
 66    14.404 54522.68562869 25.45 268.383338  31.213060 33.214
 67    17.159 54557.68563557 36.85 268.380722  31.221850 33.512
 67    16.972 54557.68563621 35.64 268.379822  31.218560 33.512
 68    18.562 54592.68562251 38.76 268.383294  31.222925 25.953
 68    18.344 54592.68562315 39.53 268.382394  31.219645 25.953
 68    18.619 54592.68562380 38.05 268.381484  31.216355 25.953
 69    15.709 54627.68563822 40.02 268.382213  31.222450 28.048
 69    15.615 54627.68563886 39.81 268.381313  31.219160 28.048
 69    15.710 54627.68563950 43.88 268.380403  31.215880 28.048
 70    15.453 54662.68564571 25.05 268.381268  31.222006 27.375
 70    15.164 54662.68564635 25.36 268.380358  31.218716 27.375
 71    12.402 54697.68561992 19.73 268.382513  31.223391 20.231
 71    12.593 54697.68562057 17.61 268.381603  31.220111 20.231
 71    13.388 54697.68562121 16.01 268.380703  31.216821 20.231
 72    12.583 54732.68560264 19.49 268.384941  31.221448 18.817
 72    12.384 54732.68560329 18.61 268.384031  31.218158 18.817
 72    13.026 54732.68560393 17.38 268.383121  31.214878 18.817
 73    12.354 54767.68560007 20.30 268.383087  31.221977 23.485
 73    12.096 54767.68560072 19.89 268.382177  31.218697 23.485
 73    12.648 54767.68560136 18.08 268.381277  31.215407 23.485
 74    12.104 54802.68559680 18.84 268.383591  31.220488 23.912
 74    12.597 54802.68559745 14.78 268.382681  31.217208 23.912
 74    13.143 54802.68559809 15.80 268.381781  31.213918 23.912
 75    13.657 54837.68559263 46.06 268.382978  31.221905 28.329
 75    13.802 54837.68559328 40.69 268.382078  31.218615 28.329
 75    13.916 54837.68559392 41.91 268.381168  31.215335 28.329
 76    12.274 54872.68559600 17.87 268.383943  31.220442 23.236
 76    12.424 54872.68559665 16.53 268.383033  31.217162 23.236
 76    13.551 54872.68559729 15.06 268.382133  31.213872 23.236
 77    12.457 54907.68559965 36.10 268.379041  31.225151 22.495
 77    12.119 54907.68560029 36.22 268.378141  31.221861 22.495
 78    15.492 54942.68558773 32.22 268.384029  31.223144 35.240
 78    15.505 54942.68558838 30.01 268.383129  31.219864 35.240
 78    15.734 54942.68558902 28.64 268.382219  31.216574 35.240
 79    18.592 54977.68561538 39.56 268.382434  31.223850 34.765
 79    18.638 54977.68561602 38.48 268.381534  31.220570 34.765
 79    18.796 54977.68561667 38.35 268.380624  31.217280 34.765
 80    14.885 55012.68562296 26.71 268.382146  31.223043 25.530
 80    14.762 55012.68562360 24.81 268.381246  31.219753 25.530
 80    15.325 55012.68562425 25.58 268.380336  31.216473 25.530
 81    10.963 55047.68561557 34.11 268.383430  31.220363 18.206
 81    11.055 55047.68561621 35.96 268.382520  31.217073 18.206
 81    11.058 55047.68561685 37.94 268.381610  31.213793 18.206
 82    12.258 55082.68558599 21.45 268.380714  31.224357 16.795
 82    11.919 55082.68558663 21.49 268.379804  31.221077 16.795
 82    12.703 55082.68558728 21.82 268.378904  31.217787 16.795
 83    11.931 55117.68554779 32.99 268.385419  31.220554 18.141
 83    11.791 55117.68554843 33.96 268.384509  31.217274 18.141
 83    11.887 55117.68554908 33.46 268.383609  31.213984 18.141
 84    16.769 55152.68554451 31.43 268.381635  31.224037 34.408
 84    16.578 55152.68554516 26.77 268.380725  31.220747 34.408
 84    16.790 55152.68554580 27.74 268.379815  31.217467 34.408
 85    14.758 55187.68553480 29.26 268.384306  31.221869 29.632
 85    14.587 55187.68553544 24.01 268.383396  31.218579 29.632
 85    15.013 55187.68553609 24.09 268.382496  31.215299 29.632
 86    13.113 55222.68554402 30.75 268.381214  31.221055 22.097
 86    13.375 55222.68554467 33.22 268.380304  31.217775 22.097
 87    15.047 55257.68553116 30.20 268.384323  31.221154 32.143
 87    14.964 55257.68553180 24.92 268.383413  31.217874 32.143
 87    16.245 55257.68553245 23.34 268.382513  31.214584 32.143
 88    16.319 55292.68553079 32.66 268.380333  31.223878 30.646
 88    16.133 55292.68553143 30.67 268.379423  31.220598 30.646
 88    16.597 55292.68553208 28.78 268.378523  31.217308 30.646
 89    14.724 55327.68551436 26.04 268.381136  31.222083 27.196
 89    14.529 55327.68551500 23.25 268.380236  31.218803 27.196
 90    14.287 55362.68551027 48.09 268.381597  31.222867 31.389
 90    14.347 55362.68551092 51.54 268.380697  31.219577 31.389
 90    14.419 55362.68551156 50.90 268.379787  31.216297 31.389
 91    13.926 55397.68551836 23.84 268.384461  31.221515 26.234
 91    13.847 55397.68551900 24.14 268.383551  31.218225 26.234
 91    14.079 55397.68551965 22.60 268.382641  31.214945 26.234
 92    11.705 55432.68552542 31.30 268.384875  31.222375 21.077
 92    11.604 55432.68552607 31.19 268.383975  31.219095 21.077
 92    11.561 55432.68552671 35.63 268.383065  31.215805 21.077
 93     8.972 55467.68548421 40.89 268.380550  31.222408 21.359
 93     9.049 55467.68548486 45.01 268.379650  31.219118 21.359
