#  198.038  -5.992  32.387 ;Mean Elev.(m), Avg Gradient(m/km), RMS Gradient(m/km) - SRTM1     
#  196.953  -6.192  32.522 ;Mean Elev.(m), Avg Gradient(m/km), RMS Gradient(m/km) - ASTER GDEM
#  198.199  -5.589  31.562 ;Mean Elev.(m), Avg Gradient(m/km), RMS Gradient(m/km) - GMTED2010 
  7 268.147759  44.193633   217.233   217.233  2 52466.69508965  3.880
  8 268.147882  44.202422   200.434   200.425  7 52501.69508058 37.452
  9 268.155936  44.196759   200.665   200.637  6 52536.69506762 47.366
 11 268.149650  44.199455   200.649   200.637  7 52606.69506512 49.490
 12 268.152529  44.198519   200.672   200.667  7 52641.69506069 50.583
 13 268.148053  44.196658   200.708   200.725  4 52676.69504913 26.281
 15 268.142848  44.211076   201.441   201.494  5 52746.69510238 41.856
 16 268.155834  44.201255   201.442   202.067  5 52781.69504226 19.619
 19 268.147347  44.201116   201.338   201.338  2 52886.69520796 42.265
 21 268.157765  44.190695   200.069   199.850  4 52956.69513010 18.098
 23 268.153358  44.197667   200.395   200.372  7 53026.69511394 37.779
 26 268.158760  44.191550   200.320   200.326  3 53131.69512288 19.133
 28 268.151867  44.203259   202.373   202.556  5 53201.69519793 43.100
 29 268.154150  44.198121   200.387   200.417  6 53236.69516812 43.257
 30 268.159187  44.194703   200.308   200.202  7 53271.69512656 27.655
 32 268.148021  44.201063   200.448   200.501  7 53341.69515750 34.525
 34 268.156862  44.205084   202.431   202.431  2 53411.69513171 37.998
 35 268.156580  44.194625   200.597   200.574  7 53446.69511684 27.643
 36 268.145685  44.196345   200.633   200.738  4 53481.69520209 15.690
 37 268.150888  44.201042   201.545   201.478  4 53516.69520373 27.388
 39 268.151543  44.200330   200.145   200.018  7 53586.69517982 40.974
 41 268.154586  44.205848   203.512   203.512  2 53656.69517085 40.581
 42 268.147826  44.202489   200.737   200.749  7 53691.69515888 47.249
 43 268.146822  44.200478   200.676   200.707  7 53726.69508291 31.573
 47 268.151871  44.200652   201.394   201.394  2 53866.69510580 22.869
 48 268.152373  44.205258   202.201   202.232  4 53901.69513408 36.369
 49 268.142825  44.204802   200.859   200.805  8 53936.69517348 40.229
 50 268.145160  44.204245   201.026   200.964  7 53971.69513940 43.090
 53 268.149640  44.202267   200.602   200.583  7 54076.69514349 44.330
 54 268.144421  44.204343   201.175   201.137  7 54111.69508379 44.097
 55 268.153068  44.198956   200.580   200.546  7 54146.69508543 20.115
 56 268.146665  44.206357   336.410   342.512  5 54181.69507078  5.905
 58 268.154582  44.209260   202.985   202.985  2 54251.69511771 44.369
 59 268.151280  44.199537   200.497   200.446  7 54286.69512542 43.484
 60 268.154777  44.207060   201.055   200.894  3 54321.69512098 44.643
 62 268.155375  44.208440   202.460   202.460  2 54391.69506139 40.785
 65 268.150397  44.201970   200.704   200.731  7 54496.69503949 22.328
 66 268.153271  44.195802   200.939   200.853  6 54531.69505412 37.107
 67 268.143615  44.193880   200.600   200.780  3 54566.69504631 14.520
 69 268.149831  44.201004   200.827   200.832  7 54636.69506026 50.373
 70 268.149070  44.200578   200.426   200.351  7 54671.69506385 40.406
 71 268.150236  44.202314   183.658   183.658  2 54706.69502376 37.423
 75 268.148326  44.200367   200.777   200.785  7 54846.69500565 20.269
 76 268.150482  44.196871   201.338   201.289  4 54881.69502606 40.467
 77 268.145869  44.206303   202.966   202.418  5 54916.69500774 23.934
 79 268.149655  44.200008   200.811   200.794  7 54986.69504324 48.438
 80 268.151516  44.200094   200.415   200.367  7 55021.69503597 43.004
 81 268.149984  44.198854   200.566   200.521  7 55056.69503265 45.197
 82 268.146868  44.202871   200.846   200.869  7 55091.69498931 48.649
 84 268.151935  44.209845   202.787   202.787  2 55161.69494930 32.383
 85 268.151366  44.192166   200.780   200.643  4 55196.69496424 27.093
 86 268.146349  44.201634   200.815   200.805  6 55231.69495464 29.075
 87 268.151902  44.198802   200.510   200.505  7 55266.69495800 35.371
 88 268.150392  44.209000   202.556   202.556  2 55301.69493364 33.549
 89 268.150462  44.201948   200.753   200.749  7 55336.69493220 48.629
 91 268.154289  44.198857   200.742   200.692  7 55406.69494222 49.741
