#  133.369  -2.808  13.510 ;Mean Elev.(m), Avg Gradient(m/km), RMS Gradient(m/km) - SRTM1     
#  125.126  -2.695  13.462 ;Mean Elev.(m), Avg Gradient(m/km), RMS Gradient(m/km) - ASTER GDEM
#  133.541  -3.069  13.607 ;Mean Elev.(m), Avg Gradient(m/km), RMS Gradient(m/km) - GMTED2010 
  7 269.298530  39.136529   133.338   133.324  3 52460.68808835 30.526
  9 269.298480  39.137462   132.209   132.247  3 52530.68807074 38.176
 10 269.302842  39.133798   132.709   132.804  3 52565.68809098 20.781
 12 269.296861  39.143197   133.102   133.102  2 52635.68806984 25.071
 13 269.294029  39.144966   132.180   132.174  4 52670.68807721 48.160
 14 269.299771  39.138021   134.267   134.230  3 52705.68807119 20.295
 15 269.293130  39.147683   132.237   132.240  4 52740.68810388 51.036
 16 269.294725  39.143266   133.010   133.042  3 52775.68805031 45.789
 17 269.296621  39.141286   131.797   131.787  4 52810.68812622 32.892
 19 269.294277  39.143701   132.121   132.115  3 52880.68821897 35.549
 20 269.295811  39.142969   133.625   133.707  3 52915.68817656 17.731
 21 269.303239  39.132668   132.252   132.252  2 52950.68813842 39.015
 22 269.300710  39.135410   131.998   131.998  2 52985.68815980 51.322
 24 269.301768  39.135733   132.109   132.199  3 53055.68813794 31.899
 25 269.289593  39.161183   132.272   132.290  4 53090.68817113 47.777
 26 269.299350  39.137205   132.258   132.258  2 53125.68814549 34.740
 27 269.292223  39.148291   134.607   134.608  4 53160.68820496 48.328
 28 269.297256  39.139580   134.340   134.381  3 53195.68820367 36.891
 29 269.298717  39.137691   134.258   134.129  3 53230.68818972 19.286
 30 269.291692  39.153437   132.066   132.002  5 53265.68815735 35.236
 33 269.293581  39.146037   134.553   134.651  4 53370.68811637 38.811
 34 269.298665  39.140139   132.149   132.142  3 53405.68815163 29.112
 36 269.294184  39.146184   133.390   133.399  4 53475.68820245 49.107
 37 269.295841  39.142551   131.980   132.069  3 53510.68821794 28.085
 38 269.292443  39.150733   131.944   131.960  4 53545.68823347 44.555
 39 269.293737  39.145601   132.314   132.300  4 53580.68820964 49.983
 40 269.291689  39.154718   132.278   132.288  4 53615.68816252 44.344
 43 269.294240  39.142859   133.196   133.131  4 53720.68811172 30.740
 44 269.304001  39.132410   134.914   135.072  3 53755.68803994 41.713
 48 269.297961  39.138618   131.855   131.881  3 53895.68813658 37.514
 49 269.290472  39.158201   132.154   132.171  5 53930.68818538 25.352
 50 269.291408  39.155582   132.126   132.137  4 53965.68816339 48.117
 51 269.302724  39.133808   133.037   133.035  3 54000.68812556 18.281
 53 269.296508  39.141812   134.256   134.417  3 54070.68816117 22.564
 54 269.292547  39.152248   132.255   132.252  4 54105.68811229 50.311
 55 269.297276  39.140698   132.145   132.164  4 54140.68809356 37.495
 58 269.296338  39.142395   131.814   131.822  4 54245.68812989 50.358
 59 269.296301  39.142619   131.852   131.848  3 54280.68814108 47.943
 60 269.296390  39.142221   132.101   132.076  4 54315.68814024 51.612
 61 269.293418  39.144629   131.644   131.567  4 54350.68810779 22.112
 62 269.297632  39.140125   131.890   131.868  3 54385.68807948 42.252
 63 269.293679  39.146440   131.793   131.773  4 54420.68805738 20.565
 65 269.295154  39.143153   132.047   132.067  4 54490.68805876 37.590
 66 269.298081  39.137989   132.116   132.109  3 54525.68806500 25.918
 67 269.293334  39.145098   134.955   134.917  4 54560.68806690 26.826
 68 269.295912  39.143254   134.715   134.716  4 54595.68805963 38.443
 69 269.294851  39.142601   134.281   134.282  4 54630.68807400 28.191
 70 269.294468  39.143489   133.268   133.284  3 54665.68808017 47.535
 72 269.298297  39.139886   132.182   132.269  3 54735.68804011 37.117
 74 269.297287  39.141368   132.053   132.054  3 54805.68803364 33.875
 75 269.295807  39.142070   132.355   132.356  4 54840.68802571 39.453
 76 269.295771  39.141183   132.260   132.265  4 54875.68803483 33.919
 77 269.292602  39.149687   132.867   132.852  5 54910.68803010 44.799
 78 269.296063  39.141307   131.955   131.865  3 54945.68802693 22.269
 79 269.294840  39.144154   132.074   132.078  4 54980.68805296 49.984
 80 269.295577  39.142893   131.886   131.926  4 55015.68805543 45.744
 81 269.296308  39.142064   133.660   133.467  3 55050.68804961 17.365
 82 269.292741  39.148104   132.222   132.241  4 55085.68801473 49.866
 84 269.293757  39.146358   133.249   133.252  4 55155.68797510 35.864
 86 269.293912  39.144451   132.579   132.569  4 55225.68797584 49.030
 88 269.293514  39.145953   134.125   134.123  5 55295.68796065 50.281
 89 269.294614  39.145427   133.499   133.533  4 55330.68794861 47.796
 90 269.294359  39.142743   134.022   134.042  4 55365.68794286 44.012
 91 269.297566  39.138946   134.820   134.779  3 55400.68795548 31.015
 92 269.296176  39.141046   135.540   135.578  3 55435.68795981 24.316
 93 269.292736  39.146271   133.015   133.009  4 55470.68791198 38.938
