#   84.000  -0.017   2.787 ;Mean Elev.(m), Avg Gradient(m/km), RMS Gradient(m/km) - SRTM1     
#   75.498  -0.132   3.678 ;Mean Elev.(m), Avg Gradient(m/km), RMS Gradient(m/km) - ASTER GDEM
#   84.554   0.006   2.875 ;Mean Elev.(m), Avg Gradient(m/km), RMS Gradient(m/km) - GMTED2010 
  7 270.647846  36.587546    83.540    83.577  3 52473.68263054 22.241
  8 270.652951  36.590427    82.519    82.441  4 52508.68259727 22.922
  9 270.666072  36.597650    84.315    84.255  4 52543.68258656 15.246
 10 270.650762  36.589275    82.901    82.858  4 52578.68263399 22.101
 11 270.645649  36.584727    83.291    83.319  3 52613.68260085 22.667
 12 270.658259  36.593277    87.281    87.248  3 52648.68258040 48.417
 13 270.659027  36.594822    84.306    84.359  3 52683.68255791 25.317
 14 270.651932  36.589686    87.993    88.186  4 52718.68261441 24.010
 16 270.659061  36.594037    90.161    90.198  3 52788.68258453 30.768
 17 270.659365  36.595150    85.874    84.636  3 52823.68265543 30.218
 18 270.660998  36.594953    85.221    85.192  3 52858.68270186 28.606
 19 270.649460  36.588272    86.498    86.468  3 52893.68273493 25.876
 20 270.643757  36.583700    83.571    83.647  4 52928.68268652 30.516
 21 270.664558  36.596707    86.994    87.060  4 52963.68266504 27.336
 22 270.646769  36.586208    86.681    86.709  3 52998.68270500 44.828
 23 270.645408  36.585269    85.904    85.883  4 53033.68265848 31.923
 24 270.657077  36.594159    84.931    84.930  3 53068.68267125 33.681
 25 270.642803  36.583244    87.571    87.597  4 53103.68266088 25.903
 26 270.659470  36.593513    84.754    84.772  3 53138.68267542 40.302
 27 270.653660  36.591844    88.772    88.752  3 53173.68271697 31.029
 28 270.650220  36.588652    85.491    85.081  4 53208.68273401 20.979
 29 270.653890  36.591320    83.857    83.845  4 53243.68270102 27.223
 30 270.658492  36.592890    86.776    86.684  3 53278.68267821 22.853
 31 270.652708  36.589890    85.162    85.218  3 53313.68270598 18.672
 32 270.655431  36.593026    90.450    90.524  3 53348.68267107 28.212
 33 270.659061  36.592843    92.330    92.304  3 53383.68264194 35.787
 34 270.662724  36.594940    88.979    89.003  3 53418.68265019 29.171
 35 270.663333  36.595815    84.691    84.628  3 53453.68265451 33.341
 36 270.644372  36.583597    86.279    86.096  3 53488.68274234 24.545
 37 270.657406  36.593186    84.103    84.077  3 53523.68272806 28.688
 38 270.643185  36.583542    83.153    83.118  3 53558.68275680 50.543
 39 270.657802  36.593141    80.964    80.951  3 53593.68269205 28.157
 40 270.653070  36.589791    80.915    80.930  3 53628.68268457 39.405
 41 270.650691  36.589079    82.394    82.287  4 53663.68270935 17.773
 42 270.652600  36.590710    83.003    83.007  3 53698.68266938 20.812
 43 270.653419  36.591158    82.198    82.199  4 53733.68259163 31.595
 44 270.662427  36.595229    88.874    88.795  3 53768.68257205 25.216
 45 270.654678  36.591490    85.936    85.499  4 53803.68256991 29.120
 46 270.657930  36.593355    87.542    87.523  4 53838.68258665 31.630
 47 270.656165  36.592203    85.344    85.365  3 53873.68263496 18.511
 48 270.649489  36.588168    82.100    82.107  3 53908.68267916 43.718
 49 270.640864  36.581133    83.935    83.911  3 53943.68270468 23.938
 50 270.646787  36.586795    81.551    81.539  3 53978.68265412 44.063
 51 270.662102  36.595168    83.728    83.576  4 54013.68266356 25.268
 52 270.662671  36.595890    85.858    85.876  3 54048.68267091 27.200
 54 270.646487  36.585582    89.881    89.894  3 54118.68259502 31.446
 55 270.652263  36.589778    83.798    83.693  3 54153.68261951 22.762
 56 270.648268  36.586881    88.775    88.779  4 54188.68258978 31.097
 57 270.654423  36.591496    87.493    87.480  3 54223.68262901 42.762
 58 270.653848  36.590225    84.848    84.952  3 54258.68265068 17.910
 59 270.655748  36.593055    83.084    83.091  3 54293.68265344 51.248
 60 270.654701  36.592216    81.978    81.899  3 54328.68264816 36.030
 61 270.648074  36.587171    82.002    81.398  4 54363.68259659 27.849
 62 270.657076  36.593079    85.709    85.676  3 54398.68258833 18.493
 63 270.651496  36.590253    88.555    90.849  3 54433.68254691 19.000
 64 270.660093  36.595420    85.559    85.548  3 54468.68257045 37.311
 65 270.651282  36.589706    87.463    87.439  4 54503.68256251 28.815
 66 270.655472  36.592268    90.527    90.516  4 54538.68258651 29.954
 67 270.650583  36.588448    92.951    92.949  3 54573.68256317 37.741
 68 270.654171  36.591085    90.727    90.680  3 54608.68257953 47.727
 69 270.652709  36.590741    89.116    89.083  3 54643.68258807 29.923
 70 270.652758  36.590674    86.579    86.530  4 54678.68258954 24.691
 71 270.650603  36.588413    83.446    83.177  3 54713.68254249 19.150
 72 270.654725  36.591137    82.230    82.179  3 54748.68255925 46.989
 73 270.652991  36.590717    82.409    82.128  4 54783.68252980 25.775
 74 270.656494  36.592599    86.697    86.730  3 54818.68255111 51.968
 75 270.652629  36.590157    84.632    84.650  3 54853.68252674 26.932
 76 270.652003  36.590384    86.203    86.133  3 54888.68255674 23.647
 77 270.645162  36.584259    89.293    89.310  3 54923.68252769 35.286
 78 270.654520  36.591014    91.214    91.313  3 54958.68255304 31.104
 79 270.650308  36.588214    87.347    87.173  4 54993.68257636 26.939
 80 270.652830  36.590290    84.617    84.600  3 55028.68256608 40.471
 81 270.653762  36.590778    83.765    83.789  3 55063.68255756 24.735
 82 270.645855  36.585501    83.724    83.730  4 55098.68250476 46.070
 83 270.655476  36.592839    87.914    87.920  3 55133.68250172 39.504
 84 270.652922  36.590877    85.371    85.325  3 55168.68246670 26.020
 85 270.655382  36.593094    86.524    86.514  3 55203.68249418 22.546
 86 270.648957  36.587657    90.079    90.050  4 55238.68247505 30.274
 87 270.652742  36.591159    89.858    89.843  3 55273.68248839 28.120
 88 270.649616  36.587774    85.670    85.688  3 55308.68245732 39.395
 89 270.655330  36.591600    90.569    90.603  3 55343.68245674 32.566
 90 270.652221  36.590511    89.023    89.018  3 55378.68245175 34.439
 91 270.657166  36.593853    87.107    87.093  3 55413.68247549 30.520
 92 270.653602  36.591534    84.482    84.473  3 55448.68246472 24.982
 93 270.648732  36.588225    84.741    84.739  3 55483.68239312 33.472
