#    1.000   0.342   1.907 ;Mean Elev.(m), Avg Gradient(m/km), RMS Gradient(m/km) - SRTM1     
#    8.521   0.463   2.641 ;Mean Elev.(m), Avg Gradient(m/km), RMS Gradient(m/km) - ASTER GDEM
#    2.155   0.365   1.943 ;Mean Elev.(m), Avg Gradient(m/km), RMS Gradient(m/km) - GMTED2010 
  6 269.717514  29.966946     5.054     5.054  2 52442.15377929 25.535
  7 269.722091  29.968053     2.785     2.432  3 52477.15377510 26.156
  9 269.724060  29.968918     1.683     1.070  3 52547.15375401 21.222
 10 269.728154  29.968033     5.154     5.154  2 52582.15376524 24.940
 11 269.726437  29.968791     4.766     2.981  3 52617.15373738 17.954
 12 269.733652  29.968336     3.974     3.974  2 52652.15371243 26.112
 13 269.732177  29.969277     4.384     4.384  2 52687.15370833 20.339
 14 269.726636  29.968306     4.697     3.763  3 52722.15375622 20.755
 15 269.718012  29.967146     2.584     2.584  2 52757.15377860 21.826
 17 269.728328  29.969493     5.069     5.069  2 52827.15379847 22.725
 18 269.730971  29.968173     4.041     4.041  2 52862.15384345 19.865
 19 269.726552  29.968338     4.039     3.511  3 52897.15387346 20.669
 20 269.727996  29.968274     1.874     1.874  2 52932.15382014 30.253
 21 269.726736  29.968614     1.684     1.684  2 52967.15382260 20.975
 22 269.721272  29.968068     2.545     2.545  2 53002.15384919 19.783
 23 269.727208  29.968473     4.719     4.728  3 53037.15379846 22.245
 24 269.726202  29.969364     3.201     3.201  2 53072.15382292 18.679
 25 269.727917  29.969108     4.832     5.080  3 53107.15379923 27.114
 26 269.725673  29.967836     4.396     4.139  3 53142.15383135 22.880
 28 269.725628  29.968627     4.299     3.491  3 53212.15387657 17.688
 29 269.730349  29.968641     2.716     2.716  2 53247.15384497 25.255
 30 269.721596  29.967462     2.514     2.282  3 53282.15383333 18.171
 31 269.728524  29.969568     4.060     4.060  2 53317.15383894 22.358
 32 269.734132  29.968426     4.197     4.197  2 53352.15380414 22.477
 33 269.723835  29.968030     4.643     4.643  2 53387.15379492 19.662
 34 269.735200  29.968118     4.025     4.025  2 53422.15379642 21.108
 35 269.728231  29.968587     4.467     3.649  3 53457.15380208 19.111
 36 269.719703  29.966647     4.594     4.594  3 53492.15388735 18.415
 37 269.731904  29.968967     4.232     4.232  2 53527.15386820 18.115
 38 269.722440  29.967560     4.136     4.077  3 53562.15389700 18.148
 39 269.734133  29.969464     0.888     0.888  2 53597.15383641 19.725
 40 269.719446  29.967384     1.577     1.577  2 53632.15383149 20.596
 41 269.722803  29.968079     2.132     2.040  3 53667.15385389 17.645
 42 269.733174  29.968452     2.589     2.589  2 53702.15380074 19.501
 43 269.737093  29.971072     2.765     2.765  2 53737.15371110 22.894
 44 269.732579  29.968248     3.456     3.456  2 53772.15371938 20.467
 45 269.734146  29.969718     2.109     2.109  2 53807.15370878 18.437
 47 269.728816  29.969701     5.381     5.381  2 53877.15377758 17.187
 48 269.720886  29.967075     1.108     1.108  2 53912.15382833 25.155
 49 269.719878  29.967479     1.071     1.126  3 53947.15384442 22.480
 50 269.728583  29.969892     0.721     0.721  2 53982.15378763 21.333
 51 269.726283  29.969174     1.403     1.403  2 54017.15381348 20.695
 52 269.735553  29.969104     1.927     1.927  2 54052.15380945 20.349
 53 269.730723  29.968189     1.793     1.793  2 54087.15380122 21.441
 54 269.733535  29.969052     4.223     4.223  2 54122.15372580 27.491
 55 269.726917  29.969615     3.572     3.572  2 54157.15376309 20.338
 56 269.732214  29.968600     5.172     5.172  2 54192.15372456 19.102
 57 269.726455  29.969256     4.217     4.217  2 54227.15377478 20.858
 58 269.727878  29.968341     4.833     3.824  3 54262.15379409 32.532
 59 269.729247  29.968747     4.407     4.407  2 54297.15379854 24.605
 60 269.730732  29.970776     2.452     2.452  2 54332.15378946 19.158
 61 269.731512  29.970032     4.277     4.277  2 54367.15373104 19.627
 62 269.729444  29.969113     3.733     3.733  2 54402.15373179 18.007
 63 269.730137  29.968741     0.956     0.956  2 54437.15368878 20.660
 64 269.728629  29.969381     3.850     3.927  3 54472.15371688 22.038
 65 269.731646  29.969082     4.211     4.211  2 54507.15370055 20.996
 66 269.729239  29.970408     4.220     4.220  2 54542.15373162 19.941
 67 269.731928  29.968150     5.814     5.814  2 54577.15370272 20.835
 68 269.729231  29.968360     4.680     4.680  2 54612.15372280 23.725
 69 269.727847  29.968346     5.133     4.494  3 54647.15372961 30.515
 70 269.728743  29.969792     4.353     4.353  2 54682.15373074 20.832
 71 269.732587  29.969279     2.769     2.769  2 54717.15367900 20.801
 72 269.726947  29.967841     3.677     3.677  2 54752.15370229 16.471
 73 269.730788  29.968325     4.260     4.260  2 54787.15366841 18.357
 74 269.727383  29.968479     5.521     3.538  3 54822.15369651 18.029
 75 269.731188  29.969144     2.740     2.740  2 54857.15366495 25.161
 76 269.727700  29.968293     2.816     2.816  2 54892.15369923 18.137
 77 269.730388  29.968851     4.111     4.111  2 54927.15366300 25.658
 78 269.726377  29.968281     4.649     4.335  3 54962.15369891 27.892
 79 269.725843  29.968849     4.695     4.712  3 54997.15371987 21.708
 80 269.727930  29.968497     4.235     4.235  2 55032.15370912 19.527
 81 269.730540  29.969158     3.916     3.584  3 55067.15369841 20.555
 82 269.730818  29.968698     5.029     5.029  2 55102.15363816 19.527
 83 269.727624  29.969317     4.526     4.526  2 55137.15364431 21.769
 84 269.731351  29.968427     4.528     4.528  2 55172.15360595 21.355
 85 269.726882  29.969435     4.798     4.429  3 55207.15363869 25.954
 86 269.730396  29.970463     4.878     4.878  2 55242.15361124 27.941
 87 269.728999  29.968328     4.169     4.169  2 55277.15363208 18.620
 88 269.731294  29.968988     5.076     5.076  2 55312.15359657 21.119
 89 269.729347  29.969747     4.559     4.559  2 55347.15360263 23.767
 90 269.729322  29.969490     4.224     4.224  2 55382.15359371 21.654
 91 269.727186  29.968969     4.784     3.331  3 55417.15362162 23.451
 92 269.731212  29.969194     3.963     3.963  2 55452.15360391 18.706
 93 269.733503  29.970009     1.305     1.305  2 55487.15352627 21.227
