#    0.000   0.034   0.249 ;Mean Elev.(m), Avg Gradient(m/km), RMS Gradient(m/km) - SRTM1     
#   26.204   1.346   4.749 ;Mean Elev.(m), Avg Gradient(m/km), RMS Gradient(m/km) - ASTER GDEM
#    0.788   0.075   0.539 ;Mean Elev.(m), Avg Gradient(m/km), RMS Gradient(m/km) - GMTED2010 
  7 270.707576  29.225824     0.145     0.362  4 52451.67809006 28.776
  8 270.712395  29.218498     0.131     0.174  4 52486.67807381 24.248
  9 270.710542  29.219790     0.563     0.561  4 52521.67804271 24.040
 11 270.709256  29.222713     0.305     0.270  4 52591.67808663 29.955
 12 270.721586  29.204422    -0.575    -0.449  3 52626.67800711 30.832
 13 270.712083  29.219756     0.442     0.324  4 52661.67805085 28.314
 14 270.717678  29.210243     0.686     0.640  4 52696.67803010 25.707
 15 270.717163  29.210904     0.467     0.466  4 52731.67805579 21.846
 16 270.706154  29.225916     0.411     0.371  3 52766.67806220 22.180
 17 270.716448  29.211668     0.248     0.274  4 52801.67806852 26.548
 18 270.716485  29.211693    -0.308     0.125  4 52836.67813456 30.625
 19 270.715086  29.211590     0.220     0.259  4 52871.67817525 24.247
 20 270.713271  29.214755     0.532     0.538  4 52906.67816810 26.766
 21 270.718042  29.207511     0.026     0.058  4 52941.67809950 30.891
 23 270.709161  29.220915     0.467     0.429  4 53011.67815075 24.564
 25 270.707635  29.225577     0.523     0.532  4 53081.67815022 23.543
 26 270.711077  29.219583     0.276     0.226  4 53116.67812139 30.194
 27 270.709082  29.220520     0.075    -0.016  4 53151.67816964 27.846
 28 270.718776  29.206427     0.330     0.282  4 53186.67815850 25.110
 29 270.712549  29.215945     0.161     0.155  4 53221.67818209 25.874
 30 270.707469  29.225222     0.158     0.188  3 53256.67815675 24.084
 31 270.708992  29.220599     0.488     0.526  4 53291.67817277 24.179
 32 270.714315  29.212936     0.531     0.512  4 53326.67814854 25.270
 33 270.714133  29.214504     0.640     0.568  5 53361.67810506 27.690
 35 270.713017  29.216318     0.655     0.591  4 53431.67811696 26.194
 36 270.714592  29.213086     0.380     0.427  4 53466.67815032 24.319
 37 270.708617  29.224837     0.284     0.207  4 53501.67820322 30.579
 38 270.712442  29.216804     0.214     0.111  4 53536.67819586 26.488
 39 270.708379  29.223594     0.539     0.521  4 53571.67820118 25.793
 40 270.709666  29.219345    -0.082    -0.071  4 53606.67815025 30.389
 41 270.713162  29.215601     0.794     0.803  4 53641.67815118 26.265
 42 270.708619  29.221342     0.405     0.406  4 53676.67816960 27.438
 43 270.713554  29.216437     0.607     0.636  4 53711.67809970 26.225
 44 270.717917  29.206805    -0.250    -0.423  4 53746.67801261 28.632
 45 270.715110  29.211273     0.590     0.534  4 53781.67804299 25.224
 46 270.711646  29.218217     0.506     0.471  5 53816.67800859 26.213
 47 270.711609  29.218999     0.734     0.632  4 53851.67807867 26.171
 48 270.719243  29.206819     0.230     0.157  4 53886.67808739 24.186
 49 270.706308  29.226173     0.345     0.354  3 53921.67815516 24.075
 50 270.706054  29.225656     0.545     0.555  4 53956.67815150 32.041
 51 270.718471  29.206312     0.279     0.164  4 53991.67807567 22.623
 52 270.715262  29.211346     0.352     0.259  4 54026.67813982 29.059
 53 270.715997  29.210398    -0.116    -0.304  4 54061.67813370 26.045
 55 270.715350  29.210816     0.584     0.513  4 54131.67805474 26.418
 56 270.710744  29.221262     0.201     0.168  4 54166.67807638 31.077
 57 270.714088  29.213546     0.378     0.406  4 54201.67805763 27.971
 58 270.714004  29.212932     0.598     0.617  4 54236.67809333 26.521
 59 270.713134  29.215754     0.340     0.305  5 54271.67811324 26.010
 60 270.713691  29.216060     0.449     0.474  4 54306.67811573 25.086
 61 270.712601  29.218635     0.292     0.309  4 54341.67809606 26.096
 62 270.714168  29.215395     0.476     0.499  4 54376.67805071 22.902
 63 270.711991  29.216799     0.403     0.400  4 54411.67804358 22.450
 64 270.714937  29.212458     0.041    -0.037  4 54446.67801591 26.490
 66 270.715442  29.212043     0.550     0.551  5 54516.67803011 27.602
 67 270.711468  29.219789     0.484     0.479  4 54551.67804756 29.400
 68 270.713905  29.214965     0.562     0.542  5 54586.67802483 27.745
 69 270.712318  29.215542     0.727     0.699  4 54621.67804382 25.117
 70 270.711996  29.219596     0.316     0.262  4 54656.67805285 27.833
 71 270.711968  29.217620     0.643     0.633  4 54691.67803713 22.097
 72 270.715292  29.212641     0.520     0.380  5 54726.67800591 23.899
 73 270.712162  29.218808     0.528     0.392  4 54761.67801448 21.722
 74 270.714908  29.214645    -0.012     0.074  4 54796.67799900 26.066
 75 270.712150  29.216119     0.232     0.208  4 54831.67801536 24.546
 76 270.715211  29.212381     0.494     0.429  5 54866.67799494 24.972
 77 270.709763  29.219447     0.389     0.368  4 54901.67801383 25.936
 78 270.714523  29.214072     0.348     0.376  4 54936.67798401 28.415
 79 270.713273  29.214047     0.768     0.752  4 54971.67801724 23.326
 80 270.711447  29.220424     0.537     0.513  4 55006.67803486 25.888
 81 270.713221  29.214646    -0.026     0.035  4 55041.67802399 24.213
 82 270.711472  29.218013     0.598     0.640  4 55076.67800394 23.724
 83 270.714029  29.213616     0.059     0.037  4 55111.67795714 27.803
 84 270.711378  29.218600     0.777     0.771  4 55146.67795813 25.521
 85 270.715154  29.212215     0.613     0.659  4 55181.67793584 24.908
 86 270.711940  29.217658     0.508     0.541  4 55216.67795283 26.591
 87 270.715326  29.211751     0.468     0.563  4 55251.67793281 29.673
 88 270.710236  29.219243     0.539     0.478  4 55286.67794578 30.773
 89 270.711523  29.218416     0.354     0.228  5 55321.67792051 30.981
 90 270.711515  29.216722     0.463     0.486  4 55356.67792110 33.178
 91 270.713822  29.216182     0.398     0.414  4 55391.67792239 25.788
 92 270.713546  29.215791     0.333     0.379  4 55426.67793742 25.003
 93 270.712301  29.217274     0.464     0.364  5 55461.67790394 25.423
