-191867.103    30.947     0.00    1.38
-191492.684    31.003     0.15    1.55
-191118.289    30.850    -0.41    1.51
-190743.916    30.916     0.18    1.45
-190369.566    30.980     0.17    1.41
-189995.239    30.837    -0.38    1.38
-189620.934    31.002     0.44    1.41
-189246.653    30.891    -0.30    1.41
-188872.395    30.915     0.06    1.37
-188498.159    30.974     0.16    1.25
-188123.946    30.922    -0.14    1.11
-187749.757    30.731    -0.51    1.12
-187375.590    30.581    -0.40    1.05
-187001.445    30.625     0.12    1.22
-186627.324    30.667     0.11    1.36
-186253.226    30.502    -0.44    1.39
-185879.150    30.396    -0.28    1.65
-185505.097    30.285    -0.30    1.44
-185131.067    30.430     0.39    1.56
-184757.060    30.567     0.37    1.59
-184383.075    30.471    -0.26    1.38
-184009.114    30.350    -0.32    1.28
-183635.175    30.184    -0.44    1.16
-183261.259    30.104    -0.22    1.31
-182887.365    30.117     0.04    1.71
-182513.495    29.828    -0.77    1.73
-182139.647    29.534    -0.79    1.80
-181765.822    29.415    -0.32    1.41
-181392.020    29.530     0.31    1.34
-181018.240    29.698     0.45    1.39
-180644.483    29.899     0.54    1.26
-180270.749    29.721    -0.48    1.30
-179897.038    29.524    -0.53    1.32
-179523.350    29.497    -0.07    1.35
-179149.684    29.374    -0.33    1.34
-178776.040    29.328    -0.12    1.24
-178402.420    28.796    -1.42    1.14
-178028.822    28.542    -0.68    0.96
-177655.247    28.418    -0.33    1.04
-177281.695    28.241    -0.48    1.27
-176908.165    28.480     0.64    1.26
-176534.658    28.346    -0.36    1.44
-176161.174    28.241    -0.28    1.53
-175787.712    28.159    -0.22    1.51
-175414.273    27.717    -1.18    1.42
-175040.856    27.433    -0.76    1.39
-174667.463    27.107    -0.87    1.15
-174294.091    27.071    -0.10    1.04
-173920.743    27.707     1.70    1.73
-173547.417    27.641    -0.18    1.81
-173174.114    27.731     0.24    1.73
-172800.833    27.241    -1.31    1.29
-172427.575    27.305     0.17    1.34
-172054.340    27.536     0.62    1.47
-171681.127    27.617     0.22    1.44
-171307.937    27.763     0.39    1.26
-170934.769    27.688    -0.20    1.21
-170561.624    27.327    -0.97    0.96
-170188.501    27.285    -0.11    1.04
-169815.401    27.130    -0.42    1.14
-169442.324    27.058    -0.19    0.95
-169069.269    27.393     0.90    1.53
-168696.237    27.611     0.58    1.55
-168323.227    27.574    -0.10    1.56
-167950.240    27.412    -0.43    1.22
-167577.275    27.195    -0.58    0.93
-167204.333    26.901    -0.79    0.94
-166831.413    27.154     0.68    1.14
-166458.516    26.785    -0.99    1.24
-166084.489    26.730    -0.15    1.14
-165707.073    27.002     0.72    1.02
-165329.681    27.325     0.86    1.17
-164952.312    27.828     1.33    1.53
-164574.965    27.977     0.40    1.68
-164197.642    27.922    -0.15    1.89
-163820.342    27.263    -1.75    1.65
-163443.065    26.763    -1.33    1.24
-163065.811    26.700    -0.17    1.17
-162688.580    26.546    -0.41    1.11
-162311.372    26.418    -0.34    1.00
-161934.187    26.415    -0.01    1.11
-161557.025    26.089    -0.86    1.12
-161179.886    25.986    -0.27    0.97
-160802.770    25.774    -0.56    0.99
-160425.677    25.546    -0.61    1.05
-160048.607    25.480    -0.17    1.15
-159671.561    25.308    -0.46    1.28
-159294.537    25.176    -0.35    1.19
-158917.536    25.002    -0.46    1.22
-158540.558    24.959    -0.12    1.26
-158163.603    25.096     0.37    1.21
-157786.671    24.872    -0.60    1.31
-157409.762    24.863    -0.02    1.20
-157032.876    24.740    -0.33    1.17
-156656.012    24.659    -0.22    1.25
-156279.172    24.415    -0.65    1.41
-155902.355    24.305    -0.29    1.56
-155525.560    24.646     0.90    1.54
-155148.789    24.899     0.67    1.59
-154772.040    25.710     2.15    2.47
-154395.315    27.524     4.82    4.04
-154018.612    27.774     0.66    4.32
-153641.932    28.307     1.42    4.57
-153265.275    28.176    -0.35    4.38
-152888.641    28.596     1.12    4.84
-152512.030    28.658     0.16    4.62
-152135.442    29.067     1.09    4.21
-151758.876    28.157    -2.42    4.16
-151382.334    27.241    -2.43    3.81
-151005.814    25.825    -3.76    2.77
-150629.317    25.198    -1.67    2.06
-150252.843    24.950    -0.66    1.59
-149876.392    24.841    -0.29    1.63
-149499.963    24.667    -0.46    1.62
-149123.557    24.441    -0.60    1.35
-148747.175    24.627     0.49    0.99
-148370.815    24.825     0.53    1.24
-147994.478    25.081     0.68    1.45
-147618.163    25.409     0.87    1.43
-147241.872    25.502     0.25    1.58
-146865.603    25.430    -0.19    1.48
-146489.357    25.198    -0.62    1.32
-146113.133    25.046    -0.40    1.15
-145736.933    25.067     0.06    1.22
-145360.755    25.334     0.71    1.28
-144984.600    25.063    -0.72    1.25
-144608.468    24.950    -0.30    1.26
-144232.359    24.719    -0.61    1.35
-143856.272    24.327    -1.04    1.26
-143480.208    24.089    -0.63    1.25
-143104.166    24.071    -0.05    1.15
-142728.148    24.085     0.04    1.05
-142352.152    23.859    -0.60    1.08
-141976.179    24.198     0.90    2.00
-141600.228    24.307     0.29    2.26
-141224.301    24.327     0.05    2.26
-140848.396    24.490     0.43    2.20
-140472.513    24.305    -0.49    1.80
-140096.653    24.219    -0.23    1.62
-139720.816    24.050    -0.45    1.61
-139345.002    23.850    -0.53    1.22
-138969.210    23.795    -0.15    1.28
-138593.441    23.774    -0.06    1.29
-138217.695    23.854     0.21    1.34
-137841.971    23.872     0.05    1.29
-137466.270    23.641    -0.61    1.30
-137090.591    23.441    -0.53    1.32
-136714.935    23.698     0.68    1.29
-136339.302    23.854     0.42    1.23
-135963.691    23.980     0.34    1.29
-135588.103    23.922    -0.16    1.35
-135212.538    23.632    -0.77    1.36
-134836.995    23.518    -0.30    1.36
-134461.474    23.459    -0.16    1.09
-134085.977    23.700     0.64    1.35
-133710.501    23.893     0.51    1.36
-133335.049    24.103     0.56    1.27
-132959.619    24.263     0.43    1.16
-132584.211    24.721     1.22    1.58
-132208.826    24.915     0.52    1.97
-131833.464    24.986     0.19    2.02
-131458.124    24.915    -0.19    1.73
-131082.807    24.990     0.20    1.53
-130707.512    25.219     0.61    1.38
-130332.240    24.774    -1.19    1.44
-129956.990    24.561    -0.57    1.60
-129581.763    24.530    -0.08    1.75
-129206.558    24.471    -0.16    1.71
-128831.376    24.374    -0.26    1.53
-128456.216    24.422     0.13    1.33
-128081.079    24.467     0.12    1.44
-127705.964    24.774     0.82    1.52
-127330.871    24.632    -0.38    1.58
-126955.802    24.846     0.57    1.65
-126580.754    24.828    -0.05    1.33
-126205.729    24.561    -0.71    1.25
-125830.727    24.374    -0.50    1.11
-125455.747    24.178    -0.52    1.12
-125080.789    23.974    -0.54    1.14
-124705.854    23.937    -0.10    1.14
-124330.941    23.837    -0.27    1.21
-123956.051    23.863     0.07    1.19
-123581.183    23.582    -0.75    1.24
-123206.337    23.513    -0.18    1.16
-122831.514    23.450    -0.17    1.25
-122456.713    23.632     0.49    1.64
-122081.935    23.901     0.72    1.82
-121707.179    24.002     0.27    1.74
-121332.445    24.412     1.09    2.38
-120957.734    24.641     0.61    2.66
-120583.045    24.495    -0.39    3.25
-120208.378    23.654    -2.25    1.69
-119833.734    22.967    -1.83    1.23
-119459.112    22.589    -1.01    1.14
-119084.513    22.152    -1.17    1.09
-118709.936    21.930    -0.59    0.98
-118335.381    21.850    -0.21    0.93
-117960.849    21.899     0.13    1.12
-117586.338    22.176     0.74    1.11
-117211.850    22.422     0.66    1.71
-116837.385    23.024     1.61    2.06
-116462.942    23.625     1.60    1.99
-116088.521    24.132     1.36    1.86
-115714.122    24.242     0.29    1.39
-115339.746    24.104    -0.37    1.27
-114965.392    24.075    -0.08    1.00
-114591.060    23.893    -0.49    1.04
-114216.750    23.944     0.13    1.04
-113842.463    23.818    -0.33    1.18
-113468.198    23.490    -0.88    1.24
-113093.955    23.093    -1.06    1.43
-112719.734    23.018    -0.20    1.64
-112345.536    23.497     1.28    1.86
-111971.360    23.596     0.27    1.87
-111597.206    23.367    -0.61    1.51
-111223.074    23.111    -0.69    1.44
-110848.965    22.369    -1.98    1.58
-110474.877    21.176    -3.19    2.06
-110100.812    20.377    -2.14    2.23
-109726.769    19.698    -1.82    1.75
-109352.749    20.695     2.67    3.05
-108978.750    22.415     4.60    3.45
-108604.774    23.850     3.84    2.61
-108230.820    23.952     0.27    2.11
-107856.888    22.893    -2.83    1.68
-107482.978    21.967    -2.48    0.98
-107109.090    21.676    -0.78    1.00
-106735.225    21.542    -0.36    1.05
-106361.381    21.352    -0.51    1.04
-105987.560    21.348    -0.01    0.97
-105613.761    21.480     0.35    1.09
-105239.984    21.327    -0.41    1.05
-104866.229    21.219    -0.29    1.05
-104492.496    20.805    -1.11    1.30
-104118.786    20.581    -0.60    1.12
-103745.097    20.409    -0.46    1.13
-103371.431    20.567     0.42    1.26
-102997.786    20.646     0.21    1.21
-102624.164    20.974     0.88    1.08
-102250.564    21.058     0.23    0.90
-101876.986    20.763    -0.79    1.20
-101503.429    20.854     0.24    1.17
-101129.895    20.867     0.04    1.11
-100756.383    20.763    -0.28    1.22
-100382.893    20.492    -0.73    1.64
-100009.426    20.132    -0.96    1.63
 -99635.980    19.540    -1.59    1.70
 -99262.556    19.441    -0.26    2.11
 -98889.154    19.123    -0.85    2.09
 -98515.774    19.024    -0.27    2.44
 -98142.417    19.196     0.46    2.40
 -97769.081    19.741     1.46    1.93
 -97395.767    19.552    -0.51    1.20
 -97022.475    19.196    -0.95    1.03
 -96649.206    19.263     0.18    0.96
 -96275.958    19.127    -0.37    0.82
 -95902.732    18.893    -0.62    1.06
 -95529.528    18.821    -0.19    1.14
 -95156.346    18.685    -0.36    1.12
 -94783.186    18.433    -0.68    1.03
 -94410.048    18.393    -0.11    1.13
 -94036.932    18.325    -0.18    1.23
 -93663.838    18.524     0.53    1.25
 -93290.766    18.680     0.42    1.18
 -92917.716    18.627    -0.14    1.30
 -92544.688    18.388    -0.64    1.28
 -92171.682    18.089    -0.80    1.18
 -91798.697    18.067    -0.06    1.22
 -91425.735    18.241     0.47    1.03
 -91051.318    18.352     0.30    1.04
 -90673.957    18.659     0.81    1.20
 -90296.618    18.990     0.88    1.48
 -89919.302    19.284     0.78    2.07
 -89542.009    19.372     0.23    2.01
 -89164.737    19.008    -0.96    2.22
 -88787.489    19.219     0.56    1.97
 -88410.262    19.013    -0.55    1.38
 -88033.058    18.893    -0.32    1.25
 -87655.877    18.808    -0.23    1.15
 -87278.718    18.611    -0.52    1.16
 -86901.581    18.524    -0.23    1.02
 -86524.467    18.377    -0.39    0.99
 -86147.375    18.154    -0.59    0.92
 -85770.305    17.953    -0.53    0.92
 -85393.258    18.067     0.30    1.13
 -85016.233    18.219     0.40    1.01
 -84639.230    18.306     0.23    0.97
 -84262.250    18.409     0.27    1.01
 -83885.293    18.459     0.13    0.96
 -83508.357    18.420    -0.10    0.99
 -83131.444    18.330    -0.24    1.30
 -82754.553    18.050    -0.74    1.30
 -82377.685    18.089     0.10    1.58
 -82000.839    17.959    -0.35    1.63
 -81624.015    18.029     0.19    1.73
 -81247.214    18.127     0.26    1.75
 -80870.434    18.046    -0.22    1.33
 -80493.678    18.263     0.58    1.21
 -80116.943    18.348     0.23    1.14
 -79740.231    18.352     0.01    1.04
 -79363.541    18.536     0.49    1.81
 -78986.873    18.663     0.34    1.72
 -78610.228    18.691     0.08    1.70
 -78233.604    18.306    -1.02    2.00
 -77857.003    17.135    -3.11    2.21
 -77480.425    16.067    -2.84    2.58
 -77103.868    15.433    -1.68    2.41
 -76727.334    15.217    -0.57    2.06
 -76350.822    15.688     1.25    1.81
 -75974.332    16.574     2.35    1.64
 -75597.865    17.041     1.24    1.29
 -75221.419    17.242     0.53    1.15
 -74844.996    16.915    -0.87    1.32
 -74468.595    16.909    -0.02    1.49
 -74092.217    17.127     0.58    1.86
 -73715.860    17.346     0.58    1.74
 -73339.526    17.524     0.47    2.06
 -72963.214    17.305    -0.58    1.97
 -72586.924    17.654     0.93    1.93
 -72210.656    18.149     1.32    1.94
 -71834.410    17.959    -0.51    1.43
 -71458.187    18.149     0.51    1.30
 -71081.986    17.476    -1.79    2.40
 -70705.806    16.996    -1.27    2.34
 -70329.649    16.774    -0.59    2.33
 -69953.515    16.893     0.32    2.31
 -69577.402    17.379     1.29    1.98
 -69201.311    17.632     0.67    2.24
 -68825.243    17.604    -0.08    2.51
 -68449.196    16.937    -1.77    2.48
 -68073.172    16.305    -1.68    2.20
 -67697.170    16.459     0.41    2.16
 -67321.189    17.388     2.47    2.12
 -66945.231    17.763     1.00    1.95
 -66569.295    18.013     0.67    1.99
 -66193.382    18.445     1.15    1.90
 -65817.490    18.330    -0.31    1.44
 -65441.620    18.502     0.46    1.27
 -65065.772    18.785     0.75    1.11
 -64689.947    18.555    -0.61    1.37
 -64314.143    18.536    -0.05    1.37
 -63938.362    18.518    -0.05    2.07
 -63562.602    18.350    -0.45    2.35
 -63186.865    18.199    -0.40    2.34
 -62811.149    18.111    -0.24    2.56
 -62435.456    17.808    -0.80    2.23
 -62059.784    17.567    -0.64    1.72
 -61684.135    17.763     0.52    1.77
 -61308.507    17.872     0.29    2.13
 -60932.902    17.441    -1.15    2.22
 -60557.318    17.308    -0.35    2.18
 -60181.757    17.050    -0.69    2.09
 -59806.217    16.868    -0.49    2.53
 -59430.700    17.241     0.99    2.42
 -59055.204    17.945     1.87    2.49
 -58679.731    18.518     1.53    2.28
 -58304.279    18.582     0.17    1.37
 -57928.849    18.263    -0.85    1.40
 -57553.442    17.795    -1.25    1.25
 -57178.056    17.149    -1.72    1.32
 -56802.692    16.513    -1.70    1.48
 -56427.350    16.046    -1.25    1.82
 -56052.030    15.546    -1.33    1.73
 -55676.732    15.352    -0.52    1.52
 -55301.456    15.507     0.41    1.51
 -54926.201    15.721     0.57    1.44
 -54550.969    15.877     0.41    1.56
 -54175.758    15.880     0.01    1.68
 -53800.570    15.806    -0.20    1.71
 -53425.403    16.157     0.93    2.31
 -53050.258    16.393     0.63    2.65
 -52675.135    16.808     1.11    2.76
 -52300.034    17.507     1.86    2.62
 -51924.955    17.170    -0.90    2.75
 -51549.897    16.885    -0.76    2.71
 -51174.862    15.877    -2.69    2.85
 -50799.848    14.841    -2.76    2.90
 -50424.856    14.752    -0.24    2.79
 -50049.886    14.891     0.37    2.28
 -49674.937    15.654     2.04    1.88
 -49300.011    15.627    -0.07    1.77
 -48925.106    15.774     0.39    1.77
 -48550.223    16.284     1.36    2.75
 -48175.362    16.306     0.06    3.15
 -47800.523    16.721     1.11    3.73
 -47425.706    16.872     0.40    4.14
 -47050.910    16.859    -0.03    4.00
 -46676.136    16.707    -0.40    3.39
 -46301.384    16.135    -1.53    2.28
 -45926.653    15.552    -1.56    2.18
 -45551.945    15.396    -0.42    2.10
 -45177.258    14.880    -1.38    1.93
 -44802.593    14.330    -1.47    2.04
 -44427.949    14.114    -0.58    1.67
 -44053.328    14.352     0.63    2.03
 -43678.728    15.135     2.09    2.86
 -43304.150    14.937    -0.53    3.84
 -42929.593    14.412    -1.40    3.75
 -42555.058    14.218    -0.52    3.40
 -42180.545    14.036    -0.49    3.18
 -41806.054    14.959     2.46    2.83
 -41431.584    14.649    -0.83    2.83
 -41057.136    14.774     0.33    2.84
 -40682.710    14.774     0.00    3.90
 -40308.305    16.241     3.92    4.89
 -39933.922    17.415     3.14    5.40
 -39559.561    19.672     6.03    5.72
 -39185.222    24.467    12.81    8.95
 -38810.904    28.013     9.47   12.02
 -38436.607    30.067     5.49   12.27
 -38062.333    34.540    11.95   15.24
 -37688.080    38.907    11.67   15.84
 -37313.848    46.071    19.14   15.92
 -36939.639    54.530    22.60   16.03
 -36565.450    59.959    14.51   14.94
 -36191.284    67.377    19.83    8.29
 -35817.139    66.816    -1.50    7.84
 -35443.016    62.480   -11.59    7.64
 -35068.914    62.649     0.45    8.30
 -34694.834    64.220     4.20    8.22
 -34320.775    67.067     7.61    7.53
 -33946.738    65.563    -4.02    8.24
 -33572.723    62.922    -7.06    7.67
 -33198.729    62.391    -1.42    6.50
 -32824.757    60.872    -4.06    7.08
 -32450.806    60.199    -1.80   10.16
 -32076.877    56.863    -8.92   13.97
 -31702.970    51.984   -13.05   15.59
 -31329.084    44.285   -20.59   13.88
 -30955.219    40.536   -10.03   11.72
 -30581.376    35.242   -14.16    5.50
 -30207.555    33.937    -3.49    4.22
 -29833.755    32.476    -3.91    2.54
 -29459.977    31.328    -3.07    2.45
 -29086.220    30.507    -2.20    2.52
 -28712.484    29.907    -1.61    2.67
 -28338.771    28.691    -3.25    2.64
 -27965.078    28.818     0.34    2.73
 -27591.407    29.107     0.77    2.76
 -27217.758    30.396     3.45    3.17
 -26844.130    30.685     0.77    3.46
 -26470.524    29.990    -1.86    3.96
 -26096.939    27.937    -5.50    4.53
 -25723.375    23.868   -10.89    5.30
 -25349.833    19.663   -11.26    5.71
 -24976.312    15.831   -10.26    4.69
 -24602.813    13.459    -6.35    2.02
 -24229.335    12.795    -1.78    1.54
 -23855.879    12.350    -1.19    1.28
 -23482.444    12.348    -0.00    1.25
 -23109.031    12.467     0.32    1.52
 -22735.639    12.369    -0.26    1.66
 -22362.268    12.330    -0.11    1.53
 -21988.919    12.111    -0.59    1.56
 -21615.591    11.863    -0.66    1.62
 -21242.284    11.490    -1.00    1.89
 -20868.999    11.071    -1.12    1.76
 -20495.736    10.752    -0.86    1.58
 -20122.493    10.957     0.55    1.58
 -19749.272    11.695     1.98    1.90
 -19376.073    11.880     0.50    1.68
 -19002.895    12.046     0.44    1.58
 -18629.738    11.901    -0.39    1.75
 -18256.602    10.974    -2.48    1.65
 -17883.488    10.581    -1.05    1.61
 -17510.395    10.589     0.02    1.70
 -17137.324    11.058     1.26    1.87
 -16764.274    11.492     1.16    1.94
 -16391.245    12.067     1.54    2.33
 -16016.427    12.263     0.52    2.78
 -15639.118    12.752     1.30    2.86
 -15261.831    13.107     0.94    2.65
 -14884.566    11.786    -3.50    2.46
 -14507.322    10.945    -2.23    2.05
 -14130.101    10.663    -0.75    1.84
 -13752.901    10.816     0.41    1.93
 -13375.723    11.149     0.88    1.90
 -12998.567    11.199     0.13    2.09
 -12621.433    11.286     0.23    2.27
 -12244.320    10.719    -1.50    1.91
 -11867.229    10.445    -0.73    1.87
 -11490.160    10.196    -0.66    1.59
 -11113.113     9.837    -0.95    1.38
 -10736.087     9.589    -0.66    1.37
 -10359.084     9.723     0.36    1.54
  -9982.102    10.149     1.13    1.97
  -9605.142    10.008    -0.38    2.14
  -9228.203    10.036     0.07    2.37
  -8851.286    10.085     0.13    2.64
  -8474.391    10.731     1.71    3.81
  -8097.518    11.581     2.26    4.17
  -7720.666    11.480    -0.27    4.35
  -7343.837    11.415    -0.17    4.37
  -6967.028    10.433    -2.61    4.11
  -6590.242     8.041    -6.35    5.37
  -6213.477     6.107    -5.13    5.74
  -5836.734     3.240    -7.61    4.75
  -5460.013     1.263    -5.25    2.70
  -5083.313     3.396     5.66    6.89
  -4706.635     8.980    14.82   10.37
  -4329.979    14.831    15.53    9.50
  -3953.344    19.285    11.82    5.31
  -3576.731    19.914     1.67    2.68
  -3200.140    19.459    -1.21    2.82
  -2823.570    18.906    -1.47    2.81
  -2447.022    17.085    -4.84    3.59
  -2070.495    15.029    -5.46    3.89
  -1693.991    13.067    -5.21    3.60
  -1317.507    11.050    -5.36    3.43
   -941.046     8.172    -7.65    5.36
   -564.606     5.220    -7.84    5.85
   -188.187     3.480    -4.62    6.15
    188.209     2.441    -2.76    6.47
    564.585     1.841    -1.59    6.07
    940.938     1.649    -0.51    5.66
   1317.270     1.676     0.07    5.09
   1693.581     1.530    -0.39    3.96
   2069.870     3.008     3.93    5.13
   2446.137     4.996     5.29    5.81
   2822.383     6.284     3.42    6.02
   3198.607     6.130    -0.41    5.84
   3574.809     5.191    -2.49    5.96
   3950.990     3.574    -4.30    5.71
   4327.150     1.945    -4.33    4.80
   4703.288     1.752    -0.51    4.62
   5079.405     2.752     2.66    6.24
   5455.499     4.354     4.26    7.92
   5831.573     8.046     9.82    8.54
   6207.625    10.239     5.83    7.58
   6583.655    13.374     8.34    6.70
   6959.664    15.710     6.21    4.67
   7335.652    15.459    -0.67    5.03
   7711.618    14.284    -3.12    5.57
   8087.562    12.785    -3.99    5.38
   8463.485    11.795    -2.63    4.98
   8839.387    12.863     2.84    4.75
   9215.267    14.393     4.07    3.97
   9591.125    15.285     2.37    2.82
   9966.963    15.127    -0.42    2.13
  10342.778    14.433    -1.85    1.82
  10718.573    14.399    -0.09    1.75
  11094.345    14.513     0.30    1.82
  11470.097    14.285    -0.61    2.02
  11845.827    14.178    -0.28    2.01
  12221.535    13.393    -2.09    2.00
  12597.222    13.063    -0.88    1.80
  12972.888    13.152     0.24    1.65
  13348.532    13.025    -0.34    1.71
  13724.155    13.328     0.81    1.77
  14099.757    13.081    -0.66    1.94
  14475.337    13.063    -0.05    2.38
  14850.896    13.374     0.83    2.43
  15226.433    13.379     0.01    2.46
  15601.949    14.330     2.53    2.60
  15977.444    14.620     0.77    3.13
  16352.917    12.719    -5.06    3.91
  16728.369    10.710    -5.35    3.80
  17103.800     8.752    -5.22    3.39
  17479.209     7.795    -2.55    3.23
  17854.597     7.041    -2.01    3.00
  18229.964     7.241     0.53    2.80
  18605.309     7.808     1.51    2.51
  18980.633     7.893     0.23    2.33
  19355.935     7.546    -0.93    2.80
  19731.217     6.618    -2.47    3.02
  20106.477     5.454    -3.10    2.83
  20481.715     4.058    -3.72    2.43
  20856.933     3.646    -1.10    1.97
  21232.129     3.763     0.31    1.68
  21607.304     4.220     1.22    2.26
  21982.458     4.841     1.65    2.90
  22357.590     4.922     0.22    2.84
  22732.701     4.915    -0.02    2.78
  23107.791     4.036    -2.34    1.49
  23482.859     3.959    -0.21    1.46
  23857.907     3.937    -0.06    1.40
  24232.933     4.199     0.70    1.81
  24607.937     4.350     0.40    1.99
  24982.921     4.459     0.29    2.25
  25357.883     3.967    -1.31    2.54
  25732.824     3.549    -1.12    2.43
  26107.744     4.152     1.61    2.79
  26482.643     4.104    -0.13    2.91
  26857.521     4.130     0.07    2.69
  27232.377     4.018    -0.30    2.71
  27607.212     3.217    -2.14    1.94
  27982.026     3.546     0.88    1.72
  28356.819     3.891     0.92    1.72
  28731.590     3.974     0.22    1.63
  29106.341     3.625    -0.93    1.89
  29481.070     2.841    -2.09    1.71
  29855.778     2.393    -1.19    1.44
  30230.465     2.132    -0.70    1.65
  30605.131     1.971    -0.43    1.90
  30979.775     2.308     0.90    2.15
  31354.399     3.008     1.87    2.39
  31729.001     3.899     2.38    2.22
  32103.582     4.863     2.57    2.39
  32478.143     5.199     0.90    2.44
  32852.682     5.089    -0.29    2.48
  33227.199     4.825    -0.70    2.33
  33601.696     4.172    -1.74    1.71
  33976.172     3.350    -2.20    1.95
  34350.626     3.154    -0.52    1.98
  34725.060     3.157     0.01    1.98
  35099.472     3.418     0.70    1.91
  35473.864     3.990     1.53    1.62
  35848.234     4.437     1.19    1.30
  36222.583     4.558     0.32    1.29
  36596.911     4.944     1.03    1.43
  36971.218     5.111     0.45    1.35
  37345.505     5.391     0.75    1.71
  37719.769     5.111    -0.75    1.48
  38094.013     5.149     0.10    1.78
  38468.236     5.196     0.13    2.09
  38842.438     5.263     0.18    2.07
  39216.619     5.196    -0.18    1.75
  39590.779     5.036    -0.43    1.67
  39964.918     5.263     0.61    1.45
  40339.036     4.974    -0.77    1.32
  40713.132     4.811    -0.44    1.42
  41087.208     4.307    -1.35    1.73
  41461.263     4.239    -0.18    1.75
  41835.297     4.104    -0.36    2.05
  42209.310     4.008    -0.26    2.15
  42583.302     4.437     1.15    2.09
  42957.273     4.476     0.10    2.00
  43331.223     4.219    -0.69    1.66
  43705.152     3.676    -1.45    1.13
  44079.060     3.100    -1.54    1.07
  44452.947     3.089    -0.03    1.12
  44826.813     2.984    -0.28    1.55
  45200.658     3.196     0.57    1.85
  45574.483     3.393     0.53    1.80
  45948.286     3.263    -0.35    2.04
  46322.068     3.654     1.05    2.18
  46695.830     3.854     0.53    2.30
  47069.571     3.492    -0.97    2.10
  47443.290     3.480    -0.03    1.55
  47816.989     3.285    -0.52    1.48
  48190.667     3.130    -0.41    1.46
  48564.324     3.263     0.36    1.40
  48937.960     2.859    -1.08    1.33
  49311.576     2.717    -0.38    1.09
  49685.170     3.075     0.96    1.61
  50058.744     3.524     1.20    1.79
  50432.296     4.093     1.52    1.97
  50805.828     4.374     0.75    1.94
  51179.339     4.107    -0.71    2.07
  51552.829     3.863    -0.65    1.91
  51926.299     3.358    -1.35    1.68
  52299.747     2.980    -1.01    1.66
  52673.175     2.717    -0.70    1.63
  53046.582     3.111     1.05    1.62
  53419.968     3.036    -0.20    1.65
  53793.333     3.285     0.67    1.56
  54166.677     3.485     0.54    1.33
  54540.001     3.542     0.15    1.26
  54913.304     3.740     0.53    1.15
  55286.586     3.961     0.59    1.49
  55659.847     3.996     0.10    1.34
  56033.087     3.663    -0.89    1.67
  56406.307     3.574    -0.24    1.59
  56779.506     3.307    -0.71    1.57
  57152.684     3.049    -0.69    1.75
  57525.841     3.107     0.16    1.64
  57898.978     3.049    -0.16    1.49
  58272.094     3.013    -0.10    1.60
  58645.189     2.837    -0.47    1.75
  59020.417     2.741    -0.26    1.85
  59397.675     2.412    -0.87    1.89
  59774.912     2.306    -0.28    1.70
  60152.128     1.959    -0.92    1.56
  60529.322     1.604    -0.94    1.51
  60906.495     1.485    -0.31    1.57
  61283.647     1.441    -0.12    1.48
  61660.778     1.654     0.57    1.45
  62037.887     1.199    -1.21    1.21
  62414.976     1.081    -0.31    1.17
  62792.043     0.785    -0.79    1.44
  63169.089     0.567    -0.58    2.00
  63546.114     0.306    -0.69    2.08
  63923.118     0.063    -0.65    1.98
  64300.100    -0.202    -0.70    2.28
  64677.061    -0.433    -0.61    2.84
  65054.002     0.877     3.47    3.64
  65430.921     3.135     5.99    4.44
  65807.819     5.172     5.40    4.02
  66184.695     6.625     3.85    3.29
  66561.551     7.058     1.15    1.80
  66938.386     6.596    -1.23    1.86
  67315.199     6.774     0.47    1.80
  67691.991     6.808     0.09    1.78
  68068.763     6.996     0.50    1.60
  68445.513     7.111     0.30    1.55
  68822.242     7.054    -0.15    1.46
  69198.950     7.263     0.56    1.46
  69575.636     7.620     0.95    1.53
  69952.302     8.063     1.18    2.04
  70328.947     8.305     0.64    2.79
  70705.571     7.959    -0.92    3.67
  71082.173     7.176    -2.08    4.72
  71458.755     6.513    -1.76    4.99
  71835.315     5.575    -2.49    4.88
  72211.854     5.263    -0.83    4.70
  72588.373     4.863    -1.06    4.50
  72964.870     4.307    -1.48    3.78
  73341.346     4.067    -0.64    3.45
  73717.802     4.242     0.46    3.42
  74094.236     4.081    -0.43    3.49
  74470.649     2.806    -3.39    3.20
  74847.041     2.502    -0.81    3.21
  75223.413     1.546    -2.54    2.92
  75599.763    -0.048    -4.23    3.01
  75976.092    -1.200    -3.06    3.31
  76352.400    -2.433    -3.27    2.41
  76728.688    -2.669    -0.63    2.33
  77104.954    -2.194     1.26    2.16
  77481.199    -1.782     1.10    1.93
  77857.424    -1.123     1.75    2.23
  78233.627    -1.578    -1.21    2.10
  78609.810    -1.285     0.78    2.44
  78985.971    -1.260     0.07    2.25
  79362.112    -1.559    -0.80    2.06
  79738.231    -2.337    -2.07    1.79
  80114.330    -3.020    -1.81    1.07
  80490.408    -3.123    -0.28    1.26
  80866.465    -3.020     0.28    1.56
  81242.501    -2.547     1.26    1.67
  81618.516    -2.715    -0.45    1.76
  81994.510    -2.998    -0.75    1.72
  82370.483    -3.324    -0.87    1.53
  82746.435    -3.824    -1.33    1.35
  83122.367    -3.510     0.84    1.68
  83498.277    -3.237     0.73    1.82
  83874.167    -2.694     1.45    2.02
  84250.036    -2.159     1.42    1.94
  84625.884    -1.426     1.95    1.61
  85001.711    -1.169     0.68    1.04
  85377.517    -1.226    -0.15    1.02
  85753.302    -1.283    -0.15    0.98
  86129.067    -1.128     0.41    1.29
  86504.811    -1.281    -0.40    1.39
  86880.533    -1.460    -0.48    1.44
  87256.235    -1.559    -0.26    1.40
  87631.917    -1.618    -0.16    1.04
  88007.577    -1.802    -0.49    1.00
  88383.217    -1.295     1.35    1.99
  88758.835    -0.694     1.60    2.32
  89134.433    -0.123     1.52    2.01
  89510.010    -0.070     0.14    2.18
  89885.567    -0.537    -1.24    1.88
  90261.102    -0.877    -0.90    1.91
  90636.617    -1.146    -0.72    1.42
  91012.111    -1.192    -0.12    0.90
  91387.585    -1.194    -0.01    0.86
  91763.037    -1.448    -0.68    0.89
  92138.469    -1.396     0.14    0.86
  92513.880    -1.672    -0.73    1.06
  92889.270    -2.023    -0.93    1.13
  93264.639    -2.048    -0.07    1.24
  93639.988    -2.123    -0.20    1.40
  94015.316    -2.260    -0.36    1.58
  94390.624    -2.929    -1.78    1.85
  94765.910    -3.650    -1.92    1.64
  95141.176    -4.133    -1.29    2.03
  95516.421    -4.260    -0.34    2.80
  95891.646    -3.631     1.68    2.91
  96266.849    -3.146     1.29    2.18
  96642.032    -2.537     1.62    2.03
  97017.195    -1.954     1.55    1.59
  97392.336    -1.868     0.23    1.59
  97767.457    -1.320     1.46    1.22
  98142.558    -1.328    -0.02    1.13
  98517.637    -1.498    -0.45    1.30
  98892.696    -1.848    -0.93    1.43
  99267.735    -1.828     0.05    1.51
  99642.752    -1.846    -0.05    1.40
 100017.749    -1.853    -0.02    1.33
 100392.726    -1.889    -0.10    1.28
 100767.681    -2.026    -0.36    1.41
 101142.617    -2.567    -1.44    0.99
 101517.531    -2.648    -0.22    1.02
 101892.425    -2.524     0.33    1.57
 102267.298    -2.648    -0.33    1.84
 102642.151    -2.435     0.57    2.05
 103016.983    -2.315     0.32    2.23
 103391.794    -2.547    -0.62    1.85
 103766.585    -2.559    -0.03    1.90
 104141.355    -3.448    -2.37    1.91
 104516.105    -3.510    -0.16    1.76
 104890.834    -3.559    -0.13    1.59
 105265.543    -3.809    -0.67    1.47
 105640.231    -4.123    -0.84    1.47
 106014.898    -4.373    -0.67    1.57
 106389.545    -4.604    -0.61    1.67
 106764.171    -5.020    -1.11    1.66
 107138.777    -5.305    -0.76    1.68
 107513.362    -5.418    -0.30    1.53
 107887.927    -5.570    -0.41    1.25
 108262.471    -5.737    -0.44    1.10
 108636.995    -6.109    -0.99    0.98
 109011.498    -6.248    -0.37    1.01
 109385.980    -6.281    -0.09    1.33
 109760.442    -6.063     0.58    1.46
 110134.884    -5.563     1.34    1.55
 110509.305    -5.146     1.11    1.50
 110883.706    -4.375     2.06    2.30
 111258.086    -3.851     1.40    2.40
 111632.445    -4.270    -1.12    2.52
 112006.784    -4.493    -0.59    2.41
 112381.103    -4.964    -1.26    1.84
 112755.401    -4.780     0.49    1.88
 113129.679    -4.396     1.02    2.18
 113503.936    -4.004     1.05    2.28
 113878.173    -4.759    -2.02    2.06
 114252.389    -4.737     0.06    2.59
 114626.585    -4.982    -0.65    2.35
 115000.761    -5.351    -0.99    2.15
 115374.916    -4.607     1.99    2.27
 115749.051    -4.123     1.29    2.46
 116123.165    -3.567     1.49    2.26
 116497.259    -3.454     0.30    2.13
 116871.332    -3.715    -0.70    2.09
 117245.385    -4.419    -1.88    1.25
 117619.418    -4.715    -0.79    1.14
 117993.430    -4.426     0.77    1.41
 118367.422    -5.420    -2.66    3.29
 118741.393    -6.976    -4.16    4.65
 119115.344    -7.646    -1.79    4.87
 119489.275    -7.470     0.47    5.17
 119863.185    -7.004     1.25    6.11
 120237.075    -6.646     0.96    6.60
 120610.945    -7.442    -2.13    6.69
 120984.794    -7.999    -1.49    6.35
 121358.623    -9.623    -4.34    5.48
 121732.431   -10.342    -1.92    4.79
 122106.219   -10.804    -1.24    4.57
 122479.987   -10.382     1.13    5.59
 122853.735   -10.169     0.57    5.81
 123227.462    -8.782     3.71    6.39
 123601.169    -8.322     1.23    6.24
 123974.856    -6.737     4.24    5.98
 124348.522    -4.964     4.74    4.82
 124722.168    -4.048     2.45    4.03
 125095.794    -4.085    -0.10    3.01
 125469.399    -5.260    -3.14    1.84
 125842.984    -5.889    -1.68    1.43
 126216.549    -5.970    -0.22    1.44
 126590.094    -5.824     0.39    1.33
 126963.618    -5.975    -0.40    1.21
 127337.122    -5.670     0.82    1.21
 127710.606    -5.715    -0.12    1.11
 128084.069    -5.694     0.06    1.30
 128457.513    -5.889    -0.52    1.32
 128830.936    -5.293     1.60    2.24
 129204.339    -4.503     2.11    2.76
 129577.721    -3.315     3.18    3.77
 129951.084    -2.215     2.94    4.28
 130324.426    -2.055     0.43    4.49
 130697.748    -1.759     0.79    4.99
 131071.049    -2.954    -3.20    5.85
 131444.331    -3.868    -2.45    5.94
 131817.592    -5.802    -5.18    6.05
 132190.833    -7.714    -5.12    5.40
 132564.054    -9.281    -4.20    4.24
 132937.255   -10.515    -3.31    2.90
 133310.435   -10.070     1.19    3.55
 133683.596    -9.582     1.31    4.34
 134059.239    -8.964     1.64    4.76
 134436.445    -8.259     1.87    5.35
 134813.630    -7.101     3.07    5.96
 135190.794    -7.802    -1.86    5.50
 135567.938    -7.650     0.40    5.32
 135945.061    -8.056    -1.08    4.75
 136322.164    -7.537     1.38    4.44
 136699.246    -6.542     2.64    4.36
 137076.307    -6.070     1.25    3.71
 137453.348    -5.305     2.03    2.84
 137830.368    -5.093     0.56    2.39
 138207.368    -5.070     0.06    2.46
 138584.347    -4.951     0.32    2.66
 138961.305    -4.737     0.57    2.70
 139338.243    -4.737     0.00    3.78
 139715.160    -5.515    -2.06    3.94
 140092.057    -6.346    -2.20    3.19
 140468.933    -7.033    -1.82    1.89
 140845.789    -6.418     1.63    1.60
 141222.624    -5.118     3.45    2.12
 141599.439    -3.933     3.15    3.07
 141976.233    -3.249     1.82    3.33
 142353.006    -3.826    -1.53    3.85
 142729.759    -4.954    -2.99    3.43
 143106.492    -6.020    -2.83    1.24
 143483.204    -5.652     0.98    2.26
 143859.895    -4.987     1.76    3.46
 144236.566    -4.215     2.05    3.82
 144613.216    -3.448     2.04    4.78
 144989.846    -4.214    -2.03    4.50
 145366.456    -4.911    -1.85    3.60
 145743.045    -6.078    -3.10    1.72
 146119.613    -5.862     0.57    1.65
 146496.161    -5.976    -0.30    1.27
 146872.689    -5.889     0.23    1.55
 147249.196    -6.146    -0.68    1.37
 147625.683    -6.261    -0.30    1.44
 148002.149    -6.281    -0.05    1.52
 148378.595    -5.951     0.87    1.73
 148755.020    -6.085    -0.35    1.70
 149131.425    -6.487    -1.07    1.77
 149507.810    -6.873    -1.03    1.94
 149884.174    -6.826     0.13    1.79
 150260.517    -6.598     0.61    1.81
 150636.841    -6.328     0.72    1.47
 151013.144    -6.047     0.75    1.54
 151389.426    -6.404    -0.95    2.67
 151765.688    -6.493    -0.24    2.99
 152141.930    -6.533    -0.11    4.38
 152518.151    -5.204     3.53    5.66
 152894.352    -2.542     7.07    6.86
 153270.532    -2.359     0.49    6.47
 153646.693    -5.346    -7.94    6.55
 154022.832    -8.248    -7.72    6.35
 154398.952   -11.759    -9.33    2.86
 154775.051   -12.737    -2.60    0.00
 155151.130   -12.715     0.06    0.15
 155527.188   -12.464     0.67    2.29
 155903.226    -9.515     7.84    5.98
 156279.244    -6.382     8.33    6.61
 156655.241    -3.760     6.97    6.17
 157031.218    -3.020     1.97    5.61
 157407.175    -3.601    -1.55    6.52
 157783.111    -4.493    -2.37    6.74
 158159.027    -3.128     3.63    7.17
 158534.923    -1.404     4.59    6.54
 158910.799     0.107     4.02    5.67
 159286.654     0.967     2.29    4.95
 159662.489     0.872    -0.25    4.09
 160038.304    -0.055    -2.47    4.47
 160414.098    -0.563    -1.35    5.02
 160789.872    -2.085    -4.05    5.72
 161165.626    -3.078    -2.64    6.24
 161541.360    -4.159    -2.88    5.94
 161917.073    -5.785    -4.33    4.99
 162292.766    -6.346    -1.49    4.20
 162668.439    -6.594    -0.66    3.43
 163044.092    -7.093    -1.33    2.80
 163419.724    -8.337    -3.31    1.94
 163795.336    -8.260     0.21    2.34
 164170.928    -8.026     0.62    2.59
 164546.500    -8.261    -0.63    2.58
 164922.051    -8.646    -1.03    3.06
 165297.583    -8.666    -0.05    3.00
 165673.094    -8.515     0.40    3.04
 166048.585    -7.982     1.42    2.79
 166424.055    -8.055    -0.20    2.69
 166799.506    -7.982     0.20    2.81
 167174.936    -7.312     1.78    3.12
 167550.346    -6.715     1.59    3.47
 167925.736    -5.716     2.66    4.16
 168301.106    -5.982    -0.71    4.13
 168676.456    -6.802    -2.19    3.29
 169051.785    -7.150    -0.93    2.22
 169427.094    -6.411     1.97    3.58
 169802.384    -5.830     1.55    4.17
 170177.653    -5.293     1.43    4.42
 170552.902    -5.237     0.15    3.51
 170928.130    -5.237     0.00    3.59
 171303.339    -5.150     0.23    3.63
 171678.528    -5.169    -0.05    3.59
 172053.696    -6.433    -3.37    3.72
 172428.844    -5.672     2.03    4.25
 172803.973    -5.215     1.22    4.20
 173179.081    -4.537     1.81    3.60
 173554.169    -3.942     1.59    2.95
 173929.237    -4.889    -2.53    2.76
 174304.285    -6.328    -3.84    2.90
 174679.312    -7.609    -3.42    1.94
 175054.320    -8.607    -2.66    1.54
 175429.308    -8.694    -0.23    2.14
 175804.275    -8.826    -0.35    2.07
 176179.223    -9.086    -0.69    2.15
 176554.150    -9.515    -1.14    1.76
 176929.058    -9.428     0.23    1.55
 177303.945    -9.889    -1.23    1.07
 177678.812    -9.693     0.52    1.09
 178053.660    -9.650     0.11    1.19
 178428.487    -9.692    -0.11    1.14
 178803.294    -9.896    -0.55    1.22
 179178.081   -10.078    -0.49    1.14
 179552.849   -10.237    -0.42    1.11
 179927.596   -10.226     0.03    1.18
 180302.323   -10.260    -0.09    1.36
 180677.030   -10.582    -0.86    1.36
 181051.717   -10.426     0.42    1.62
 181426.385   -10.570    -0.39    1.71
 181801.032   -10.646    -0.20    1.81
 182175.659   -10.951    -0.81    1.77
 182550.267   -10.893     0.16    1.69
 182924.854   -10.805     0.23    1.61
 183299.421   -10.870    -0.17    1.49
 183673.969   -10.915    -0.12    1.43
 184048.496   -10.856     0.16    1.63
 184423.004   -11.070    -0.57    1.54
 184797.491   -10.951     0.32    1.52
 185171.959   -10.537     1.11    1.79
 185546.407   -10.333     0.55    1.93
 185920.834   -10.055     0.74    1.95
 186295.242   -10.026     0.08    1.70
 186669.630   -10.123    -0.26    2.25
 187043.998    -9.585     1.44    2.24
 187418.346    -9.951    -0.98    1.72
 187792.675   -10.159    -0.56    1.66
 188166.983   -10.487    -0.88    1.50
 188541.271   -10.487     0.00    1.28
 188915.540   -10.493    -0.01    1.43
 189289.789   -10.498    -0.01    1.65
 189664.018   -10.907    -1.09    1.74
 190038.226   -11.093    -0.50    1.72
 190412.416   -11.628    -1.43    1.59
 190786.585   -12.115    -1.30    1.56
 191160.734   -12.487    -0.99    1.87
 191534.864   -13.337    -2.27    1.99
 191908.973   -13.648    -0.83    2.11
 192283.063   -13.503     0.39    2.10
 192657.133   -13.293     0.56    1.93
 193031.183   -12.976     0.85    1.25
 193405.214   -12.783     0.52    1.43
 193779.224   -12.893    -0.29    1.38
 194153.215   -13.315    -1.13    1.44
 194527.186   -13.260     0.15    1.50
 194901.137   -13.346    -0.23    1.71
 195275.068   -13.337     0.02    1.66
 195648.980   -13.315     0.06    1.69
 196022.871   -13.454    -0.37    1.81
 196396.743   -13.646    -0.51    1.84
 196770.595   -13.937    -0.78    1.77
 197144.428   -13.975    -0.10    1.69
 197518.240   -13.672     0.81    1.64
 197892.033   -13.601     0.19    1.64
 198265.806   -13.476     0.33    1.60
 198639.560   -13.351     0.34    1.65
 199013.293   -13.346     0.01    1.77
 199387.007   -13.337     0.02    1.50
 199760.701   -13.404    -0.18    1.51
 200134.376   -13.648    -0.65    1.52
 200508.030   -13.859    -0.56    1.47
 200881.665   -13.824     0.09    1.33
 201255.280   -13.805     0.05    1.26
 201628.876   -13.942    -0.36    1.09
 202002.452   -13.915     0.07    1.05
 202376.008   -13.993    -0.21    1.09
 202749.544   -14.305    -0.84    1.04
 203123.061   -14.537    -0.62    1.04
 203496.558   -14.582    -0.12    1.19
 203870.035   -14.551     0.08    1.35
 204243.493   -14.426     0.33    1.46
 204616.930   -14.004     1.13    1.51
 204990.349   -13.689     0.84    1.50
 205363.747   -13.283     1.09    1.55
 205737.126   -12.785     1.33    1.56
 206110.486   -12.692     0.25    1.52
 206483.825   -12.853    -0.43    1.38
 206857.145   -13.048    -0.52    1.38
 207230.446   -13.137    -0.24    1.37
 207603.726   -13.010     0.34    1.19
 207976.987   -13.137    -0.34    1.19
 208350.229   -13.462    -0.87    1.15
 208723.451   -13.623    -0.43    1.10
 209099.510   -13.442     0.48    1.39
 209476.670   -12.714     1.93    2.56
 209853.810   -12.515     0.53    3.13
 210230.930   -12.582    -0.18    3.40
 210608.029   -12.781    -0.53    2.96
 210985.109   -13.094    -0.83    3.04
 211362.169   -12.987     0.28    2.15
 211739.208   -12.623     0.96    2.18
 212116.228   -12.041     1.54    3.60
 212493.228   -12.270    -0.61    3.56
 212870.207   -13.260    -2.62    2.39
 213247.167   -13.737    -1.27    1.41
 213624.106   -13.623     0.30    1.32
 214001.026   -13.626    -0.01    1.09
 214377.925   -13.582     0.12    1.00
 214754.805   -13.601    -0.05    1.13
 215131.665   -13.802    -0.53    1.25
 215508.504   -14.070    -0.71    1.41
 215885.324   -14.115    -0.12    1.47
 216262.124   -14.192    -0.20    1.19
 216638.903   -14.109     0.22    1.35
 217015.663   -14.026     0.22    1.29
 217392.403   -14.047    -0.05    1.41
 217769.123   -14.389    -0.91    1.82
 218145.823   -14.237     0.40    1.95
 218522.503   -13.896     0.90    1.68
 218899.163   -13.915    -0.05    1.56
 219275.803   -14.039    -0.33    1.52
 219652.423   -14.260    -0.59    1.45
 220029.024   -14.523    -0.70    1.46
 220405.604   -14.510     0.03    1.49
 220782.165   -14.626    -0.31    1.37
 221158.705   -14.714    -0.23    1.57
 221535.226   -14.870    -0.42    1.56
 221911.727   -15.412    -1.44    1.42
 222288.208   -12.260     8.37    5.94
 222664.669    -8.737     9.36    6.53
 223041.110    -6.396     6.22    6.16
 223417.531    -4.559     4.88    4.47
 223793.933    -5.782    -3.25    4.69
 224170.315    -6.302    -1.38    4.45
 224546.676    -6.309    -0.02    3.87
 224923.018    -6.893    -1.55    3.88
 225299.340    -9.714    -7.50    5.24
 225675.643   -12.694    -7.92    4.77
 226051.925   -15.293    -6.91    2.53
 226428.187   -15.737    -1.18    1.70
 226804.430   -13.099     7.01    4.62
 227180.653    -9.760     8.87    5.70
 227556.856    -6.870     7.68    4.67
 227933.040    -4.559     6.14    3.71
 228309.203    -4.137     1.12    4.08
 228685.347    -3.971     0.44    4.19
 229061.471    -3.783     0.50    3.94
 229437.575    -4.670    -2.36    4.13
 229813.659    -5.555    -2.35    3.67
 230189.724    -6.078    -1.39    3.96
 230565.769    -6.604    -1.40    3.88
 230941.794    -5.574     2.74    3.46
 231317.799    -4.781     2.11    2.90
 231693.785    -4.848    -0.18    2.72
 232069.750    -5.976    -3.00    3.50
 232445.696    -7.146    -3.11    4.78
 232821.623    -8.828    -4.47    5.48
 233197.529   -10.448    -4.31    5.62
 233573.416   -11.212    -2.03    5.09
 233949.283   -11.315    -0.27    4.43
 234325.130   -10.964     0.93    4.24
 234700.958    -9.578     3.69    3.52
 235076.766   -10.315    -1.96    4.02
 235452.554   -10.666    -0.93    4.72
 235828.323   -10.192     1.26    5.76
 236204.072    -9.957     0.63    5.96
 236579.801   -10.515    -1.49    6.06
 236955.510   -11.328    -2.16    5.97
 237331.200   -12.601    -3.39    6.06
 237706.870   -12.493     0.29    6.04
 238082.521   -12.786    -0.78    5.74
 238458.151   -11.419     3.64    5.54
 238833.762   -10.261     3.08    5.27
 239209.354    -9.426     2.22    4.66
 239584.926    -7.404     5.38    2.35
 239960.478    -6.533     2.32    2.30
 240336.010    -6.324     0.56    3.65
 240711.523    -7.809    -3.95    5.75
 241087.016   -10.804    -7.98    6.56
 241462.490   -14.272    -9.23    5.05
 241837.944   -15.646    -3.66    3.73
 242213.378   -16.537    -2.37    2.10
 242588.793   -16.563    -0.07    1.69
 242964.188   -16.715    -0.41    1.69
 243339.564   -15.225     3.97    3.91
 243714.920   -13.937     3.43    4.75
 244090.256   -13.487     1.20    4.54
 244465.573   -13.555    -0.18    4.38
 244840.870   -14.782    -3.27    3.80
 245216.148   -16.351    -4.18    1.67
 245591.406   -16.846    -1.32    1.64
 245966.644   -17.302    -1.22    1.57
 246341.863   -17.693    -1.04    1.61
 246717.063   -17.870    -0.47    1.65
 247092.242   -17.919    -0.13    1.43
 247467.403   -18.607    -1.83    1.41
 247842.543   -19.510    -2.41    2.03
 248217.665   -20.337    -2.20    2.39
 248592.766   -20.346    -0.02    2.31
 248967.848   -20.237     0.29    2.58
 249342.911   -20.070     0.44    2.61
 249717.954   -19.621     1.20    2.55
 250092.978   -19.204     1.11    2.64
 250467.982   -18.785     1.12    2.36
 250842.966   -18.460     0.86    2.34
 251217.931   -18.283     0.47    2.02
 251592.877   -18.020     0.70    1.93
 251967.803   -17.896     0.33    2.23
 252342.710   -18.356    -1.23    2.22
 252717.597   -18.533    -0.47    2.44
 253092.464   -18.469     0.17    2.32
 253467.313   -18.470    -0.00    2.10
 253842.141   -18.101     0.99    1.63
 254216.951   -17.942     0.42    1.65
 254591.740   -17.737     0.55    2.06
 254966.511   -16.574     3.10    2.89
 255341.262   -13.964     6.96    4.06
 255715.993   -11.908     5.49    3.85
 256090.705   -10.804     2.95    2.93
 256465.398   -11.448    -1.72    3.62
 256840.071   -12.070    -1.66    3.83
 257214.725   -13.293    -3.26    4.33
 257589.359   -13.883    -1.58    4.90
 257963.974   -14.123    -0.64    4.99
 258338.570   -13.458     1.78    4.86
 258713.146   -11.759     4.53    5.02
 259087.703   -10.033     4.61    4.07
 259462.240    -9.533     1.33    3.08
 259836.758    -9.693    -0.43    3.85
 260211.257   -11.396    -4.55    4.79
 260585.736   -13.760    -6.31    5.38
 260960.196   -15.809    -5.47    4.41
 261334.636   -16.283    -1.27    2.60
 261709.058   -15.433     2.27    2.92
 262083.459   -14.237     3.19    2.49
 262457.842   -14.259    -0.06    2.81
 262832.205   -15.189    -2.49    3.12
 263206.549   -14.715     1.27    3.15
 263580.873   -14.809    -0.25    3.09
 263955.178   -13.783     2.74    2.57
 264329.464   -13.132     1.74    2.64
 264703.730   -12.956     0.47    2.80
