#  137.000  -3.513   6.074 ;Mean Elev.(m), Avg Gradient(m/km), RMS Gradient(m/km) - SRTM1     
#  140.877  -3.420   6.146 ;Mean Elev.(m), Avg Gradient(m/km), RMS Gradient(m/km) - ASTER GDEM
#  137.453  -3.558   6.583 ;Mean Elev.(m), Avg Gradient(m/km), RMS Gradient(m/km) - GMTED2010 
  7 268.733606  39.658335   140.282   140.624  3 52444.69001777 25.897
  8 268.736258  39.652603   140.417   140.454  3 52479.69001173 45.731
  9 268.742470  39.648344   139.986   139.986  2 52514.68995968 50.240
 10 268.740734  39.648114   140.058   139.991  3 52549.69000505 28.010
 11 268.745296  39.646210   139.929   139.929  2 52584.68998927 26.407
 12 268.735106  39.654764   140.281   139.895  3 52619.68996682 50.979
 13 268.747676  39.644243   139.826   139.826  2 52654.68995496 42.186
 15 268.741875  39.649309   139.945   139.945  3 52724.68999284 32.770
 16 268.728892  39.660575   141.818   141.903  3 52759.69000997 19.666
 17 268.747483  39.642774   140.048   140.048  2 52794.68996802 27.575
 18 268.749255  39.642926   139.771   139.771  2 52829.69003501 42.564
 19 268.748758  39.642427   140.127   140.127  2 52864.69007955 26.955
 20 268.737781  39.651350   140.189   140.087  4 52899.69010729 23.977
 21 268.734924  39.655065   139.988   139.763  4 52934.69005013 33.676
 23 268.735209  39.654865   140.324   140.303  4 53004.69008463 34.055
 25 268.736795  39.651730   140.315   139.952  3 53074.69006573 24.385
 26 268.739850  39.650454   140.481   140.488  3 53109.69003558 49.798
 27 268.740205  39.648856   140.406   140.347  3 53144.69007701 36.020
 28 268.742858  39.646558   141.599   141.599  2 53179.69009157 44.191
 29 268.739439  39.652072   140.358   140.467  3 53214.69011246 33.902
 30 268.737759  39.652778   139.753   139.767  3 53249.69008224 50.582
 31 268.740428  39.650380   140.242   140.142  3 53284.69007885 27.294
 32 268.746623  39.644013   140.043   140.043  2 53319.69006730 21.293
 33 268.741980  39.647263   139.966   139.870  3 53354.69003444 26.879
 34 268.743517  39.647040   139.921   139.921  2 53389.69003916 39.646
 35 268.744169  39.647105   139.728   139.814  3 53424.69003750 40.604
 36 268.749026  39.644235   140.174   140.174  2 53459.69004283 20.200
 37 268.736169  39.654934   140.594   140.795  3 53494.69012626 50.890
 38 268.745085  39.646350   140.117   139.930  3 53529.69010250 32.314
 39 268.734360  39.656022   140.098   140.097  4 53564.69013198 33.384
 40 268.740495  39.649893   139.870   139.877  3 53599.69007487 24.751
 41 268.741078  39.649256   139.805   139.759  3 53634.69007143 25.687
 42 268.736819  39.651679   140.092   139.809  3 53669.69009279 35.769
 43 268.743530  39.646831   140.027   139.775  3 53704.69003102 37.225
 44 268.738937  39.651639   139.972   139.536  3 53739.68994045 24.112
 45 268.746309  39.643696   139.789   139.789  2 53774.68996119 43.581
 46 268.738986  39.650276   139.789   139.766  3 53809.68994345 50.614
 47 268.741494  39.649120   140.418   140.479  3 53844.68998552 49.118
 48 268.745329  39.645180   140.146   139.875  3 53879.69001498 29.185
 49 268.735614  39.653858   140.020   139.871  4 53914.69006970 51.083
 50 268.732735  39.656160   139.987   139.764  3 53949.69007976 34.402
 51 268.737529  39.651992   140.172   139.967  4 53984.69001876 40.443
 52 268.744795  39.646220   139.961   139.961  2 54019.69005500 26.140
 53 268.748699  39.643156   137.099   139.721  3 54054.69004670 34.402
 54 268.739824  39.650583   139.852   139.843  3 54089.69003491 26.902
 56 268.740219  39.650442   140.026   140.143  3 54159.69000121 30.855
 57 268.744926  39.646323   140.898   140.898  2 54194.68996313 30.197
 58 268.741379  39.647567   140.462   140.458  3 54229.69001372 52.023
 59 268.742013  39.647592   139.879   139.898  3 54264.69003174 32.994
 60 268.742341  39.648130   139.959   139.959  2 54299.69003573 26.548
 61 268.739942  39.649533   140.007   139.910  3 54334.69002535 30.048
 63 268.739991  39.650343   140.281   139.943  3 54404.68996941 34.954
 64 268.746106  39.645287   140.005   139.827  3 54439.68992743 25.977
 65 268.743344  39.647098   140.410   140.410  2 54474.68995661 49.660
 66 268.744812  39.644432   139.987   139.987  2 54509.68994103 39.869
 67 268.740779  39.648414   140.591   140.378  3 54544.68997069 32.972
 68 268.742831  39.646965   142.099   141.861  3 54579.68993844 37.030
 69 268.742017  39.648799   140.537   140.403  3 54614.68996024 42.881
 70 268.740946  39.649516   142.827   142.827  2 54649.68997088 32.860
 71 268.738853  39.649046   140.289   140.048  3 54684.68996661 49.720
 72 268.746156  39.644464   140.423   140.412  3 54719.68991568 22.248
 73 268.741272  39.648731   140.253   140.436  3 54754.68994084 24.998
 74 268.744343  39.646950   140.404   140.275  3 54789.68990918 33.472
 76 268.745859  39.644754   139.844   139.844  2 54859.68990252 33.633
 77 268.738493  39.650201   140.251   140.455  3 54894.68993789 22.350
 78 268.743032  39.647547   140.270   140.270  2 54929.68990101 27.024
 79 268.740822  39.648970   140.170   140.170  2 54964.68993755 24.589
 80 268.738817  39.650972   140.447   140.125  3 54999.68995789 48.869
 81 268.742480  39.647564   140.145   140.164  3 55034.68994443 26.856
 82 268.739303  39.651490   140.011   140.018  3 55069.68993349 22.301
 83 268.743570  39.646708   140.094   140.094  2 55104.68987547 35.682
 84 268.740673  39.648118   140.968   140.949  3 55139.68988186 40.946
 85 268.746116  39.644385   140.198   140.198  2 55174.68984268 23.287
 88 268.739213  39.650977   141.998   141.766  3 55279.68987043 52.669
 89 268.741446  39.649354   141.162   140.907  3 55314.68983522 31.592
 90 268.739885  39.649282   140.225   140.233  3 55349.68984190 28.043
 91 268.743181  39.647209   141.823   141.814  3 55384.68983505 47.924
 92 268.742433  39.648105   141.287   141.034  3 55419.68986050 30.153
 93 268.738791  39.650768   140.280   140.144  4 55454.68983811 38.715
 94 268.736943  39.651613   140.013   140.019  3 55489.68975748 47.567
