#    1.000   0.342   1.907 ;Mean Elev.(m), Avg Gradient(m/km), RMS Gradient(m/km) - SRTM1     
#    8.521   0.463   2.641 ;Mean Elev.(m), Avg Gradient(m/km), RMS Gradient(m/km) - ASTER GDEM
#    2.155   0.365   1.943 ;Mean Elev.(m), Avg Gradient(m/km), RMS Gradient(m/km) - GMTED2010 
  6     5.019 52442.15377897 27.44 269.717959  29.965306 19.377
  6     5.088 52442.15377961 22.06 269.717069  29.968586 19.377
  7     1.607 52477.15377445 29.25 269.722981  29.964766 13.164
  7     2.432 52477.15377510 23.21 269.722091  29.968056 13.164
  7     4.316 52477.15377574 22.72 269.721201  29.971336 13.164
  9     2.966 52547.15375336 19.93 269.724951  29.965629 28.667
  9     1.013 52547.15375401 21.40 269.724060  29.968923 38.452
  9     1.070 52547.15375465 22.07 269.723170  29.972203 38.452
 10     6.449 52582.15376492 26.61 269.728599  29.966388 11.691
 10     3.860 52582.15376556 22.19 269.727709  29.969678 11.691
 11     8.518 52617.15373673 17.40 269.727327  29.965504 14.047
 11     2.981 52617.15373738 17.56 269.726437  29.968794 14.047
 11     2.801 52617.15373802 18.77 269.725547  29.972074 14.047
 12     3.931 52652.15371211 19.25 269.734097  29.966696  9.233
 12     4.017 52652.15371275 28.65 269.733207  29.969976  9.233
 13     3.975 52687.15370801 20.51 269.732622  29.967637 10.290
 13     4.792 52687.15370866 20.16 269.731732  29.970917 10.290
 14     6.658 52722.15375558 21.46 269.727526  29.965016  9.521
 14     3.763 52722.15375622 21.17 269.726636  29.968306  9.521
 14     3.672 52722.15375687 19.35 269.725746  29.971596  9.521
 15     2.661 52757.15377828 21.93 269.718452  29.965501 19.088
 15     2.508 52757.15377893 21.72 269.717572  29.968791 19.088
 17     5.012 52827.15379815 23.75 269.728773  29.967848 17.623
 17     5.126 52827.15379880 21.38 269.727883  29.971138 17.623
 18     6.328 52862.15384313 20.38 269.731416  29.966533 10.435
 18     1.755 52862.15384377 19.28 269.730526  29.969813 10.435
 19     6.518 52897.15387282 21.44 269.727439  29.965048 12.415
 19     3.511 52897.15387346 20.25 269.726549  29.968338 12.415
 19     2.088 52897.15387411 20.20 269.725669  29.971628 12.415
 20     2.656 52932.15381981 32.76 269.728441  29.966634  9.758
 20     1.092 52932.15382046 23.65 269.727551  29.969914  9.758
 21     1.837 52967.15382228 21.46 269.727181  29.966969  9.692
 21     1.532 52967.15382293 20.43 269.726291  29.970259  9.692
 22     3.006 53002.15384886 18.82 269.721717  29.966423 17.229
 22     2.084 53002.15384951 20.57 269.720827  29.969713 17.229
 23     4.258 53037.15379781 24.71 269.728091  29.965183 12.300
 23     4.728 53037.15379846 19.71 269.727211  29.968473 12.300
 23     5.170 53037.15379910 20.56 269.726321  29.971763 12.300
 24     3.599 53072.15382260 18.48 269.726648  29.967716 19.914
 24     2.803 53072.15382324 18.87 269.725755  29.971012 30.693
 25     5.100 53107.15379858 30.73 269.728800  29.965818 12.717
 25     4.317 53107.15379923 22.26 269.727920  29.969108 12.717
 25     5.080 53107.15379987 22.84 269.727030  29.972398 12.717
 26     3.869 53142.15383071 24.40 269.726562  29.964545 26.944
 26     4.139 53142.15383135 23.01 269.725674  29.967842 33.429
 26     5.181 53142.15383200 20.29 269.724784  29.971122 33.429
 28     6.398 53212.15387592 18.62 269.726518  29.965337 19.325
 28     3.491 53212.15387657 16.60 269.725628  29.968627 19.325
 28     3.007 53212.15387721 17.61 269.724738  29.971917 19.325
 29     4.273 53247.15384465 25.27 269.730794  29.966996 10.185
 29     1.160 53247.15384529 25.24 269.729904  29.970286 10.185
 30     3.069 53282.15383269 17.68 269.722487  29.964172 22.707
 30     2.282 53282.15383333 18.52 269.721596  29.967467 27.509
 30     2.190 53282.15383398 18.27 269.720706  29.970747 27.509
 31     5.134 53317.15383862 23.56 269.728969  29.967928 10.244
 31     2.987 53317.15383926 20.69 269.728079  29.971208 10.244
 32     4.044 53352.15380382 22.35 269.734577  29.966781 15.898
 32     4.351 53352.15380446 22.60 269.733687  29.970071 15.898
 33     4.512 53387.15379460 19.20 269.724280  29.966383 20.310
 33     4.774 53387.15379525 20.08 269.723389  29.969678 31.629
 34     3.825 53422.15379610 21.57 269.735645  29.966473 14.159
 34     4.225 53422.15379675 20.59 269.734755  29.969763 14.159
 35     7.553 53457.15380144 20.69 269.729121  29.965300 12.774
 35     3.649 53457.15380208 17.54 269.728231  29.968590 12.774
 35     2.200 53457.15380273 18.48 269.727341  29.971870 12.774
 36     4.095 53492.15388671 19.16 269.720593  29.963357 20.611
 36     4.594 53492.15388735 17.70 269.719703  29.966647 20.611
 36     5.093 53492.15388800 18.26 269.718813  29.969937 20.611
 37     6.463 53527.15386787 18.14 269.732349  29.967322  9.040
 37     2.002 53527.15386852 18.09 269.731459  29.970612  9.040
 38     4.077 53562.15389635 17.33 269.723330  29.964270 16.152
 38     3.668 53562.15389700 17.75 269.722440  29.967560 16.152
 38     4.663 53562.15389764 19.15 269.721550  29.970850 16.152
 39     1.277 53597.15383608 19.52 269.734578  29.967819  9.580
 39     0.499 53597.15383673 19.92 269.733688  29.971109  9.580
 40     2.074 53632.15383117 20.49 269.719891  29.965744 20.764
 40     1.080 53632.15383181 20.70 269.719001  29.969024 20.764
 41     3.421 53667.15385325 16.62 269.723690  29.964792 10.747
 41     2.040 53667.15385389 17.34 269.722800  29.968082 10.747
 41     0.935 53667.15385454 18.71 269.721920  29.971362 10.747
 42     3.736 53702.15380042 18.95 269.733619  29.966807 10.150
 42     1.443 53702.15380106 19.99 269.732729  29.970097 10.150
 43     3.032 53737.15371078 22.23 269.737533  29.969432  9.524
 43     2.498 53737.15371142 23.47 269.736653  29.972712  9.524
 44     4.119 53772.15371906 19.60 269.733024  29.966608  9.751
 44     2.793 53772.15371970 21.19 269.732134  29.969888  9.751
 45     3.151 53807.15370845 17.98 269.734586  29.968078  9.480
 45     1.067 53807.15370910 18.85 269.733706  29.971358  9.480
 47     8.402 53877.15377726 17.07 269.729261  29.968056  8.606
 47     2.359 53877.15377791 17.30 269.728371  29.971346  8.606
 48     1.024 53912.15382800 26.54 269.721331  29.965435 21.429
 48     1.192 53912.15382865 23.11 269.720441  29.968715 21.429
 49     1.182 53947.15384377 23.93 269.720768  29.964192 12.182
 49     1.126 53947.15384442 21.54 269.719878  29.967482 12.182
 49     0.906 53947.15384506 21.50 269.718988  29.970762 12.182
 50     0.768 53982.15378730 20.92 269.729028  29.968247  8.325
 50     0.674 53982.15378795 21.71 269.728138  29.971537  8.325
 51     1.461 54017.15381316 20.71 269.726728  29.967529  9.941
 51     1.345 54017.15381380 20.68 269.725838  29.970819  9.941
 52     1.851 54052.15380913 20.89 269.735998  29.967459  7.774
 52     2.004 54052.15380977 19.73 269.735108  29.970749  7.774
 53     1.962 54087.15380089 21.20 269.731168  29.966544  6.481
 53     1.625 54087.15380154 21.67 269.730278  29.969834  6.481
 54     3.928 54122.15372547 27.71 269.733975  29.967412 12.450
 54     4.519 54122.15372612 27.26 269.733095  29.970692 12.450
 55     3.654 54157.15376277 20.80 269.727362  29.967975 15.795
 55     3.489 54157.15376341 19.82 269.726472  29.971255 15.795
 56     6.252 54192.15372424 18.97 269.732659  29.966955  7.119
 56     4.093 54192.15372488 19.23 269.731769  29.970245  7.119
 57     3.573 54227.15377446 21.32 269.726900  29.967611 14.902
 57     4.861 54227.15377511 20.34 269.726010  29.970901 14.902
 58     7.597 54262.15379345 37.14 269.728768  29.965058 14.624
 58     3.824 54262.15379409 20.47 269.727878  29.968338 14.624
 58     3.080 54262.15379474 19.36 269.726988  29.971628 14.624
 59     4.299 54297.15379822 26.27 269.729692  29.967102 15.257
 59     4.514 54297.15379886 21.87 269.728802  29.970392 15.257
 60     3.383 54332.15378914 18.99 269.731177  29.969136  8.455
 60     1.522 54332.15378978 19.32 269.730287  29.972416  8.455
 61     4.095 54367.15373072 19.29 269.731957  29.968387  8.038
 61     4.459 54367.15373136 19.94 269.731067  29.971677  8.038
 62     3.624 54402.15373147 17.76 269.729889  29.967473 10.146
 62     3.842 54402.15373211 18.24 269.728999  29.970753 10.146
 63     1.099 54437.15368846 20.67 269.730582  29.967101  7.646
 63     0.812 54437.15368910 20.65 269.729692  29.970381  7.646
 64     6.205 54472.15371623 23.73 269.729522  29.966098 10.363
 64     3.927 54472.15371688 20.78 269.728622  29.969378 10.363
 64     1.419 54472.15371752 20.93 269.727742  29.972668 10.363
 65     4.023 54507.15370023 20.40 269.732086  29.967437 12.342
 65     4.400 54507.15370087 21.52 269.731206  29.970727 12.342
 66     4.164 54542.15373130 20.70 269.729684  29.968763  8.682
 66     4.277 54542.15373194 19.02 269.728794  29.972053  8.682
 67     5.760 54577.15370240 21.79 269.732373  29.966505 11.876
 67     5.868 54577.15370304 19.61 269.731483  29.969795 11.876
 68     4.497 54612.15372248 24.91 269.729677  29.966721 18.200
 68     4.863 54612.15372312 22.09 269.728785  29.970000 27.440
 69     7.112 54647.15372897 34.52 269.728731  29.965057 13.924
 69     4.494 54647.15372961 25.86 269.727851  29.968347 13.924
 69     3.793 54647.15373026 22.07 269.726958  29.971634 31.538
 70     5.137 54682.15373042 22.44 269.729189  29.968149 15.048
 70     3.570 54682.15373107 18.25 269.728298  29.971436 27.781
 71     3.597 54717.15367868 20.30 269.733032  29.967634 13.089
 71     1.941 54717.15367932 21.25 269.732142  29.970924 13.089
 72     4.118 54752.15370196 16.40 269.727390  29.966193 18.383
 72     3.235 54752.15370261 16.54 269.726504  29.969490 31.182
 73     7.439 54787.15366809 17.67 269.731233  29.966680  8.729
 73     1.081 54787.15366873 18.95 269.730343  29.969970  8.729
 74     9.871 54822.15369587 16.65 269.728270  29.965188 12.496
 74     3.538 54822.15369651 18.17 269.727384  29.968484 24.543
 74     3.155 54822.15369716 18.96 269.726494  29.971764 24.543
 75     2.872 54857.15366463 25.38 269.731633  29.967499 10.283
 75     2.607 54857.15366527 24.93 269.730743  29.970789 10.283
 76     3.164 54892.15369891 17.53 269.728146  29.966650 12.680
 76     2.467 54892.15369955 18.67 269.727255  29.969936 21.377
 77     4.349 54927.15366267 28.14 269.730833  29.967211 12.401
 77     3.873 54927.15366332 19.26 269.729943  29.970491 12.401
 78     4.335 54962.15369827 31.68 269.727270  29.964990 17.616
 78     5.487 54962.15369891 25.10 269.726375  29.968287 28.499
 78     4.125 54962.15369956 17.03 269.725485  29.971567 28.499
 79     4.712 54997.15371922 21.00 269.726734  29.965564 16.505
 79     4.651 54997.15371987 20.55 269.725842  29.968852 29.419
 79     4.723 54997.15372051 23.12 269.724952  29.972132 29.419
 80     5.066 55032.15370880 19.66 269.728376  29.966854 13.209
 80     3.405 55032.15370945 19.39 269.727484  29.970141 30.880
 81     6.702 55067.15369776 20.58 269.731430  29.965872 12.526
 81     3.584 55067.15369841 20.02 269.730540  29.969162 12.526
 81     1.463 55067.15369905 21.01 269.729651  29.972440 30.866
 82     5.989 55102.15363783 20.09 269.731263  29.967053 11.237
 82     4.068 55102.15363848 18.88 269.730373  29.970343 11.237
 83     5.185 55137.15364399 22.52 269.728067  29.967670 16.074
 83     3.867 55137.15364464 20.86 269.727182  29.970965 32.406
 84     4.498 55172.15360563 22.68 269.731796  29.966782 12.904
 84     4.558 55172.15360628 19.44 269.730906  29.970072 12.904
 85     5.745 55207.15363805 29.67 269.727769  29.966144 18.427
 85     4.429 55207.15363869 21.46 269.726883  29.969441 25.333
 85     4.220 55207.15363933 20.60 269.725993  29.972721 25.333
 86     4.738 55242.15361092 25.33 269.730841  29.968818 14.345
 86     5.019 55242.15361156 29.56 269.729951  29.972108 14.345
 87     4.684 55277.15363176 18.56 269.729444  29.966680 11.277
 87     3.654 55277.15363240 18.68 269.728555  29.969975 24.000
 88     4.471 55312.15359625 22.76 269.731739  29.967343 14.239
 88     5.682 55312.15359690 18.45 269.730849  29.970633 14.239
 89     4.422 55347.15360231 25.65 269.729792  29.968102 27.949
 89     4.696 55347.15360295 20.37 269.728902  29.971392 27.949
 90     4.511 55382.15359339 23.13 269.729767  29.967842 16.161
 90     3.937 55382.15359403 19.40 269.728878  29.971138 32.041
 91     8.213 55417.15362098 27.19 269.728073  29.965678 17.257
 91     3.331 55417.15362162 18.71 269.727187  29.968974 30.361
 91     2.806 55417.15362227 18.21 269.726297  29.972254 30.361
 92     6.241 55452.15360359 18.32 269.731657  29.967549 12.455
 92     1.685 55452.15360423 19.06 269.730767  29.970839 12.455
 93     1.285 55487.15352595 21.36 269.733948  29.968364 14.248
 93     1.326 55487.15352660 21.09 269.733058  29.971654 14.248
