#    0.000   0.034   0.249 ;Mean Elev.(m), Avg Gradient(m/km), RMS Gradient(m/km) - SRTM1     
#   26.204   1.346   4.749 ;Mean Elev.(m), Avg Gradient(m/km), RMS Gradient(m/km) - ASTER GDEM
#    0.788   0.075   0.539 ;Mean Elev.(m), Avg Gradient(m/km), RMS Gradient(m/km) - GMTED2010 
  7     0.772 52451.67808909 25.35 270.708896  29.230759 24.000
  7    -0.004 52451.67808974 28.84 270.708016  29.227469 24.000
  7    -0.916 52451.67809038 31.35 270.707136  29.224179 24.000
  7     0.729 52451.67809103 27.36 270.706256  29.220889 24.000
  8     0.258 52486.67807284 25.81 270.713715  29.223431 30.557
  8     0.089 52486.67807349 21.67 270.712835  29.220141 30.557
  8    -0.133 52486.67807413 22.46 270.711955  29.216851 30.557
  8     0.309 52486.67807478 25.56 270.711075  29.213571 30.557
  9     0.739 52521.67804174 24.16 270.711862  29.224718 27.129
  9     0.445 52521.67804238 22.66 270.710982  29.221438 27.129
  9     0.391 52521.67804303 22.97 270.710102  29.218148 27.129
  9     0.677 52521.67804367 25.69 270.709222  29.214858 27.129
 11     0.973 52591.67808567 23.21 270.710576  29.227643 25.055
 11     0.722 52591.67808631 25.45 270.709696  29.224353 25.055
 11    -0.292 52591.67808696 29.90 270.708816  29.221073 25.055
 11    -0.182 52591.67808760 33.84 270.707936  29.217783 25.055
 12    -0.449 52626.67800647 32.64 270.722466  29.207712 25.168
 12    -0.880 52626.67800711 31.02 270.721586  29.204422 25.168
 12    -0.395 52626.67800775 27.26 270.720706  29.201132 25.168
 13     1.105 52661.67804989 29.19 270.713403  29.224684 24.977
 13     0.282 52661.67805053 28.32 270.712523  29.221404 24.977
 13     0.014 52661.67805117 28.10 270.711643  29.218114 24.977
 13     0.366 52661.67805182 27.47 270.710763  29.214824 24.977
 14     1.103 52696.67802913 28.47 270.718998  29.215178 29.267
 14     0.360 52696.67802978 25.32 270.718118  29.211888 29.267
 14     0.475 52696.67803042 23.64 270.717238  29.208598 29.267
 14     0.806 52696.67803107 23.30 270.716358  29.205308 29.267
 15     0.527 52731.67805483 24.53 270.718481  29.215839 11.219
 15     0.406 52731.67805547 20.98 270.717601  29.212549 11.219
 15     0.284 52731.67805612 20.15 270.716721  29.209259 11.219
 15     0.653 52731.67805676 19.97 270.715851  29.205969 11.219
 16     0.111 52766.67806156 22.65 270.707034  29.229199 17.880
 16     0.371 52766.67806220 21.56 270.706154  29.225919 17.880
 16     0.750 52766.67806285 22.26 270.705274  29.222629 17.880
 17     0.664 52801.67806756 26.77 270.717768  29.216603 34.096
 17     0.272 52801.67806820 26.05 270.716888  29.213313 34.096
 17    -0.219 52801.67806885 27.95 270.716008  29.210023 34.096
 17     0.276 52801.67806949 24.84 270.715128  29.206733 34.096
 18     0.678 52836.67813359 28.33 270.717805  29.216628 39.868
 18     0.211 52836.67813424 30.46 270.716925  29.213338 39.868
 18    -2.158 52836.67813488 32.60 270.716045  29.210048 39.868
 18     0.038 52836.67813553 30.03 270.715165  29.206758 39.868
 19     0.359 52871.67817428 24.03 270.716406  29.216525 34.974
 19     0.211 52871.67817493 21.95 270.715526  29.213235 34.974
 19     0.004 52871.67817557 24.43 270.714646  29.209945 34.974
 19     0.308 52871.67817622 25.76 270.713766  29.206655 34.974
 20     0.725 52906.67816713 26.94 270.714591  29.219690 37.542
 20     0.327 52906.67816778 24.88 270.713711  29.216400 37.542
 20     0.422 52906.67816842 26.20 270.712831  29.213110 37.542
 20     0.654 52906.67816907 28.33 270.711951  29.209820 37.542
 21     0.223 52941.67809854 29.54 270.719362  29.212446 36.106
 21    -0.095 52941.67809918 29.38 270.718482  29.209156 36.106
 21    -0.236 52941.67809983 32.70 270.717602  29.205866 36.106
 21     0.212 52941.67810047 31.08 270.716722  29.202576 36.106
 23     0.759 53011.67814979 23.76 270.710481  29.225843 17.554
 23     0.457 53011.67815043 23.74 270.709601  29.222563 17.554
 23     0.252 53011.67815108 24.96 270.708721  29.219273 17.554
 23     0.401 53011.67815172 25.52 270.707841  29.215983 17.554
 25     0.624 53081.67814925 23.97 270.708955  29.230507 26.631
 25     0.404 53081.67814990 21.76 270.708075  29.227217 26.631
 25     0.440 53081.67815054 23.09 270.707195  29.223937 26.631
 25     0.626 53081.67815119 24.79 270.706315  29.220647 26.631
 26     0.087 53116.67812043 30.00 270.712397  29.224511 25.864
 26    -0.074 53116.67812107 28.51 270.711517  29.221231 25.864
 26     0.365 53116.67812171 28.37 270.710637  29.217941 25.864
 26     0.728 53116.67812236 32.52 270.709757  29.214651 25.864
 27    -0.271 53151.67816867 28.71 270.710402  29.225450 26.866
 27    -0.292 53151.67816932 28.28 270.709522  29.222160 26.866
 27     0.240 53151.67816996 26.48 270.708642  29.218880 26.866
 27     0.623 53151.67817061 27.60 270.707762  29.215590 26.866
 28     0.638 53186.67815753 25.41 270.720096  29.211360 38.657
 28     0.119 53186.67815818 25.88 270.719216  29.208070 38.657
 28     0.154 53186.67815882 24.26 270.718336  29.204780 38.657
 28     0.410 53186.67815946 24.71 270.717456  29.201500 38.657
 29     0.134 53221.67818113 24.93 270.713869  29.220880 39.705
 29    -0.063 53221.67818177 24.49 270.712989  29.217590 39.705
 29     0.175 53221.67818242 26.13 270.712109  29.214300 39.705
 29     0.396 53221.67818306 27.36 270.711229  29.211010 39.705
 30     0.092 53256.67815611 22.60 270.708349  29.228509 32.648
 30     0.193 53256.67815675 23.52 270.707469  29.225219 32.648
 30     0.188 53256.67815740 25.58 270.706589  29.221939 32.648
 31     0.577 53291.67817180 25.08 270.710312  29.225526 21.670
 31     0.321 53291.67817244 23.91 270.709432  29.222246 21.670
 31     0.490 53291.67817309 23.45 270.708552  29.218956 21.670
 31     0.562 53291.67817373 24.11 270.707672  29.215666 21.670
 32     0.931 53326.67814758 26.21 270.715635  29.217871 27.490
 32     0.168 53326.67814822 23.89 270.714755  29.214581 27.490
 32     0.323 53326.67814887 24.88 270.713875  29.211291 27.490
 32     0.702 53326.67814951 25.75 270.712995  29.208001 27.490
 33     0.931 53361.67810377 28.22 270.715893  29.221084 27.207
 33     0.690 53361.67810442 25.21 270.715013  29.217794 27.207
 33     0.489 53361.67810506 25.61 270.714133  29.214504 27.207
 33     0.446 53361.67810571 27.96 270.713253  29.211214 27.207
 33     0.645 53361.67810635 29.79 270.712373  29.207924 27.207
 35     0.932 53431.67811599 28.93 270.714337  29.221253 22.962
 35     0.564 53431.67811664 24.71 270.713457  29.217963 22.962
 35     0.507 53431.67811728 23.78 270.712577  29.214673 22.962
 35     0.618 53431.67811793 25.43 270.711697  29.211383 22.962
 36     0.592 53466.67814935 27.13 270.715912  29.218021 15.770
 36    -0.062 53466.67815000 24.57 270.715032  29.214731 15.770
 36     0.261 53466.67815064 21.78 270.714152  29.211441 15.770
 36     0.730 53466.67815129 21.07 270.713272  29.208151 15.770
 37     0.759 53501.67820225 25.42 270.709937  29.229770 24.038
 37     0.331 53501.67820289 25.52 270.709057  29.226480 24.038
 37     0.084 53501.67820354 28.04 270.708177  29.223190 24.038
 37    -0.039 53501.67820418 35.09 270.707297  29.219910 24.038
 38     0.844 53536.67819489 23.96 270.713762  29.221731 29.516
 38     0.178 53536.67819554 24.29 270.712882  29.218451 29.516
 38     0.043 53536.67819618 22.96 270.712002  29.215161 29.516
 38    -0.207 53536.67819683 30.28 270.711122  29.211871 29.516
 39     0.541 53571.67820021 27.57 270.709699  29.228524 15.335
 39     0.344 53571.67820086 26.95 270.708819  29.225234 15.335
 39     0.500 53571.67820150 23.51 270.707939  29.221954 15.335
 39     0.771 53571.67820215 23.56 270.707059  29.218664 15.335
 40     0.051 53606.67814929 24.20 270.710986  29.224273 28.777
 40    -0.346 53606.67814993 26.34 270.710106  29.220993 28.777
 40    -0.194 53606.67815058 31.38 270.709226  29.217703 28.777
 40     0.162 53606.67815122 33.63 270.708346  29.214413 28.777
 41     1.019 53641.67815021 26.20 270.714482  29.220536 21.833
 41     0.757 53641.67815086 24.90 270.713602  29.217246 21.833
 41     0.550 53641.67815150 23.96 270.712722  29.213956 21.833
 41     0.850 53641.67815215 28.56 270.711842  29.210666 21.833
 42     0.660 53676.67816863 26.83 270.709939  29.226270 13.878
 42     0.296 53676.67816928 26.98 270.709059  29.222990 13.878
 42     0.150 53676.67816992 27.57 270.708179  29.219700 13.878
 42     0.515 53676.67817057 28.23 270.707299  29.216410 13.878
 43     0.697 53711.67809873 28.44 270.714874  29.221372 18.626
 43     0.791 53711.67809937 25.32 270.713994  29.218082 18.626
 43     0.364 53711.67810002 24.09 270.713114  29.214792 18.626
 43     0.575 53711.67810066 25.82 270.712234  29.211502 18.626
 44    -0.582 53746.67801165 30.70 270.719236  29.211735 20.320
 44    -0.844 53746.67801229 29.20 270.718356  29.208445 20.320
 44    -0.265 53746.67801294 26.97 270.717477  29.205165  8.154
 44     0.691 53746.67801358 26.18 270.716597  29.201875  8.154
 45     1.073 53781.67804202 25.05 270.716430  29.216208 20.254
 45     0.219 53781.67804267 24.50 270.715550  29.212918 20.254
 45     0.335 53781.67804331 24.92 270.714670  29.209628 20.254
 45     0.732 53781.67804396 26.23 270.713790  29.206338 20.254
 46     0.555 53816.67800731 27.61 270.713406  29.224791 20.507
 46     0.339 53816.67800795 24.42 270.712526  29.221501 20.507
 46     0.411 53816.67800859 22.53 270.711646  29.218221 20.507
 46     0.643 53816.67800924 23.28 270.710766  29.214931 20.507
 46     0.582 53816.67800988 29.27 270.709886  29.211641 20.507
 47     1.097 53851.67807771 25.00 270.712929  29.223926 19.407
 47     0.685 53851.67807835 24.31 270.712049  29.220646 19.407
 47     0.576 53851.67807900 25.94 270.711169  29.217356 19.407
 47     0.579 53851.67807964 28.31 270.710289  29.214066 19.407
 48     0.159 53886.67808642 24.81 270.720563  29.211752 33.599
 48     0.054 53886.67808706 22.92 270.719683  29.208462 33.599
 48     0.155 53886.67808771 23.28 270.718803  29.205172 33.599
 48     0.552 53886.67808835 25.28 270.717923  29.201892 33.599
 49     0.122 53921.67815452 21.34 270.707188  29.229463 20.121
 49     0.354 53921.67815516 22.42 270.706308  29.226173 20.121
 49     0.559 53921.67815580 26.59 270.705428  29.222883 20.121
 50     0.596 53956.67815053 30.17 270.707374  29.230588 26.677
 50     0.646 53956.67815117 29.10 270.706494  29.227298 26.677
 50     0.426 53956.67815182 34.24 270.705614  29.224008 26.677
 50     0.514 53956.67815246 32.77 270.704734  29.220728 26.677
 51     0.211 53991.67807470 23.54 270.719791  29.211240 25.956
 51    -0.006 53991.67807535 20.96 270.718911  29.207960 25.956
 51     0.118 53991.67807599 21.41 270.718031  29.204670 25.956
 51     0.794 53991.67807664 23.85 270.717151  29.201380 25.956
 52     0.699 54026.67813885 25.13 270.716582  29.216281 24.883
 52     0.190 54026.67813950 26.27 270.715702  29.212991 24.883
 52     0.220 54026.67814014 29.92 270.714822  29.209701 24.883
 52     0.297 54026.67814079 31.73 270.713942  29.206411 24.883
 53    -0.307 54061.67813274 26.93 270.717317  29.215331 23.931
 53    -0.300 54061.67813338 25.85 270.716437  29.212041 23.931
 53    -0.449 54061.67813403 25.42 270.715557  29.208751 23.931
 53     0.595 54061.67813467 25.83 270.714677  29.205471 23.931
 55     1.040 54131.67805377 26.83 270.716670  29.215751 24.326
 55     0.402 54131.67805442 23.61 270.715790  29.212461 24.326
 55     0.272 54131.67805506 25.50 270.714910  29.209171 24.326
 55     0.623 54131.67805571 28.37 270.714030  29.205881 24.326
 56     0.390 54166.67807541 25.72 270.712064  29.226190 31.356
 56     0.114 54166.67807606 27.02 270.711184  29.222910 31.356
 56     0.079 54166.67807670 30.15 270.710304  29.219620 31.356
 56     0.222 54166.67807735 35.07 270.709424  29.216330 31.356
 57     0.357 54201.67805666 27.98 270.715408  29.218481 22.842
 57     0.214 54201.67805730 25.33 270.714528  29.215191 22.842
 57     0.456 54201.67805795 28.20 270.713648  29.211901 22.842
 57     0.483 54201.67805859 29.43 270.712768  29.208611 22.842
 58     0.711 54236.67809236 25.18 270.715324  29.217867 27.658
 58     0.446 54236.67809301 25.43 270.714444  29.214577 27.658
 58     0.597 54236.67809365 27.28 270.713564  29.211287 27.658
 58     0.638 54236.67809430 27.65 270.712684  29.207997 27.658
 59     0.395 54271.67811195 26.06 270.714894  29.222324 30.773
 59     0.260 54271.67811259 23.61 270.714014  29.219044 30.773
 59     0.290 54271.67811324 24.21 270.713134  29.215754 30.773
 59     0.349 54271.67811388 24.83 270.712254  29.212464 30.773
 59     0.404 54271.67811453 29.00 270.711374  29.209174 30.773
 60     0.606 54306.67811477 24.80 270.715011  29.220995 37.523
 60     0.242 54306.67811541 24.17 270.714131  29.217705 37.523
 60     0.343 54306.67811606 25.58 270.713251  29.214415 37.523
 60     0.606 54306.67811670 25.63 270.712371  29.211125 37.523
 61     0.444 54341.67809510 24.87 270.713921  29.223563 29.965
 61     0.252 54341.67809574 23.45 270.713041  29.220283 29.965
 61     0.365 54341.67809638 25.31 270.712161  29.216993 29.965
 61     0.106 54341.67809703 28.81 270.711281  29.213703 29.965
 62     0.554 54376.67804975 24.09 270.715488  29.220330 25.596
 62     0.445 54376.67805039 23.13 270.714608  29.217040 25.596
 62     0.249 54376.67805104 21.60 270.713728  29.213750 25.596
 62     0.656 54376.67805168 22.40 270.712848  29.210460 25.596
 63     0.381 54411.67804261 22.57 270.713311  29.221734 23.532
 63     0.327 54411.67804326 21.66 270.712431  29.218444 23.532
 63     0.487 54411.67804390 21.82 270.711551  29.215154 23.532
 63     0.418 54411.67804455 23.50 270.710671  29.211864 23.532
 64     0.658 54446.67801494 27.24 270.716257  29.217393 24.435
 64    -0.420 54446.67801558 26.74 270.715377  29.214103 24.435
 64    -0.285 54446.67801623 26.61 270.714497  29.210813 24.435
 64     0.211 54446.67801687 25.09 270.713617  29.207523 24.435
 66     1.183 54516.67802882 30.06 270.717202  29.218618 23.658
 66     0.867 54516.67802947 25.63 270.716322  29.215328 23.658
 66     0.017 54516.67803011 24.89 270.715442  29.212048 23.658
 66     0.028 54516.67803076 27.23 270.714562  29.208758 23.658
 66     0.654 54516.67803140 28.21 270.713682  29.205468 23.658
 67     0.735 54551.67804660 26.62 270.712788  29.224724 21.527
 67     0.465 54551.67804724 25.68 270.711908  29.221434 21.527
 67     0.241 54551.67804789 29.66 270.711028  29.218144 21.527
 67     0.494 54551.67804853 32.38 270.710148  29.214854 21.527
 68     0.790 54586.67802354 28.43 270.715665  29.221545 17.622
 68     0.717 54586.67802419 24.03 270.714785  29.218255 17.622
 68     0.521 54586.67802483 25.60 270.713905  29.214965 17.622
 68     0.489 54586.67802548 27.47 270.713025  29.211675 17.622
 68     0.293 54586.67802612 30.43 270.712145  29.208395 17.622
 69     0.521 54621.67804286 25.92 270.713638  29.220477 20.367
 69     0.552 54621.67804350 24.95 270.712758  29.217187 20.367
 69     0.847 54621.67804415 23.84 270.711878  29.213897 20.367
 69     0.987 54621.67804479 25.49 270.710998  29.210607 20.367
 70     0.677 54656.67805188 25.24 270.713316  29.224531 29.139
 70     0.121 54656.67805253 25.33 270.712436  29.221241 29.139
 70     0.063 54656.67805317 28.35 270.711556  29.217951 29.139
 70     0.402 54656.67805382 30.29 270.710676  29.214661 29.139
 71     0.409 54691.67803616 24.22 270.713288  29.222555 25.178
 71     0.430 54691.67803680 21.24 270.712408  29.219265 25.178
 71     0.836 54691.67803745 22.24 270.711528  29.215975 25.178
 71     0.895 54691.67803809 19.22 270.710648  29.212685 25.178
 72     0.706 54726.67800463 27.01 270.717052  29.219216 22.148
 72     0.302 54726.67800527 22.80 270.716172  29.215926 22.148
 72     0.379 54726.67800591 20.73 270.715292  29.212636 22.148
 72     0.361 54726.67800656 20.23 270.714412  29.209356 22.148
 72     0.854 54726.67800720 24.92 270.713532  29.206066 22.148
 73     0.983 54761.67801351 25.61 270.713482  29.223741 14.117
 73     0.346 54761.67801416 20.24 270.712602  29.220451 14.117
 73     0.352 54761.67801480 18.66 270.711722  29.217161 14.117
 73     0.431 54761.67801545 17.13 270.710842  29.213881 14.117
 74     0.293 54796.67799803 28.65 270.716228  29.219575 20.272
 74    -0.082 54796.67799868 25.06 270.715348  29.216285 20.272
 74    -0.488 54796.67799932 25.61 270.714468  29.213005 20.272
 74     0.229 54796.67799996 23.00 270.713588  29.209715 20.272
 75     0.233 54831.67801440 26.20 270.713470  29.221052 19.896
 75     0.018 54831.67801504 24.94 270.712590  29.217762 19.896
 75     0.184 54831.67801569 22.82 270.711710  29.214472 19.896
 75     0.494 54831.67801633 23.41 270.710830  29.211192 19.896
 76     0.873 54866.67799365 26.12 270.716971  29.218951 14.943
 76     0.641 54866.67799430 23.64 270.716091  29.215671 14.943
 76    -0.061 54866.67799494 23.57 270.715211  29.212381 14.943
 76     0.216 54866.67799559 23.83 270.714331  29.209091 14.943
 76     0.800 54866.67799623 26.64 270.713451  29.205801 14.943
 77     0.456 54901.67801286 24.88 270.711083  29.224380 13.290
 77     0.271 54901.67801350 24.73 270.710203  29.221090 13.290
 77     0.280 54901.67801415 24.97 270.709323  29.217800 13.290
 77     0.548 54901.67801479 28.13 270.708443  29.214520 13.290
 78     0.465 54936.67798304 27.23 270.715843  29.219005 25.803
 78     0.337 54936.67798369 26.85 270.714963  29.215715 25.803
 78     0.175 54936.67798433 29.74 270.714083  29.212425 25.803
 78     0.414 54936.67798498 29.15 270.713203  29.209145 25.803
 79     0.879 54971.67801627 24.64 270.714593  29.218980 17.326
 79     0.566 54971.67801691 23.71 270.713713  29.215690 17.326
 79     0.625 54971.67801756 22.02 270.712833  29.212400 17.326
 79     1.000 54971.67801820 22.43 270.711953  29.209120 17.326
 80     0.542 55006.67803389 28.94 270.712767  29.225359 24.850
 80     0.291 55006.67803454 25.06 270.711887  29.222069 24.850
 80     0.485 55006.67803518 23.58 270.711007  29.218779 24.850
 80     0.830 55006.67803583 23.42 270.710127  29.215489 24.850
 81     0.146 55041.67802302 24.11 270.714541  29.219579 26.199
 81    -0.075 55041.67802366 22.97 270.713661  29.216289 26.199
 81    -0.662 55041.67802431 25.76 270.712781  29.212999 26.199
 81     0.487 55041.67802495 23.48 270.711901  29.209719 26.199
 82     0.540 55076.67800297 25.26 270.712792  29.222948 21.656
 82     0.363 55076.67800362 23.26 270.711912  29.219658 21.656
 82     0.740 55076.67800426 22.11 270.711032  29.216368 21.656
 82     0.748 55076.67800491 23.67 270.710152  29.213078 21.656
 83     0.226 55111.67795617 25.07 270.715349  29.218546 29.276
 83    -0.008 55111.67795682 26.85 270.714469  29.215256 29.276
 83     0.081 55111.67795746 26.56 270.713589  29.211976 29.276
 83    -0.064 55111.67795811 30.62 270.712709  29.208686 29.276
 84     0.878 55146.67795716 27.72 270.712698  29.223535 19.656
 84     0.651 55146.67795781 25.52 270.711818  29.220245 19.656
 84     0.664 55146.67795845 23.68 270.710938  29.216955 19.656
 84     0.914 55146.67795910 23.89 270.710058  29.213665 19.656
 85     0.812 55181.67793487 27.21 270.716474  29.217145 19.447
 85     0.251 55181.67793551 24.06 270.715594  29.213855 19.447
 85     0.506 55181.67793616 23.83 270.714714  29.210575 19.447
 85     0.882 55181.67793680 23.35 270.713834  29.207285 19.447
 86     0.619 55216.67795186 27.90 270.713260  29.222591 23.476
 86     0.333 55216.67795250 25.79 270.712380  29.219301 23.476
 86     0.499 55216.67795315 23.94 270.711500  29.216011 23.476
 86     0.582 55216.67795379 27.64 270.710620  29.212731 23.476
 87     0.598 55251.67793184 30.83 270.716646  29.216679 23.691
 87     0.148 55251.67793249 27.32 270.715766  29.213399 23.691
 87     0.529 55251.67793313 26.76 270.714886  29.210109 23.691
 87     0.598 55251.67793378 31.72 270.714006  29.206819 23.691
 88     0.855 55286.67794482 25.16 270.711556  29.224178 26.702
 88     0.349 55286.67794546 27.30 270.710676  29.220888 26.702
 88     0.345 55286.67794611 30.50 270.709796  29.217598 26.702
 88     0.608 55286.67794675 34.46 270.708916  29.214308 26.702
 89     0.618 55321.67791922 28.73 270.713283  29.224996 27.651
 89     0.197 55321.67791986 25.20 270.712403  29.221706 27.651
 89     0.070 55321.67792051 26.83 270.711523  29.218416 27.651
 89     0.408 55321.67792115 31.02 270.710643  29.215126 27.651
 89     0.480 55321.67792180 35.37 270.709763  29.211836 27.651
 90     0.540 55356.67792014 26.64 270.712835  29.221655 32.532
 90     0.156 55356.67792078 29.80 270.711955  29.218365 32.532
 90     0.433 55356.67792143 33.55 270.711075  29.215075 32.532
 90     0.723 55356.67792207 36.66 270.710195  29.211795 32.532
 91     0.525 55391.67792143 27.79 270.715142  29.221115 30.776
 91     0.303 55391.67792207 25.54 270.714262  29.217825 30.776
 91     0.166 55391.67792272 24.40 270.713382  29.214535 30.776
 91     0.599 55391.67792336 24.50 270.712502  29.211255 30.776
 92     0.557 55426.67793645 25.20 270.714866  29.220726 32.629
 92     0.243 55426.67793710 24.30 270.713986  29.217436 32.629
 92     0.017 55426.67793774 24.90 270.713106  29.214146 32.629
 92     0.515 55426.67793839 25.52 270.712226  29.210856 32.629
 93     0.559 55461.67790265 29.26 270.714061  29.223854 27.236
 93     0.446 55461.67790330 22.92 270.713181  29.220564 27.236
 93     0.267 55461.67790394 22.65 270.712301  29.217274 27.236
 93     0.282 55461.67790459 24.76 270.711421  29.213984 27.236
 93     0.765 55461.67790523 23.43 270.710541  29.210704 27.236
