-296123.051   -19.330     0.00    3.40
-295749.450   -19.008     0.86    3.64
-295375.827   -19.319    -0.83    4.00
-295002.184   -19.835    -1.38    3.74
-294628.520   -20.691    -2.29    3.11
-294254.835   -21.568    -2.35    2.23
-293881.128   -21.371     0.53    1.74
-293507.401   -19.489     5.04    4.52
-293133.653   -17.590     5.08    6.00
-292759.883   -15.671     5.13    8.36
-292386.093   -13.394     6.09    9.63
-292012.282   -12.638     2.02    9.59
-291638.449   -11.038     4.28    8.26
-291264.596   -10.191     2.27    6.79
-290890.721    -9.125     2.85    5.90
-290516.826    -8.910     0.58    5.40
-290142.909    -8.538     0.99    5.58
-289768.972    -6.940     4.27    6.46
-289395.013    -7.321    -1.02    6.00
-289021.033    -5.768     4.15    6.19
-288647.032    -5.147     1.66    6.58
-288273.010    -3.435     4.58    7.13
-287898.967    -0.259     8.49    6.79
-287524.903     3.242     9.36    5.76
-287150.818     4.974     4.63    5.35
-286776.712     7.277     6.15    5.29
-286402.584     8.788     4.04    4.46
-286028.436     9.432     1.72    4.39
-285654.266     9.143    -0.77    4.37
-285280.076     9.346     0.54    4.43
-284905.864     9.462     0.31    4.31
-284531.631     9.997     1.43    4.01
-284157.377    10.210     0.57    4.21
-283783.101     9.341    -2.32    4.02
-283408.805    10.222     2.35    4.50
-283034.487    10.788     1.51    4.65
-282660.149    11.592     2.15    3.87
-282285.789    12.256     1.77    4.06
-281911.408    12.992     1.97    4.83
-281537.005    12.958    -0.09    6.03
-281162.582    13.038     0.21    6.84
-280788.137    12.832    -0.55    6.93
-280413.672    12.298    -1.43    7.15
-280039.185    12.766     1.25    7.43
-279664.676    12.808     0.11    7.34
-279290.147    14.060     3.34    7.48
-278915.596    14.722     1.77    7.48
-278541.024    16.114     3.71    7.24
-278166.431    17.128     2.71    6.86
-277791.817    18.049     2.46    5.76
-277417.181    19.206     3.09    5.88
-277042.525    20.831     4.34    5.55
-276667.846    23.432     6.94    5.66
-276293.147    24.766     3.56    5.60
-275918.427    26.099     3.55    5.68
-275543.685    26.213     0.31    7.25
-275168.922    26.483     0.72    7.93
-274794.137    26.230    -0.68    7.67
-274419.332    25.947    -0.75    6.87
-274044.505    27.151     3.21    6.24
-273669.656    28.635     3.96    5.93
-273294.787    31.210     6.87    6.50
-272919.896    32.560     3.60    6.50
-272544.984    33.086     1.40    6.00
-272170.050    31.645    -3.84    5.52
-271795.096    32.592     2.53    6.90
-271420.119    34.151     4.16    7.63
-271045.122    35.054     2.41    7.92
-270670.103    36.277     3.26    7.79
-270295.063    37.049     2.06    8.16
-269920.002    38.788     4.64    8.35
-269544.919    41.219     6.48    8.06
-269169.815    39.392    -4.87    8.62
-268794.689    35.699    -9.84   11.07
-268419.542    31.543   -11.07   10.58
-268044.374    27.965    -9.53    9.30
-267669.184    29.266     3.47   10.75
-267293.973    31.538     6.05    9.59
-266918.741    31.992     1.21    9.41
-266543.487    26.341   -15.06    9.56
-266168.211    24.940    -3.73    8.10
-265792.915    23.532    -3.75    6.22
-265417.597    25.832     6.13    7.03
-265042.257    28.379     6.78    6.91
-264666.896    29.831     3.87    7.19
-264291.514    31.073     3.31    7.36
-263916.110    26.575   -11.98    9.00
-263540.685    24.651    -5.12    8.48
-263165.238    22.809    -4.91    7.99
-262789.770    22.288    -1.39    9.28
-262414.280    23.038     2.00   10.60
-262038.769    24.265     3.27   10.02
-261663.237    24.950     1.82    8.64
-261287.683    25.077     0.34    6.86
-260912.107    25.222     0.39    5.83
-260536.510    25.410     0.50    5.97
-260160.891    26.171     2.02    6.41
-259785.251    29.424     8.66    8.71
-259409.590    30.853     3.80    8.60
-259033.907    32.485     4.34    8.60
-258658.202    33.210     1.93    8.12
-258282.476    35.256     5.44    8.52
-257906.729    36.635     3.67    8.49
-257530.960    38.681     5.44    8.55
-257155.169    42.015     8.87    8.94
-256779.357    45.532     9.36    9.59
-256403.523    48.288     7.33    8.39
-256027.668    50.532     5.97    8.01
-255651.791    50.721     0.50    6.94
-255275.892    50.697    -0.06    7.05
-254899.972    50.222    -1.26    6.27
-254524.031    50.901     1.81    6.00
-254148.068    48.043    -7.60    7.36
-253772.083    44.943    -8.24    7.53
-253396.077    41.915    -8.05    6.69
-253020.049    37.654   -11.33    6.26
-252643.999    35.323    -6.20    6.34
-252267.928    34.015    -3.48    5.58
-251891.835    34.265     0.66    5.93
-251515.721    35.570     3.47    5.78
-251139.585    37.788     5.89    5.01
-250763.427    39.106     3.50    5.32
-250387.248    40.853     4.64    5.34
-250011.047    41.930     2.86    5.62
-249634.824    41.244    -1.82    6.24
-249258.580    39.810    -3.81    6.18
-248882.314    40.505     1.85    4.87
-248506.026    39.979    -1.40    4.59
-248129.717    39.222    -2.01    5.10
-247753.386    39.246     0.06    5.46
-247377.033    39.242    -0.01    5.68
-247000.659    40.830     4.22    5.37
-246624.263    41.560     1.94    4.27
-246247.845    40.943    -1.64    4.87
-245871.406    38.468    -6.57    4.81
-245494.945    36.538    -5.13    4.91
-245118.462    34.468    -5.49    4.89
-244741.957    31.614    -7.58    5.27
-244365.431    28.703    -7.73    6.46
-243988.883    27.005    -4.51    5.56
-243612.313    24.677    -6.18    5.16
-243235.721    22.833    -4.89    5.11
-242859.108    21.478    -3.60    4.82
-242482.473    21.565     0.23    4.42
-242105.816    24.635     8.15    3.59
-241729.137    26.210     4.18    2.84
-241352.437    27.788     4.19    2.80
-240975.715    29.560     4.70    2.91
-240598.971    31.201     4.35    3.92
-240222.205    33.346     5.69    4.07
-239845.417    35.462     5.61    5.12
-239468.608    35.681     0.58    6.59
-239091.777    34.092    -4.22    7.83
-238714.924    33.225    -2.30    8.70
-238338.049    31.424    -4.78    8.26
-237961.152    30.128    -3.44    7.11
-237584.234    30.592     1.23    6.74
-237207.294    31.135     1.44    5.82
-236830.331    32.365     3.26    6.13
-236453.347    35.651     8.71    6.56
-236076.341    37.027     3.65    5.56
-235699.314    40.114     8.19    5.31
-235322.264    41.341     3.25    4.35
-234945.193    42.222     2.34    4.05
-234568.099    42.744     1.38    4.16
-234190.984    43.788     2.77    3.78
-233813.847    44.883     2.90    3.59
-233436.688    45.565     1.81    3.25
-233059.507    45.454    -0.29    3.82
-232682.304    45.121    -0.88    4.67
-232306.312    46.201     2.87    6.53
-231933.401    47.515     3.52    8.04
-231560.468    49.831     6.21    8.12
-231187.513    52.264     6.52    7.56
-230814.538    52.677     1.11    6.86
-230441.541    53.592     2.45    8.15
-230068.522    50.114    -9.32    9.46
-229695.482    46.256   -10.34    9.36
-229322.421    43.266    -8.01    7.14
-228949.338    42.405    -2.31    5.31
-228576.234    45.765     9.00    5.64
-228203.108    47.788     5.42    5.58
-227829.961    49.135     3.61    5.73
-227456.792    50.679     4.14    7.26
-227083.602    53.499     7.55    9.97
-226710.390    57.083     9.60   13.17
-226337.157    59.454     6.35   13.18
-225963.903    59.833     1.01   12.34
-225590.627    61.267     3.84   10.41
-225217.330    64.396     8.38   11.00
-224844.011    74.171    26.18   15.98
-224470.670    82.679    22.78   15.64
-224097.308    89.490    18.24   14.79
-223723.925    92.610     8.35   14.73
-223350.520    92.741     0.35   15.26
-222977.093    89.049    -9.89   12.39
-222603.645    85.447    -9.64    6.90
-222230.176    88.724     8.77    9.21
-221856.685    91.174     6.56   12.44
-221483.172    92.000     2.21   11.55
-221109.638    93.940     5.19   13.68
-220736.082    90.356    -9.59   13.58
-220362.505    80.901   -25.30   14.51
-219988.906    72.716   -21.90   10.02
-219615.286    68.810   -10.45    7.55
-219241.643    69.107     0.79    7.45
-218867.980    72.722     9.67    8.52
-218494.295    77.958    14.01    8.83
-218120.588    83.418    14.61    9.50
-217746.860    81.549    -5.00   10.43
-217373.110    81.538    -0.03   12.45
-216999.338    82.940     3.75   13.44
-216625.545    86.299     8.98   17.29
-216251.730    90.432    11.05   19.01
-215877.893    93.683     8.70   20.47
-215504.035    95.070     3.71   19.79
-215130.156    97.958     7.72   19.21
-214756.254    98.560     1.61   16.33
-214382.331   100.958     6.41   15.98
-214008.386    97.462    -9.35   16.65
-213634.420    92.128   -14.26   16.37
-213260.432    84.832   -19.50   16.89
-212886.422    75.447   -25.09   15.82
-212512.391    65.554   -26.44   14.90
-212138.338    58.583   -18.63   10.66
-211764.263    53.079   -14.71    5.83
-211390.167    52.462    -1.65    6.20
-211016.049    56.600    11.06   11.87
-210641.909    62.657    16.19   15.13
-210267.747    68.000    14.28   16.07
-209893.564    68.943     2.52   15.90
-209519.359    67.383    -4.17   14.46
-209145.132    63.899    -9.31   12.81
-208770.884    61.588    -6.17   10.39
-208396.613    66.188    12.29   11.91
-208022.321    72.854    17.81   11.98
-207648.008    78.424    14.88   11.64
-207273.672    86.135    20.60   14.12
-206899.315    93.160    18.76   15.37
-206524.936   101.592    22.52   14.25
-206150.535   110.015    22.49   10.70
-205776.112   111.940     5.14    9.67
-205401.668   109.979    -5.24   10.43
-205027.202   105.266   -12.58   13.37
-204652.714    99.149   -16.33   14.27
-204278.204    95.765    -9.04   15.04
-203903.673    95.038    -1.94   16.44
-203529.119    89.157   -15.70   18.80
-203154.544    82.527   -17.70   19.65
-202779.947    77.810   -12.59   19.31
-202405.328    77.447    -0.97   19.45
-202030.687    78.371     2.47   20.21
-201656.025    77.560    -2.16   19.41
-201281.340    75.683    -5.01   20.82
-200906.634    68.418   -19.39   20.18
-200531.906    63.830   -12.24   18.87
-200157.156    65.462     4.35   20.37
-199782.384    70.744    14.09   20.99
-199407.590    69.610    -3.03   21.29
-199032.775    66.129    -9.29   22.83
-198657.937    60.375   -15.35   20.68
-198283.078    60.310    -0.17   20.56
-197908.196    68.232    21.13   24.23
-197533.293    81.410    35.14   18.84
-197158.368    85.788    11.67   14.07
-196783.421    79.788   -16.00   18.13
-196408.452    75.788   -10.67   17.48
-196033.461    75.521    -0.71   17.53
-195658.448    79.256     9.96   16.88
-195283.413    85.483    16.60    8.83
-194908.357    82.341    -8.38   11.58
-194533.278    75.896   -17.18   18.66
-194158.177    72.183    -9.90   19.81
-193783.055    66.265   -15.77   19.25
-193407.910    67.225     2.56   17.70
-193032.744    68.765     4.10   15.36
-192657.555    66.877    -5.03   13.59
-192282.344    63.703    -8.46   13.39
-191907.112    61.788    -5.10   14.05
-191531.857    56.454   -14.21   14.68
-191156.581    55.129    -3.53   14.84
-190781.282    48.663   -17.23   13.34
-190405.962    42.614   -16.11    9.11
-190030.619    41.575    -2.77    7.00
-189655.254    46.788    13.88   12.03
-189279.868    53.106    16.83   13.19
-188904.459    59.092    15.94   12.24
-188529.028    63.856    12.69    8.96
-188153.575    64.565     1.89    7.23
-187778.101    62.432    -5.68    8.34
-187402.604    60.083    -6.25   10.17
-187027.085    54.570   -14.68   11.24
-186651.544    50.992    -9.53   11.91
-186275.980    51.462     1.25   10.67
-185900.395    53.083     4.32    9.63
-185524.788    56.940    10.27    8.49
-185149.158    61.766    12.85    5.54
-184773.507    59.701    -5.50    9.00
-184397.833    56.277    -9.11   10.16
-184022.137    52.992    -8.74    8.54
-183646.419    54.621     4.33    8.40
-183270.679    58.875    11.32    6.14
-182894.917    61.610     7.28    4.78
-182519.133    62.570     2.56    4.72
-182143.326    62.027    -1.45    5.85
-181767.498    63.447     3.78    5.23
-181391.647    61.447    -5.32    5.76
-181015.774    59.320    -5.66    6.20
-180639.879    56.135    -8.47    7.39
-180263.962    53.022    -8.28    7.36
-179888.022    52.070    -2.53    6.96
-179512.061    52.265     0.52    6.86
-179136.077    55.135     7.63    7.96
-178760.071    57.492     6.27    6.73
-178384.043    56.396    -2.91    8.62
-178007.992    56.171    -0.60    9.55
-177631.920    56.401     0.61    9.54
-177255.825    59.468     8.15    8.43
-176879.708    57.741    -4.59   10.07
-176503.568    52.375   -14.26   12.13
-176127.407    46.266   -16.24   12.73
-175751.223    40.940   -14.16   11.42
-175375.017    35.767   -13.75    6.40
-174998.788    33.309    -6.53    4.43
-174622.538    34.428     2.97    5.20
-174246.265    37.924     9.29    7.57
-173869.970    41.183     8.66    7.58
-173493.652    41.962     2.07    7.45
-173117.313    39.958    -5.32    7.56
-172740.951    36.288    -9.75    6.13
-172364.566    35.606    -1.81    4.93
-171988.160    39.331     9.90    7.15
-171611.731    43.657    11.49    7.20
-171235.280    48.447    12.72    5.67
-170858.806    51.010     6.81    4.63
-170482.310    50.483    -1.40    5.13
-170105.792    46.321   -11.05    8.10
-169729.251    42.359   -10.52    7.71
-169352.689    40.679    -4.46    6.65
-168976.103    42.362     4.47    7.39
-168599.496    46.527    11.06    6.42
-168222.866    47.511     2.61    5.12
-167846.213    47.049    -1.23    4.90
-167469.539    45.979    -2.84    4.57
-167092.842    45.277    -1.86    4.22
-166716.122    44.440    -2.22    5.08
-166339.380    43.032    -3.74    5.96
-165962.616    40.742    -6.08    6.44
-165585.829    39.894    -2.25    5.91
-165209.020    38.924    -2.57    5.53
-164832.189    39.267     0.91    6.40
-164455.335    39.853     1.55    7.22
-164078.458    38.256    -4.24    6.99
-163701.559    36.788    -3.89    6.68
-163324.638    33.810    -7.90    5.34
-162947.695    30.309    -9.29    5.89
-162570.728    27.197    -8.26    5.75
-162193.740    24.635    -6.79    4.21
-161816.729    22.744    -5.02    2.08
-161439.695    23.629     2.35    3.86
-161062.639    25.341     4.54    5.33
-160685.561    26.253     2.42    6.03
-160308.460    27.070     2.17    6.30
-159931.336    27.005    -0.17    5.65
-159554.190    26.440    -1.50    5.12
-159177.022    25.288    -3.05    4.16
-158799.831    24.983    -0.81    3.04
-158422.617    29.141    11.02    6.72
-158045.381    33.310    11.05    8.85
-157668.123    40.600    19.32   11.23
-157292.363    44.157     9.46   10.37
-156919.522    44.064    -0.25   11.39
-156546.660    42.592    -3.95   11.19
-156173.776    41.881    -1.91    8.83
-155800.869    42.744     2.32    8.49
-155427.941    46.447     9.93    9.57
-155054.990    51.871    14.54   10.60
-154682.018    56.744    13.06   10.40
-154309.024    60.913    11.17    9.96
-153936.007    65.483    12.25   10.89
-153562.969    69.809    11.60    9.94
-153189.908    71.853     5.48    8.97
-152816.826    69.883    -5.28    9.74
-152443.721    63.254   -17.76   11.48
-152070.594    56.583   -17.88    9.26
-151697.446    51.809   -12.79    8.80
-151324.275    44.107   -20.64   10.76
-150951.082    37.788   -16.93   10.98
-150577.867    33.204   -12.28    9.30
-150204.630    31.365    -4.93    6.71
-149831.371    35.396    10.80   10.48
-149458.090    42.719    19.62   10.99
-149084.787    49.418    17.94   11.54
-148711.461    56.996    20.30   12.63
-148338.114    63.462    17.32   12.21
-147964.744    66.433     7.96   10.16
-147591.353    65.592    -2.25   10.28
-147217.939    62.415    -8.51   12.74
-146844.503    55.083   -19.63   12.55
-146471.045    48.745   -16.97   10.73
-146097.564    45.157    -9.61    8.58
-145724.062    44.341    -2.19    9.44
-145350.537    44.965     1.67    9.42
-144976.991    48.856    10.41   11.59
-144603.422    54.092    14.01   14.23
-144229.831    62.038    21.27   14.68
-143856.217    68.975    18.57   10.31
-143482.582    68.462    -1.37   10.28
-143108.924    64.538   -10.50   12.38
-142735.244    58.049   -17.36    9.62
-142361.542    53.745   -11.51    7.18
-141987.818    53.135    -1.63    6.74
-141614.072    57.883    12.70    8.05
-141240.303    62.365    11.99    9.33
-140866.512    66.856    12.01    8.71
-140492.699    69.679     7.55    6.20
-140118.863    69.873     0.52    7.05
-139745.006    67.365    -6.71    8.31
-139371.126    64.975    -6.39    8.62
-138997.224    64.447    -1.41    8.98
-138623.299    63.505    -2.52    8.55
-138249.353    62.765    -1.98    7.59
-137875.384    60.701    -5.52    8.09
-137501.392    56.058   -12.41    7.81
-137127.379    51.809   -11.36    9.21
-136753.343    44.538   -19.44   10.94
-136379.285    37.538   -18.71   10.05
-136005.204    33.395   -11.07    6.52
-135631.102    35.722     6.22    9.41
-135256.977    42.225    17.38   12.38
-134882.829    50.143    21.16   11.82
-134508.660    53.043     7.75    9.13
-134134.468    53.937     2.39    7.95
-133760.253    55.901     5.25    7.64
-133386.016    59.614     9.92    7.92
-133011.757    65.388    15.43    9.04
-132637.476    72.213    18.23    8.96
-132263.172    75.810     9.61    6.90
-131888.846    75.704    -0.28    8.53
-131514.497    75.899     0.52    8.81
-131140.127    76.424     1.40    8.72
-130765.733    77.992     4.19    8.66
-130391.318    78.610     1.65    8.47
-130016.879    75.527    -8.23    8.45
-129642.419    70.767   -12.71    6.79
-129267.936    67.918    -7.61    5.67
-128893.431    67.681    -0.63    5.30
-128518.903    70.832     8.41    6.50
-128144.353    74.022     8.51    5.89
-127769.780    75.899     5.01    6.81
-127395.185    75.468    -1.15    8.14
-127020.568    73.418    -5.47    8.62
-126645.928    71.721    -4.53    8.37
-126271.265    68.320    -9.08    7.60
-125896.580    65.965    -6.28    7.92
-125521.873    63.543    -6.46    7.84
-125147.143    61.654    -5.04    6.25
-124772.391    60.163    -3.98    6.44
-124397.616    59.875    -0.77    7.13
-124022.819    58.617    -3.35    7.52
-123647.999    56.743    -5.00    5.83
-123273.157    56.106    -1.70    5.10
-122898.292    53.744    -6.30    5.47
-122523.405    49.565   -11.15    5.36
-122148.495    47.873    -4.51    4.75
-121773.562    47.654    -0.58    5.81
-121398.608    50.143     6.64    7.33
-121023.630    55.128    13.29    8.83
-120648.630    60.592    14.57    8.54
-120273.608    65.114    12.06    7.07
-119898.562    66.901     4.77    5.15
-119523.495    67.309     1.09    4.26
-119148.405    64.915    -6.38    5.55
-118773.292    61.222    -9.84    5.70
-118398.156    58.954    -6.05    5.22
-118022.998    57.969    -2.62    5.03
-117647.818    58.558     1.57    5.21
-117272.615    60.614     5.48    4.30
-116897.389    60.681     0.18    3.62
-116522.140    60.143    -1.43    3.21
-116146.869    59.654    -1.30    2.96
-115771.576    58.660    -2.65    3.21
-115396.259    57.560    -2.93    3.26
-115020.920    57.288    -0.73    4.10
-114645.559    57.527     0.64    4.26
-114270.175    57.213    -0.84    4.40
-113894.768    56.744    -1.25    3.67
-113519.338    54.135    -6.95    5.00
-113143.886    50.477    -9.74    6.93
-112768.411    45.907   -12.17    6.79
-112392.913    41.701   -11.20    6.82
-112017.393    37.915   -10.08    7.12
-111641.850    36.201    -4.57    7.34
-111266.285    32.788    -9.09    7.06
-110890.696    29.157    -9.66    5.27
-110515.085    28.933    -0.60    5.62
-110139.451    29.151     0.58    5.45
-109763.795    29.704     1.47    5.42
-109388.116    29.924     0.58    6.34
-109012.414    28.454    -3.91    6.36
-108636.689    27.277    -3.13    6.06
-108260.942    26.832    -1.18    6.19
-107885.171    26.405    -1.14    6.48
-107509.378    23.677    -7.26    7.95
-107133.563    23.017    -1.76    7.36
-106757.724    20.896    -5.64    8.21
-106381.863    18.617    -6.06    7.80
-106005.979    16.875    -4.64    6.31
-105630.072    14.230    -7.04    4.40
-105254.142    13.635    -1.58    4.82
-104878.190    12.788    -2.25    4.70
-104502.215    11.832    -2.54    4.17
-104126.217    12.064     0.62    3.83
-103750.196    13.570     4.00    3.97
-103374.152    15.468     5.05    4.27
-102998.086    18.038     6.83    5.27
-102621.996    19.679     4.36    5.25
-102245.884    21.592     5.09    3.78
-101869.749    21.896     0.81    3.60
-101493.591    23.058     3.09    4.85
-101117.410    25.809     7.31    5.48
-100741.207    28.827     8.02    5.04
-100364.980    30.810     5.27    4.94
 -99988.731    31.663     2.26    5.05
 -99612.458    32.592     2.47    5.15
 -99236.163    33.579     2.62    5.10
 -98859.845    31.965    -4.29    5.14
 -98483.504    31.179    -2.09    4.99
 -98107.140    28.483    -7.16    5.25
 -97730.753    26.969    -4.02    4.81
 -97354.344    25.635    -3.54    4.75
 -96977.911    23.477    -5.73    4.67
 -96601.455    22.210    -3.36    3.97
 -96224.977    21.288    -2.45    4.14
 -95848.475    21.151    -0.36    4.27
 -95471.951    21.440     0.77    3.81
 -95095.403    21.225    -0.57    3.65
 -94718.833    21.809     1.55    3.25
 -94342.240    21.038    -2.05    3.39
 -93965.623    20.288    -1.99    3.01
 -93588.984    20.552     0.70    3.54
 -93212.322    19.606    -2.51    3.20
 -92835.636    19.579    -0.07    3.32
 -92458.928    18.877    -1.87    3.98
 -92082.197    17.038    -4.88    4.08
 -91705.443    16.064    -2.58    4.25
 -91328.665    15.918    -0.39    4.70
 -90951.865    15.701    -0.58    5.13
 -90575.041    15.266    -1.15    5.71
 -90198.195    12.575    -7.14    4.16
 -89821.325    11.121    -3.86    3.46
 -89444.433    11.244     0.33    3.47
 -89067.517    11.266     0.06    3.63
 -88690.579    12.532     3.36    4.62
 -88313.617    14.635     5.58    8.09
 -87936.632    16.107     3.90    9.69
 -87559.624    15.853    -0.67   10.19
 -87182.593    14.114    -4.61    9.65
 -86805.539    10.583    -9.36    7.24
 -86428.462     8.686    -5.03    4.68
 -86051.361     9.570     2.35    4.92
 -85674.238     9.996     1.13    4.78
 -85297.092     9.143    -2.26    3.78
 -84919.922     8.788    -0.94    3.47
 -84542.729     8.940     0.40    3.43
 -84165.513    11.174     5.92    5.90
 -83788.274    13.413     5.93    6.95
 -83411.012    14.854     3.82    6.64
 -83033.726    15.746     2.36    6.17
 -82656.418    18.114     6.27    6.16
 -82280.870    19.424     3.49    5.41
 -81908.102    20.266     2.26    4.78
 -81535.311    19.992    -0.73    4.31
 -81162.498    18.744    -3.35    3.88
 -80789.662    19.086     0.92    4.08
 -80416.804    20.288     3.22    3.84
 -80043.923    20.975     1.84    4.11
 -79671.019    21.527     1.48    4.36
 -79298.093    21.308    -0.59    4.85
 -78925.144    19.469    -4.93    5.66
 -78552.172    17.704    -4.73    5.37
 -78179.178    15.483    -5.95    4.99
 -77806.161    15.256    -0.61    3.59
 -77433.121    16.149     2.40    3.58
 -77060.059    16.410     0.70    3.76
 -76686.974    17.433     2.74    4.15
 -76313.867    16.856    -1.55    4.76
 -75940.736    14.183    -7.16    6.30
 -75567.583    10.570    -9.68    6.90
 -75194.408     7.642    -7.85    5.60
 -74821.210     4.744    -7.76    4.23
 -74447.989     4.043    -1.88    4.02
 -74074.745     4.288     0.66    3.46
 -73701.478     5.388     2.95    3.49
 -73328.189     7.135     4.68    3.41
 -72954.877     9.253     5.67    3.64
 -72581.543    12.049     7.49    4.99
 -72208.186    15.350     8.84    6.24
 -71834.806    17.810     6.59    6.70
 -71461.403    21.362     9.51    6.73
 -71087.977    22.962     4.28    5.79
 -70714.529    22.915    -0.12    5.89
 -70341.058    23.331     1.11    6.11
 -69967.564    24.592     3.38    6.28
 -69594.047    25.549     2.56    5.30
 -69220.508    25.788     0.64    4.33
 -68846.946    25.433    -0.95    4.39
 -68473.361    23.005    -6.50    4.81
 -68099.753    21.502    -4.02    5.35
 -67726.122    19.106    -6.41    5.36
 -67352.469    16.807    -6.15    4.94
 -66978.793    15.179    -4.36    4.86
 -66605.093    13.725    -3.89    4.30
 -66231.372    11.222    -6.70    4.19
 -65857.627     9.350    -5.01    4.29
 -65483.859     6.703    -7.08    4.68
 -65110.069     4.114    -6.93    4.11
 -64736.255     2.701    -3.78    3.70
 -64362.419     1.875    -2.21    2.94
 -63988.560     1.538    -0.90    2.69
 -63614.678     2.432     2.39    3.23
 -63240.774     3.447     2.71    4.65
 -62866.846     7.532    10.92    6.16
 -62492.895    11.499    10.61    6.57
 -62118.922    15.896    11.76    4.62
 -61744.925    18.401     6.70    4.15
 -61370.906    20.396     5.33    5.38
 -60996.864    21.596     3.21    4.92
 -60622.799    22.179     1.56    4.45
 -60248.711    21.163    -2.72    4.16
 -59874.600    19.744    -3.79    3.41
 -59500.466    17.408    -6.24    4.16
 -59126.309    15.015    -6.39    3.22
 -58752.129    12.958    -5.50    3.12
 -58377.926    11.527    -3.82    3.13
 -58003.700    11.766     0.64    3.91
 -57629.452    14.092     6.21    4.70
 -57255.180    15.958     4.99    4.18
 -56880.885    17.766     4.83    3.84
 -56506.567    19.629     4.97    3.97
 -56132.227    22.100     6.60    4.75
 -55757.863    23.853     4.68    4.38
 -55383.476    24.642     2.11    4.03
 -55009.067    23.490    -3.08    4.26
 -54634.634    21.570    -5.13    4.09
 -54260.178    19.721    -4.94    4.32
 -53885.699    18.859    -2.30    4.90
 -53511.197    17.635    -3.27    5.11
 -53136.672    15.234    -6.41    4.50
 -52762.124    13.679    -4.15    4.18
 -52387.553    11.954    -4.60    4.33
 -52012.959     9.592    -6.31    4.01
 -51638.342     7.225    -6.32    3.63
 -51263.702     5.129    -5.60    2.88
 -50889.038     5.746     1.65    3.97
 -50514.352     6.788     2.78    4.93
 -50139.643     9.490     7.21    6.54
 -49764.910    12.830     8.91    5.78
 -49390.154    13.701     2.32    4.86
 -49015.375    12.933    -2.05    4.86
 -48640.573    11.651    -3.42    3.98
 -48265.748    10.642    -2.69    3.84
 -47890.900     9.331    -3.50    4.26
 -47516.029     7.475    -4.95    4.51
 -47141.134     7.192    -0.76    4.48
 -46766.216     6.299    -2.38    4.47
 -46391.276     5.983    -0.84    4.27
 -46016.312     5.597    -1.03    3.98
 -45641.324     6.114     1.38    3.41
 -45266.314     7.454     3.57    3.05
 -44891.281     8.570     2.98    2.81
 -44516.224     9.538     2.58    2.40
 -44141.144     9.570     0.09    2.19
 -43766.041     9.267    -0.81    2.97
 -43390.915     8.174    -2.91    3.75
 -43015.765     6.913    -3.36    4.52
 -42640.592     6.632    -0.75    5.60
 -42265.396     4.854    -4.74    5.75
 -41890.177     3.958    -2.39    5.74
 -41514.935     2.418    -4.10    5.14
 -41139.669     1.538    -2.35    4.87
 -40764.380     1.583     0.12    5.24
 -40389.068     1.913     0.88    5.17
 -40013.732     3.418     4.01    5.43
 -39638.373     3.725     0.82    4.29
 -39262.991     3.722    -0.01    4.29
 -38887.586     2.877    -2.25    4.39
 -38512.157     2.722    -0.41    3.02
 -38136.706     2.810     0.23    2.58
 -37761.230     3.940     3.01    2.94
 -37385.732     6.225     6.09    4.00
 -37010.210     8.831     6.94    4.18
 -36634.665    11.213     6.34    3.99
 -36259.096    14.010     7.45    3.92
 -35883.505    16.022     5.36    4.47
 -35507.889    16.477     1.21    4.87
 -35132.251    15.788    -1.83    4.94
 -34756.589    14.320    -3.91    4.80
 -34380.904    14.099    -0.59    4.00
 -34005.195    16.038     5.16    5.31
 -33629.463    17.810     4.72    5.20
 -33253.708    22.142    11.53    7.27
 -32877.929    28.092    15.83    9.46
 -32502.127    34.058    15.88   11.04
 -32126.302    40.288    16.57    9.81
 -31750.453    43.962     9.77    7.01
 -31374.581    43.549    -1.10    5.78
 -30998.685    42.383    -3.10    5.54
 -30622.766    40.092    -6.09    7.33
 -30246.823    38.017    -5.52    8.64
 -29870.857    37.418    -1.59    9.41
 -29494.868    36.954    -1.23    9.86
 -29118.855    37.809     2.27    9.11
 -28742.818    38.538     1.94    9.33
 -28366.759    38.606     0.18    9.44
 -27990.675    40.121     4.03    9.47
 -27614.569    43.121     7.98    9.62
 -27238.438    46.375     8.65    8.62
 -26862.285    50.511    11.00    7.79
 -26486.108    53.077     6.82    7.34
 -26109.907    54.873     4.77    5.98
 -25733.683    54.179    -1.84    7.33
 -25357.435    51.017    -8.40    7.55
 -24981.164    48.894    -5.64    6.51
 -24604.869    46.683    -5.87    7.95
 -24228.551    44.570    -5.62   10.48
 -23852.209    43.113    -3.87   11.43
 -23475.843    37.309   -15.42   11.27
 -23099.455    32.943   -11.60    9.18
 -22723.042    29.873    -8.16    7.04
 -22346.606    26.350    -9.36    6.71
 -21970.147    24.831    -4.03    7.63
 -21593.663    22.502    -6.19    7.10
 -21217.157    21.038    -3.89    7.65
 -20840.626    21.683     1.72    7.64
 -20464.072    23.610     5.12    7.62
 -20087.495    25.788     5.78    6.98
 -19710.894    28.767     7.91    5.67
 -19334.269    29.677     2.42    5.39
 -18957.621    26.022    -9.70    6.92
 -18580.949    24.365    -4.40    6.97
 -18204.253    22.043    -6.17    6.24
 -17827.534    20.440    -4.26    4.46
 -17450.791    22.163     4.57    5.03
 -17074.024    24.657     6.62    4.67
 -16697.234    24.879     0.59    4.62
 -16320.420    21.809    -8.14    6.68
 -15943.583    17.107   -12.48    7.44
 -15566.721    14.256    -7.57    6.75
 -15189.837    11.747    -6.66    5.12
 -14812.928    11.614    -0.35    4.83
 -14435.996    13.533     5.09    6.52
 -14059.040    17.083     9.42    8.66
 -13682.060    23.288    16.46   11.82
 -13305.057    31.505    21.80   13.21
 -12928.029    39.017    19.92   11.76
 -12550.979    47.681    22.98   11.06
 -12173.904    53.309    14.93    9.74
 -11796.806    58.043    12.55    7.45
 -11419.684    60.383     6.21    6.31
 -11042.538    55.320   -13.43   16.08
 -10665.368    43.483   -31.38   25.58
 -10288.175    32.092   -30.20   27.32
  -9910.958    17.483   -38.73   22.10
  -9533.717     7.321   -26.94    9.80
  -9156.452     3.766    -9.42    1.88
  -8779.164     3.246    -1.38    1.64
  -8401.851     2.831    -1.10    1.55
  -8024.515     2.502    -0.87    1.17
  -7647.155     2.742     0.64    1.12
  -7271.796     3.023     0.75    1.21
  -6899.101     3.505     1.29    1.19
  -6526.381     3.522     0.05    1.19
  -6153.639     3.788     0.71    1.15
  -5780.874     3.871     0.22    1.29
  -5408.085     4.320     1.20    1.52
  -5035.273     4.654     0.90    1.52
  -4662.438     4.462    -0.52    1.42
  -4289.579     4.657     0.52    1.33
  -3916.697     4.809     0.41    2.13
  -3543.793     5.549     1.98    2.91
  -3170.864     6.575     2.75    4.56
  -2797.913     6.788     0.57    4.87
  -2424.938     6.135    -1.75    5.13
  -2051.940     5.213    -2.47    5.03
  -1678.919     4.940    -0.73    5.28
  -1305.874     4.157    -2.10    5.57
   -932.806     3.588    -1.53    5.93
   -559.715     2.851    -1.97    5.41
   -186.601     1.746    -2.96    3.59
    186.537     1.527    -0.59    2.65
    559.698     2.114     1.57    2.80
    932.883     2.614     1.34    2.73
   1306.090     4.239     4.35    4.36
   1679.321     6.560     6.22    5.43
   2052.576     7.502     2.52    5.40
   2425.854     7.483    -0.05    4.99
   2799.155     7.246    -0.64    4.53
   3172.479     5.532    -4.59    3.07
   3545.827     5.157    -1.00    2.13
   3919.198     5.157     0.00    2.53
   4292.593     6.375     3.26    4.60
   4666.011     6.918     1.46    5.07
   5039.452     6.579    -0.91    4.92
   5412.917     6.873     0.79    5.57
   5786.406     9.511     7.06    6.38
   6159.917    11.114     4.29    6.67
   6533.452    12.107     2.66    6.67
   6907.011    11.505    -1.61    6.94
   7280.593     9.005    -6.69    6.75
   7654.198     6.343    -7.12    6.16
   8027.827     5.532    -2.17    5.25
   8401.479     4.142    -3.72    3.17
   8775.155     3.766    -1.01    1.24
   9148.854     4.155     1.04    1.17
   9522.576     4.375     0.59    1.05
   9896.323     4.376     0.00    1.28
  10270.092     4.424     0.13    1.42
  10643.885     3.665    -2.03    1.80
  11017.702     3.157    -1.36    1.81
  11391.542     2.725    -1.16    1.98
  11765.405     2.086    -1.71    1.78
  12139.293     1.365    -1.93    1.53
  12513.203     1.375     0.02    1.24
  12887.137     1.766     1.05    1.34
  13261.095     1.809     0.12    1.44
  13635.076     1.896     0.23    1.62
  14009.081     2.086     0.51    1.57
  14383.109     2.022    -0.17    1.40
  14757.161     1.913    -0.29    1.44
  15131.237     2.405     1.32    2.16
  15505.336     3.701     3.46    3.98
  15879.458     6.135     6.51    5.17
  16253.604     8.853     7.26    5.27
  16627.774     9.766     2.44    4.93
  17001.967     9.204    -1.50    5.64
  17376.184     7.983    -3.26    5.95
  17750.425     6.688    -3.46    5.65
  18124.689     5.129    -4.17    4.14
  18498.977     4.328    -2.14    1.79
  18873.288     4.788     1.23    1.51
  19247.623     5.155     0.98    1.72
  19621.982     5.617     1.24    1.83
  19996.365     5.829     0.57    1.74
  20370.771     6.266     1.17    1.79
  20745.200     6.219    -0.12    2.14
  21119.654     6.114    -0.28    2.01
  21494.131     5.921    -0.51    1.78
  21868.631     5.958     0.10    1.36
  22243.156     6.058     0.27    1.22
  22617.704     6.049    -0.03    1.31
  22992.275     6.121     0.19    1.37
  23366.871     6.477     0.95    1.59
  23741.490     7.064     1.57    1.48
  24116.133     7.298     0.62    1.52
  24490.800     7.703     1.08    1.50
  24865.490     7.683    -0.05    1.29
  25240.204     7.657    -0.07    1.31
  25614.942     8.053     1.06    1.13
  25989.703     8.288     0.63    1.05
  26364.489     8.448     0.43    1.36
  26739.298     8.483     0.10    1.41
  27114.131     8.746     0.70    1.54
  27488.987     8.875     0.34    1.53
  27863.868     8.829    -0.12    1.38
  28238.772     9.157     0.87    1.42
  28613.700     9.560     1.08    1.36
  28988.652    10.171     1.63    1.47
  29363.628    10.321     0.40    1.63
  29738.627    10.149    -0.46    2.18
  30113.650     9.871    -0.74    2.04
  30488.697    10.114     0.65    2.25
  30863.768     9.850    -0.70    2.08
  31238.863     9.969     0.32    1.77
  31613.982     9.892    -0.21    1.77
  31989.124    10.331     1.17    2.11
  32364.290    10.383     0.14    1.93
  32739.481    10.266    -0.31    2.07
  33114.695    10.244    -0.06    2.08
  33489.933    10.308     0.17    1.62
  33865.194    10.447     0.37    1.38
  34240.480    10.142    -0.81    1.44
  34615.790    10.549     1.08    1.48
  34991.123    10.746     0.53    1.54
  35366.481    11.179     1.15    1.50
  35741.862    11.639     1.22    1.43
  36117.267    11.853     0.57    1.60
  36492.697    12.106     0.67    1.60
  36868.150    12.681     1.53    2.19
  37243.627    12.873     0.51    2.30
  37619.128    12.996     0.33    2.31
  37994.653    12.951    -0.12    2.22
  38370.202    12.679    -0.72    2.24
  38745.775    12.988     0.82    2.11
  39121.372    13.401     1.10    1.94
  39496.993    13.408     0.02    1.77
  39872.637    13.657     0.66    1.88
  40248.306    13.975     0.85    2.08
  40623.999    14.320     0.92    2.37
  40999.716    14.396     0.20    2.28
  41375.457    14.092    -0.81    1.99
  41751.222    14.418     0.87    1.89
  42127.011    14.663     0.65    2.03
  42502.824    15.462     2.13    2.14
  42878.661    15.490     0.08    2.19
  43254.522    15.468    -0.06    2.09
  43630.407    15.703     0.62    2.34
  44006.316    15.681    -0.06    2.54
  44382.250    15.320    -0.96    2.46
  44758.207    15.121    -0.53    2.12
  45134.188    14.621    -1.33    1.69
  45510.194    14.201    -1.12    1.72
  45886.223    13.933    -0.71    1.64
  46262.277    13.515    -1.11    1.74
  46638.355    13.808     0.78    2.37
  47014.457    13.809     0.00    2.54
  47390.583    14.686     2.33    3.24
  47766.733    14.894     0.55    3.36
  48142.907    14.683    -0.56    3.85
  48519.106    13.853    -2.21    3.88
  48895.329    12.230    -4.32    2.90
  49271.575    11.532    -1.85    2.07
  49647.846    10.937    -1.58    1.79
  50024.141    10.853    -0.22    1.69
  50400.461    11.225     0.99    1.50
  50776.804    11.309     0.22    1.44
  51153.172    11.543     0.62    1.48
  51529.563    11.856     0.83    1.63
  51905.979    12.114     0.69    1.68
  52282.420    12.070    -0.12    1.78
  52658.884    12.163     0.25    1.90
  53035.373    12.496     0.89    2.19
  53411.886    12.660     0.44    2.09
  53788.423    12.681     0.06    2.03
  54164.984    12.830     0.40    1.88
  54541.570    12.490    -0.90    2.02
  54918.180    12.617     0.34    1.87
  55294.814    12.850     0.62    2.07
  55671.472    13.575     1.92    2.40
  56048.155    14.375     2.12    2.34
  56424.862    14.635     0.69    2.69
  56801.593    14.405    -0.61    2.89
  57178.348    14.049    -0.95    2.32
  57555.128    13.954    -0.25    2.33
  57931.932    14.070     0.31    1.99
  58308.761    14.088     0.05    1.96
  58685.613    13.924    -0.43    1.92
  59062.490    13.971     0.13    1.72
  59439.392    13.809    -0.43    1.88
  59816.318    14.196     1.03    1.79
  60193.268    14.483     0.76    1.75
  60570.242    14.588     0.28    1.69
  60947.241    15.005     1.11    1.75
  61324.264    14.940    -0.17    1.99
  61701.312    14.873    -0.18    2.06
  62078.384    14.913     0.11    2.16
  62455.480    14.918     0.01    1.92
  62832.601    16.706     4.74    4.91
  63209.746    24.469    20.59   14.92
  63586.915    40.121    41.50   26.57
  63964.109    57.234    45.37   25.34
  64341.327    70.371    34.83   16.21
  64718.570    73.277     7.70   13.23
  65095.837    67.894   -14.27   12.46
  65473.129    61.830   -16.07   11.54
  65850.445    57.179   -12.33   10.64
  66227.786    52.663   -11.97   10.68
  66605.151    48.639   -10.66    9.86
  66982.540    46.163    -6.56    9.06
  67359.954    41.331   -12.80    8.53
  67735.148    40.809    -1.39    8.62
  68107.768    43.114     6.18   11.26
  68480.412    46.049     7.88   11.90
  68853.079    49.724     9.86    8.65
  69225.771    51.433     4.59    8.77
  69598.486    47.918    -9.43   10.49
  69971.225    43.869   -10.86   11.15
  70343.989    42.962    -2.44    9.92
  70716.775    42.729    -0.62    9.14
  71089.586    44.197     3.94    6.71
  71462.421    44.522     0.87    5.27
  71835.280    41.375    -8.44    8.00
  72208.162    36.308   -13.59    9.03
  72581.068    35.201    -2.97    9.08
  72953.999    37.362     5.80   11.46
  73326.953    45.766    22.54   13.58
  73699.931    51.831    16.26    9.98
  74072.933    48.831    -8.04   14.35
  74445.959    38.244   -28.38   19.54
  74819.009    26.954   -30.27   19.46
  75192.083    15.808   -29.88    8.69
  75565.180    14.192    -4.33    4.39
  75938.302    14.490     0.80    4.26
  76311.448    15.383     2.39    4.30
  76684.618    14.894    -1.31    3.89
  77057.811    14.722    -0.46    2.77
  77431.029    14.725     0.01    1.99
  77804.270    14.639    -0.23    2.06
  78177.536    14.725     0.23    2.13
  78550.826    14.746     0.06    2.05
  78924.139    14.527    -0.59    2.03
  79297.477    14.910     1.03    2.16
  79670.839    15.469     1.50    2.74
  80044.224    16.268     2.14    3.14
  80417.634    16.462     0.52    3.31
  80791.068    16.246    -0.58    3.64
  81164.526    16.192    -0.14    3.81
  81538.007    16.121    -0.19    4.02
  81911.513    15.657    -1.24    3.98
  82285.043    17.188     4.10    7.05
  82658.597    20.038     7.63    9.10
  83032.176    26.877    18.31   12.07
  83405.778    34.027    19.14   12.32
  83779.404    44.746    28.69   13.61
  84153.055    53.288    22.86   13.66
  84526.729    55.379     5.60   13.28
  84900.428    56.375     2.66   12.41
  85274.150    53.848    -6.76   11.75
  85647.897    53.924     0.20   15.11
  86021.668    52.747    -3.15   16.67
  86395.464    55.549     7.50   16.84
  86769.283    56.246     1.87   16.38
  87143.126    62.683    17.22   20.38
  87516.994    74.596    31.87   20.67
  87890.886    85.745    29.82   16.43
  88264.802    88.875     8.37   14.32
  88638.742    91.350     6.62   13.94
  89012.706    92.017     1.78   14.06
  89386.695    92.171     0.41   14.32
  89760.707    89.496    -7.15   16.03
  90134.744    87.086    -6.45   14.17
  90508.805    90.517     9.17   14.75
  90882.891    98.875    22.34   20.30
  91257.000   106.532    20.47   21.47
  91631.134   111.873    14.28   22.45
  92005.292   112.350     1.28   19.43
  92379.475   110.538    -4.84   18.42
  92753.681   111.288     2.00   16.62
  93127.912   114.604     8.86   16.16
  93502.167   120.174    14.88   13.15
  93876.446   121.297     3.00   11.87
  94250.750   115.918   -14.37   17.27
  94625.078   107.992   -21.18   16.70
  94999.430    99.549   -22.56   14.58
  95373.806    92.400   -19.10   13.21
  95748.207    81.592   -28.87   18.26
  96122.632    72.877   -23.28   18.16
  96497.082    68.058   -12.87   17.39
  96871.556    70.365     6.16   19.98
  97246.054    76.527    16.45   18.27
  97620.576    75.850    -1.81   18.04
  97995.123    72.288    -9.51   17.90
  98369.694    69.461    -7.55   17.75
  98744.289    70.266     2.15   16.31
  99118.909    75.708    14.53   13.11
  99493.553    69.856   -15.62   17.64
  99868.222    56.828   -34.77   19.52
 100242.915    48.831   -21.35   15.47
 100617.632    48.371    -1.23   14.46
 100992.374    58.094    25.95   16.81
 101367.140    70.022    31.83   15.17
 101741.931    81.426    30.43   18.52
 102116.746    91.353    26.49   16.32
 102491.585    93.746     6.39   15.07
 102866.449    94.724     2.61   13.08
 103241.337    94.621    -0.27   13.02
 103616.250    97.894     8.73   13.78
 103991.187   106.829    23.83   12.47
 104366.149   107.681     2.27   12.82
 104741.135   110.701     8.05   12.26
 105116.146   111.475     2.07   12.51
 105491.181   109.183    -6.11   13.39
 105866.240   109.092    -0.24   13.18
 106241.324   103.725   -14.31   16.46
 106616.433    96.875   -18.26   17.76
 106991.566    95.648    -3.27   16.64
 107366.723    95.424    -0.60   16.53
 107741.905    97.604     5.81   13.74
 108117.112   102.375    12.72   12.33
 108492.343   102.246    -0.34   13.39
 108867.599    95.149   -18.91   14.46
 109242.879    91.549    -9.60   13.93
 109618.184    82.767   -23.40   14.03
 109993.513    73.788   -23.93   15.99
 110368.867    69.179   -12.28   18.52
 110744.245    54.828   -38.23   20.17
 111119.648    46.049   -23.39   18.75
 111495.076    38.849   -19.18   16.32
 111870.528    30.592   -21.99    8.83
 112246.005    26.650   -10.50    5.18
 112621.506    26.833     0.49    5.83
 112997.032    27.237     1.07    6.41
 113372.583    28.179     2.51    6.42
 113748.158    28.538     0.96    6.09
 114123.758    28.204    -0.89    5.52
 114499.383    27.979    -0.60    4.44
 114875.032    28.532     1.47    4.98
 115250.706    28.532     0.00    4.87
 115626.404    32.828    11.44    9.10
 116002.127    40.683    20.91   12.39
 116377.875    50.192    25.31   14.97
 116753.648    60.482    27.39   12.82
 117129.445    68.722    21.93   10.86
 117505.267    71.341     6.97   11.64
 117881.114    71.413     0.19   13.25
 118256.985    72.511     2.92   13.52
 118632.881    73.058     1.46   11.93
 119008.802    73.554     1.32    9.85
 119384.747    75.808     6.00    8.62
 119760.717    76.244     1.16    9.22
 120136.712    74.767    -3.93    8.61
 120512.732    71.915    -7.59    8.95
 120888.777    66.517   -14.36   10.90
 121264.846    62.983    -9.40   11.11
 121640.940    62.639    -0.92   11.18
 122017.059    65.266     6.99   10.29
 122393.202    70.114    12.89    7.86
 122769.370    74.894    12.71    8.00
 123145.564    77.600     7.19    7.84
 123521.782    81.086     9.27    7.31
 123898.024    83.400     6.15    6.44
 124274.292    86.527     8.31    6.84
 124650.584    90.395    10.28    7.69
 125026.901    93.901     9.32    5.71
 125403.244    94.543     1.70    5.67
 125779.610    93.788    -2.01    8.33
 126156.002    91.522    -6.02   11.71
 126532.419    90.918    -1.61   13.22
 126908.860    89.988    -2.47   17.34
 127285.327    92.183     5.83   18.41
 127661.818    89.962    -5.90   18.84
 128038.334    85.575   -11.65   19.29
 128414.875    78.683   -18.30   16.06
 128791.441    69.201   -25.19   16.06
 129168.032    64.588   -12.25   16.74
 129544.648    62.015    -6.83   15.93
 129921.288    65.208     8.48   16.65
 130297.954    63.092    -5.62   21.95
 130674.644    56.225   -18.23   28.46
 131051.360    44.979   -29.86   30.06
 131428.100    32.475   -33.19   23.11
 131804.866    23.043   -25.04    9.78
 132181.656    21.570    -3.91    3.56
 132558.471    22.371     2.13    3.08
 132935.311    22.686     0.84    2.71
 133312.177    22.532    -0.41    2.75
 133689.067    22.094    -1.16    2.70
 134065.982    21.958    -0.36    3.01
 134442.922    21.532    -1.13    3.10
 134819.888    20.617    -2.43    3.08
 135196.878    20.383    -0.62    3.51
 135573.893    20.308    -0.20    3.72
 135950.933    20.121    -0.50    3.77
 136327.999    20.339     0.58    3.95
 136705.089    20.549     0.56    4.11
 137082.205    20.114    -1.15    3.34
 137459.345    20.362     0.66    3.32
 137836.511    20.558     0.52    3.42
 138213.701    20.869     0.82    3.25
 138590.917    21.788     2.43    4.29
 138968.158    22.383     1.58    4.50
 139345.424    22.511     0.34    4.25
 139722.715    22.454    -0.15    3.56
 140100.031    22.267    -0.50    3.61
 140477.372    22.766     1.32    3.42
 140854.739    26.808    10.71   11.12
 141232.130    33.833    18.62   17.92
 141609.547    47.448    36.08   26.34
 141986.988    63.592    42.78   29.05
 142364.455    82.441    49.94   26.08
 142739.517    99.142    44.54   22.54
 143112.066   108.100    24.05   17.46
 143484.639   112.549    11.94   14.63
 143857.237   109.765    -7.47   16.95
 144229.860   110.142     1.01   15.26
 144602.507   110.277     0.36   11.57
 144975.178   110.005    -0.73    7.80
 145347.874   107.237    -7.43    7.46
 145720.595   102.896   -11.65    8.81
 146093.340    96.339   -17.60   11.87
 146466.109    90.527   -15.59   13.17
 146838.903    84.148   -17.11   14.76
 147211.722    77.742   -17.18   13.02
 147584.565    71.948   -15.54   12.45
 147957.432    68.244    -9.93   10.92
 148330.325    68.318     0.20   12.10
 148703.241    66.149    -5.82   11.96
 149076.183    64.058    -5.61   12.13
 149449.149    63.183    -2.35   11.89
 149822.139    60.596    -6.94   12.38
 150195.154    57.575    -8.10   13.30
 150568.194    56.405    -3.14   13.93
 150941.258    58.298     5.08   13.85
 151314.347    62.933    12.43   12.65
 151687.460    67.277    11.64    8.72
 152060.599    65.371    -5.11    7.60
 152433.761    58.892   -17.37   12.54
 152806.949    53.155   -15.37   12.67
 153180.161    49.788    -9.02   11.49
 153553.397    53.538    10.05   14.18
 153926.659    58.996    14.63   13.53
 154299.945    60.496     4.02   13.18
 154673.255    57.951    -6.82   15.20
 155046.591    51.829   -16.40   15.47
 155419.951    46.288   -14.84   14.27
 155793.335    43.657    -7.05   11.84
 156166.745    43.681     0.06   10.28
 156540.179    45.383     4.56   10.84
 156913.638    47.441     5.51   11.27
 157287.121    50.426     7.99   11.91
 157660.630    53.017     6.94   11.45
 158034.163    58.318    14.19   10.09
 158407.720    63.596    14.13    6.47
 158781.303    65.660     5.53    4.57
 159154.910    65.744     0.23    4.39
 159528.542    64.502    -3.33    4.44
 159902.199    63.234    -3.39    4.46
 160275.880    64.005     2.06    3.96
 160649.587    64.277     0.73    3.83
 161023.318    64.381     0.28    3.10
