#  201.000  -0.356  19.333 ;Mean Elev.(m), Avg Gradient(m/km), RMS Gradient(m/km) - SRTM1     
#  195.114  -0.328  21.742 ;Mean Elev.(m), Avg Gradient(m/km), RMS Gradient(m/km) - ASTER GDEM
#  203.074  -0.242  18.682 ;Mean Elev.(m), Avg Gradient(m/km), RMS Gradient(m/km) - GMTED2010 
 13 267.568806  44.572346   205.516   205.560  3 52660.69698277 30.239
 14 267.577472  44.569703   315.789   317.548  3 52695.69696207  2.406
 15 267.573684  44.570615   204.420   203.667  3 52730.69699149 50.233
 28 267.577139  44.568665   258.948   258.948  2 53185.69709085 12.459
 30 267.559492  44.572001   205.208   205.470  4 53255.69709344 23.647
 40 267.562292  44.568519   204.633   204.633  2 53605.69708513 14.134
 42 267.564162  44.571049   204.615   204.514  3 53675.69710403 22.337
 45 267.572174  44.567914   224.811   224.811  2 53780.69697537 15.648
 46 267.564260  44.571925   211.123   204.787  3 53815.69694397 17.006
 49 267.560808  44.571829   204.155   203.999  3 53920.69708905 28.055
 77 267.564986  44.571794   330.822   331.006  4 54900.69694776  1.675
 85 267.575054  44.568949   208.870   204.766  3 55180.69686642 25.339
