#   84.000  -0.017   2.787 ;Mean Elev.(m), Avg Gradient(m/km), RMS Gradient(m/km) - SRTM1     
#   75.498  -0.132   3.678 ;Mean Elev.(m), Avg Gradient(m/km), RMS Gradient(m/km) - ASTER GDEM
#   84.554   0.006   2.875 ;Mean Elev.(m), Avg Gradient(m/km), RMS Gradient(m/km) - GMTED2010 
  7    83.649 52473.68262989 22.29 270.648839  36.590819 15.475
  7    83.577 52473.68263054 21.62 270.647849  36.587549 15.475
  7    83.393 52473.68263118 22.74 270.646849  36.584269 15.475
  8    82.500 52508.68259630 24.63 270.654446  36.595337 19.446
  8    82.382 52508.68259695 24.32 270.653446  36.592067 19.446
  8    82.284 52508.68259759 22.15 270.652456  36.588787 19.446
  8    82.909 52508.68259824 17.71 270.651456  36.585517 19.446
  9    82.875 52543.68258559 14.83 270.667562  36.602562 10.821
  9    83.951 52543.68258624 14.12 270.666572  36.599292 10.821
  9    84.559 52543.68258688 16.97 270.665578  36.596008  5.961
  9    85.874 52543.68258753 14.45 270.664578  36.592738  5.961
 10    82.667 52578.68263303 22.93 270.652257  36.594185 16.245
 10    82.847 52578.68263367 23.92 270.651257  36.590915 16.245
 10    82.869 52578.68263432 20.54 270.650262  36.587639 14.379
 10    83.222 52578.68263496 19.67 270.649272  36.584359 14.379
 11    83.319 52613.68260020 24.19 270.646646  36.588004 17.658
 11    83.115 52613.68260085 21.97 270.645646  36.584724 17.658
 11    83.439 52613.68260149 21.29 270.644656  36.581454 17.658
 12    87.422 52648.68257976 51.84 270.659259  36.596547 27.056
 12    87.248 52648.68258040 45.86 270.658259  36.593277 27.056
 12    87.174 52648.68258104 42.32 270.657259  36.590007 27.056
 13    84.110 52683.68255727 17.86 270.660020  36.598099 14.657
 13    84.359 52683.68255791 21.19 270.659030  36.594819 14.657
 13    84.450 52683.68255856 29.18 270.658030  36.591549 14.657
 14    89.169 52718.68261345 22.25 270.653429  36.594599 17.826
 14    88.632 52718.68261409 21.71 270.652429  36.591329 17.826
 14    87.739 52718.68261473 24.47 270.651435  36.588044 12.334
 14    86.430 52718.68261538 26.14 270.650435  36.584774 12.334
 16    90.198 52788.68258388 28.61 270.660061  36.597310 35.958
 16    90.030 52788.68258453 30.04 270.659061  36.594040 35.958
 16    90.255 52788.68258517 32.66 270.658061  36.590760 35.958
 17    88.392 52823.68265479 20.48 270.660362  36.598423 21.471
 17    84.593 52823.68265543 25.53 270.659362  36.595153 21.471
 17    84.636 52823.68265608 34.29 270.658372  36.591873 21.471
 18    85.192 52858.68270122 23.86 270.661995  36.598226 13.158
 18    85.151 52858.68270186 24.18 270.660995  36.594956 13.158
 18    85.320 52858.68270251 32.23 270.660005  36.591676 13.158
 19    86.692 52893.68273429 24.79 270.650457  36.591548 16.941
 19    86.468 52893.68273493 25.93 270.649457  36.588268 16.941
 19    86.335 52893.68273558 26.70 270.648466  36.585001 15.811
 20    83.693 52928.68268555 15.43 270.645252  36.588609  8.926
 20    83.607 52928.68268620 14.61 270.644252  36.585340 25.191
 20    83.299 52928.68268684 24.19 270.643262  36.582060 25.191
 20    83.687 52928.68268749 36.21 270.642262  36.578790 25.191
 21    87.327 52963.68266407 29.55 270.666055  36.601622 14.548
 21    87.183 52963.68266472 28.72 270.665055  36.598342 14.548
 21    86.937 52963.68266536 23.91 270.664055  36.595072 14.548
 21    86.527 52963.68266601 24.37 270.663065  36.591792 14.548
 22    86.709 52998.68270436 45.37 270.647766  36.589485 18.877
 22    86.751 52998.68270500 45.48 270.646766  36.586205 18.877
 22    86.583 52998.68270565 43.31 270.645776  36.582935 18.877
 23    86.836 53033.68265751 19.83 270.646902  36.590187  8.199
 23    86.499 53033.68265815 22.02 270.645910  36.586910 19.854
 23    85.013 53033.68265880 28.38 270.644910  36.583630 19.854
 23    85.266 53033.68265944 37.23 270.643910  36.580350 19.854
 24    84.903 53068.68267061 33.20 270.658077  36.597436 20.128
 24    84.930 53068.68267125 34.47 270.657077  36.594156 20.128
 24    84.961 53068.68267190 33.25 270.656077  36.590886 20.128
 25    87.602 53103.68265991 24.11 270.644293  36.588159 18.518
 25    87.485 53103.68266056 25.14 270.643303  36.584879 18.518
 25    87.605 53103.68266120 26.75 270.642303  36.581609 18.518
 25    87.592 53103.68266185 26.99 270.641313  36.578329 18.518
 26    84.673 53138.68267477 37.39 270.660463  36.596790 21.207
 26    84.772 53138.68267542 39.61 270.659473  36.593510 21.207
 26    84.816 53138.68267606 42.44 270.658473  36.590240 21.207
 27    88.961 53173.68271633 30.82 270.654660  36.595114 27.477
 27    88.752 53173.68271697 30.54 270.653660  36.591844 27.477
 27    88.604 53173.68271762 31.65 270.652660  36.588574 27.477
 28    86.932 53208.68273304 16.08 270.651713  36.593563 18.825
 28    85.189 53208.68273369 18.74 270.650723  36.590293 18.825
 28    84.973 53208.68273433 21.38 270.649723  36.587016 20.942
 28    84.869 53208.68273498 23.95 270.648723  36.583736 20.942
 29    83.805 53243.68270005 18.78 270.655384  36.596237 10.037
 29    83.844 53243.68270069 20.71 270.654384  36.592957 10.037
 29    83.846 53243.68270134 27.22 270.653394  36.589677 10.037
 29    83.933 53243.68270198 31.43 270.652397  36.586409 20.463
 30    86.654 53278.68267756 21.51 270.659489  36.596167 18.284
 30    86.684 53278.68267821 22.72 270.658489  36.592887 18.284
 30    86.990 53278.68267885 23.98 270.657499  36.589617 18.284
 31    85.218 53313.68270534 17.14 270.653706  36.593162  9.508
 31    85.271 53313.68270598 18.16 270.652706  36.589892  9.508
 31    84.996 53313.68270662 20.16 270.651712  36.586616 19.042
 32    90.144 53348.68267043 26.90 270.656428  36.596303 30.301
 32    90.524 53348.68267107 26.54 270.655428  36.593023 30.301
 32    90.682 53348.68267172 30.20 270.654438  36.589753 30.301
 33    92.304 53383.68264130 34.96 270.660054  36.596120 33.868
 33    92.250 53383.68264194 34.02 270.659064  36.592840 33.868
 33    92.437 53383.68264259 37.57 270.658064  36.589570 33.868
 34    88.764 53418.68264955 24.90 270.663717  36.598213 26.058
 34    89.003 53418.68265019 28.79 270.662727  36.594943 26.058
 34    89.170 53418.68265084 31.50 270.661727  36.591663 26.058
 35    84.628 53453.68265386 28.38 270.664333  36.599088 18.382
 35    84.584 53453.68265451 28.41 270.663333  36.595818 18.382
 35    84.862 53453.68265515 37.07 270.662333  36.592538 18.382
 36    86.804 53488.68274170 22.52 270.645369  36.586874 16.738
 36    85.937 53488.68274234 24.39 270.644369  36.583594 16.738
 36    86.096 53488.68274299 26.03 270.643379  36.580324 16.738
 37    84.041 53523.68272741 23.98 270.658399  36.596459 20.523
 37    84.077 53523.68272806 27.98 270.657409  36.593189 20.523
 37    84.191 53523.68272870 31.27 270.656409  36.589909 20.523
 38    83.247 53558.68275615 51.47 270.644182  36.586819 17.437
 38    83.093 53558.68275680 50.82 270.643182  36.583539 17.437
 38    83.118 53558.68275744 48.97 270.642192  36.580269 17.437
 39    81.095 53593.68269140 31.11 270.658799  36.596414 14.719
 39    80.951 53593.68269205 27.14 270.657799  36.593144 14.719
 39    80.845 53593.68269269 21.87 270.656809  36.589864 14.719
 40    81.063 53628.68268392 42.54 270.654068  36.593066 21.397
 40    80.930 53628.68268457 37.85 270.653068  36.589796 21.397
 40    80.753 53628.68268521 33.25 270.652073  36.586511 18.819
 41    81.665 53663.68270838 16.97 270.652186  36.593992 16.725
 41    81.495 53663.68270903 19.24 270.651186  36.590722 16.725
 41    82.908 53663.68270967 14.91 270.650192  36.587437 11.671
 41    83.509 53663.68271032 18.74 270.649202  36.584167 11.671
 42    83.007 53698.68266873 16.69 270.653592  36.593986  8.839
 42    82.932 53698.68266938 22.44 270.652602  36.590706  8.839
 42    83.069 53698.68267002 21.45 270.651606  36.587439  8.621
 43    82.293 53733.68259066 31.79 270.654914  36.596068 23.394
 43    82.225 53733.68259131 30.64 270.653914  36.592798 23.394
 43    82.101 53733.68259195 32.04 270.652924  36.589518 23.394
 43    82.173 53733.68259260 31.78 270.651924  36.586250 13.013
 44    89.276 53768.68257140 23.56 270.663420  36.598502 16.508
 44    88.550 53768.68257205 24.94 270.662430  36.595232 16.508
 44    88.795 53768.68257269 26.61 270.661430  36.591952 16.508
 45    90.457 53803.68256894 20.65 270.656172  36.596400 10.512
 45    88.555 53803.68256959 21.74 270.655172  36.593130 10.512
 45    82.287 53803.68257023 28.48 270.654182  36.589850 10.512
 45    82.443 53803.68257088 33.61 270.653188  36.586582 20.310
 46    87.873 53838.68258569 35.90 270.659425  36.598265 18.622
 46    87.744 53838.68258633 26.85 270.658425  36.594995 18.622
 46    87.301 53838.68258698 28.62 270.657435  36.591715 18.622
 46    87.251 53838.68258762 28.57 270.656435  36.588445 18.622
 47    85.551 53873.68263432 15.69 270.657165  36.595480 14.700
 47    85.365 53873.68263496 17.72 270.656165  36.592200 14.700
 47    85.117 53873.68263561 20.67 270.655165  36.588930 14.700
 48    82.107 53908.68267851 42.99 270.650487  36.591444 16.215
 48    82.161 53908.68267916 43.29 270.649487  36.588164 16.215
 48    82.033 53908.68267980 44.68 270.648493  36.584896 17.422
 49    83.906 53943.68270404 13.76 270.641861  36.584410 15.682
 49    83.911 53943.68270468 21.77 270.640861  36.581130 15.682
 49    83.989 53943.68270533 27.55 270.639871  36.577860 15.682
 50    81.643 53978.68265348 44.17 270.647782  36.590073 23.808
 50    81.471 53978.68265412 44.44 270.646789  36.586796 13.897
 50    81.539 53978.68265477 43.53 270.645789  36.583516 13.897
 51    83.434 54013.68266259 21.45 270.663602  36.600083 12.164
 51    83.584 54013.68266323 26.63 270.662602  36.596803 12.164
 51    83.567 54013.68266388 23.03 270.661602  36.593533 12.164
 51    84.328 54013.68266452 27.36 270.660602  36.590253 12.164
 52    86.060 54048.68267027 30.79 270.663664  36.599163 19.772
 52    85.876 54048.68267091 23.80 270.662674  36.595893 19.772
 52    85.637 54048.68267156 21.31 270.661674  36.592613 19.772
 54    89.556 54118.68259438 28.89 270.647482  36.588855 29.143
 54    89.894 54118.68259502 32.16 270.646484  36.585585 31.915
 54    90.193 54118.68259567 32.47 270.645494  36.582305 31.915
 55    83.693 54153.68261887 22.08 270.653260  36.593050 13.514
 55    83.588 54153.68261951 23.52 270.652260  36.589780 13.514
 55    84.113 54153.68262016 22.56 270.651269  36.586504 18.551
 56    88.905 54188.68258881 31.56 270.649764  36.591789 15.045
 56    88.910 54188.68258945 30.49 270.648763  36.588522 14.429
 56    88.653 54188.68259010 31.80 270.647773  36.585242 14.429
 56    88.633 54188.68259074 30.35 270.646773  36.581972 14.429
 57    87.534 54223.68262836 39.95 270.655423  36.594776 24.661
 57    87.465 54223.68262901 43.67 270.654423  36.591496 24.661
 57    87.480 54223.68262965 43.71 270.653423  36.588216 24.661
 58    84.952 54258.68265004 15.38 270.654845  36.593495 10.665
 58    84.952 54258.68265068 16.69 270.653845  36.590225 10.665
 58    84.640 54258.68265133 20.18 270.652855  36.586955 10.665
 59    83.103 54293.68265279 50.14 270.656748  36.596332 27.440
 59    83.059 54293.68265344 51.83 270.655748  36.593052 27.440
 59    83.091 54293.68265408 51.59 270.654748  36.589782 27.440
 60    82.182 54328.68264751 39.31 270.655698  36.595486 21.106
 60    81.853 54328.68264816 34.22 270.654698  36.592216 21.106
 60    81.899 54328.68264880 29.31 270.653708  36.588946 21.106
 61    81.366 54363.68259562 31.25 270.649571  36.592086 16.598
 61    81.431 54363.68259627 28.27 270.648571  36.588806 16.598
 61    81.297 54363.68259691 25.13 270.647572  36.585537  9.859
 61    83.914 54363.68259756 20.28 270.646582  36.582257  9.859
 62    85.951 54398.68258768 17.79 270.658076  36.596356 13.998
 62    85.499 54398.68258833 18.69 270.657076  36.593076 13.998
 62    85.676 54398.68258897 18.92 270.656076  36.589806 13.998
 63    91.022 54433.68254626 15.76 270.652487  36.593529 14.992
 63    90.849 54433.68254691 17.49 270.651497  36.590249 14.992
 63    83.795 54433.68254755 21.60 270.650504  36.586981 16.195
 64    85.618 54468.68256981 37.15 270.661086  36.598693 16.253
 64    85.510 54468.68257045 37.02 270.660096  36.595423 16.253
 64    85.548 54468.68257110 37.73 270.659096  36.592143 16.253
 65    87.763 54503.68256155 29.04 270.652772  36.594616 13.895
 65    87.513 54503.68256219 29.09 270.651782  36.591346 13.895
 65    87.364 54503.68256284 28.53 270.650788  36.588070 22.349
 65    87.212 54503.68256348 28.57 270.649788  36.584790 22.349
 66    90.486 54538.68258555 30.01 270.656963  36.597176 39.850
 66    90.366 54538.68258619 29.81 270.655969  36.593909 24.073
 66    90.547 54538.68258684 29.39 270.654979  36.590629 24.073
 66    90.710 54538.68258748 30.53 270.653979  36.587359 24.073
 67    92.949 54573.68256253 36.57 270.651580  36.591725 25.515
 67    92.898 54573.68256317 38.33 270.650580  36.588445 25.515
 67    93.007 54573.68256382 38.12 270.649590  36.585175 25.515
 68    90.826 54608.68257889 47.22 270.655166  36.594362 34.501
 68    90.676 54608.68257953 48.36 270.654173  36.591086 23.485
 68    90.680 54608.68258018 47.52 270.653173  36.587806 23.485
 69    89.060 54643.68258743 27.16 270.653706  36.594018 25.223
 69    89.083 54643.68258807 29.04 270.652706  36.590738 25.223
 69    89.206 54643.68258872 32.11 270.651716  36.587468 25.223
 70    87.260 54678.68258858 19.26 270.654250  36.595583 25.615
 70    86.808 54678.68258922 19.76 270.653257  36.592315 19.505
 70    86.252 54678.68258987 23.55 270.652257  36.589035 19.505
 70    85.997 54678.68259051 28.88 270.651267  36.585765 19.505
 71    83.104 54713.68254184 16.55 270.651603  36.591690 22.327
 71    83.177 54713.68254249 21.19 270.650603  36.588410 22.327
 71    84.057 54713.68254313 18.45 270.649603  36.585140 22.327
 72    82.378 54748.68255860 50.87 270.655718  36.594407 14.725
 72    82.179 54748.68255925 43.61 270.654728  36.591137 14.725
 72    82.132 54748.68255989 36.83 270.653728  36.587867 14.725
 73    82.111 54783.68252883 28.00 270.654486  36.595635 10.379
 73    82.145 54783.68252947 25.59 270.653486  36.592355 10.379
 73    82.027 54783.68253012 25.30 270.652496  36.589075 10.379
 73    83.352 54783.68253076 22.55 270.651496  36.585805 10.379
 74    86.766 54818.68255046 49.04 270.657489  36.595876 24.518
 74    86.730 54818.68255111 53.27 270.656492  36.592600 22.341
 74    86.593 54818.68255175 52.54 270.655502  36.589320 22.341
 75    84.650 54853.68252609 22.77 270.653626  36.593437 26.946
 75    84.681 54853.68252674 24.57 270.652626  36.590157 26.946
 75    84.566 54853.68252738 30.02 270.651636  36.586877 26.946
 76    86.472 54888.68255609 18.73 270.653000  36.593654 27.936
 76    86.005 54888.68255674 23.12 270.652000  36.590384 27.936
 76    86.133 54888.68255738 26.18 270.651010  36.587114 27.936
 77    89.349 54923.68252704 31.22 270.646155  36.587536 21.123
 77    89.219 54923.68252769 29.55 270.645165  36.584256 21.123
 77    89.310 54923.68252833 38.98 270.644165  36.580986 21.123
 78    90.955 54958.68255240 30.82 270.655515  36.594286 36.925
 78    91.313 54958.68255304 30.70 270.654518  36.591018 24.516
 78    91.375 54958.68255368 31.72 270.653528  36.587738 24.516
 79    88.895 54993.68257540 22.24 270.651803  36.593129 20.877
 79    88.036 54993.68257604 24.88 270.650803  36.589849 20.877
 79    86.146 54993.68257669 28.38 270.649813  36.586579 20.877
 79    86.309 54993.68257733 29.10 270.648813  36.583299 20.877
 80    84.657 55028.68256544 40.95 270.653827  36.593567 22.235
 80    84.600 55028.68256608 41.57 270.652827  36.590287 22.235
 80    84.593 55028.68256673 38.22 270.651837  36.587017 22.235
 81    84.069 55063.68255691 18.52 270.654763  36.594050 12.462
 81    83.789 55063.68255756 21.48 270.653762  36.590782 23.149
 81    83.439 55063.68255820 28.33 270.652762  36.587502 23.149
 82    83.821 55098.68250379 44.68 270.647350  36.590416 20.865
 82    83.675 55098.68250444 45.47 270.646350  36.587136 20.865
 82    83.785 55098.68250508 48.01 270.645360  36.583866 20.865
 82    83.616 55098.68250573 45.31 270.644360  36.580586 20.865
 83    87.920 55133.68250108 32.82 270.656469  36.596112 24.738
 83    87.834 55133.68250172 34.87 270.655479  36.592842 24.738
 83    87.988 55133.68250237 43.38 270.654479  36.589562 24.738
 84    85.521 55168.68246606 24.96 270.653919  36.594154 19.995
 84    85.267 55168.68246670 27.03 270.652919  36.590874 19.995
 84    85.325 55168.68246735 25.82 270.651929  36.587604 19.995
 85    86.451 55203.68249353 22.23 270.656376  36.596373 16.242
 85    86.514 55203.68249418 22.79 270.655380  36.593089 19.930
 85    86.607 55203.68249482 22.60 270.654390  36.589819 19.930
 86    90.200 55238.68247409 28.63 270.650452  36.592572 25.375
 86    90.018 55238.68247473 29.68 270.649452  36.589292 25.375
 86    90.039 55238.68247537 30.62 270.648462  36.586022 25.375
 86    90.060 55238.68247602 31.61 270.647462  36.582742 25.375
 87    89.937 55273.68248775 25.00 270.653739  36.594436 15.604
 87    89.843 55273.68248839 27.12 270.652739  36.591156 15.604
 87    89.794 55273.68248904 30.47 270.651749  36.587886 15.604
 88    85.694 55308.68245668 41.44 270.650611  36.591047 26.928
 88    85.627 55308.68245732 39.65 270.649619  36.587777 26.619
 88    85.688 55308.68245797 34.69 270.648619  36.584497 26.619
 89    90.431 55343.68245610 29.86 270.656325  36.594877 34.704
 89    90.603 55343.68245674 31.61 270.655332  36.591601 24.235
 89    90.672 55343.68245739 34.77 270.654332  36.588321 24.235
 90    89.047 55378.68245111 32.70 270.653218  36.593791 19.906
 90    89.018 55378.68245175 34.27 270.652218  36.590511 19.906
 90    89.005 55378.68245240 35.80 270.651228  36.587231 19.906
 91    87.278 55413.68247484 31.40 270.658165  36.597125 23.899
 91    87.093 55413.68247549 28.62 270.657165  36.593855 23.899
 91    86.952 55413.68247613 31.05 270.656168  36.590578 24.293
 92    84.385 55448.68246407 21.46 270.654595  36.594805 24.647
 92    84.473 55448.68246472 23.63 270.653606  36.591538 13.679
 92    84.588 55448.68246536 27.59 270.652606  36.588258 13.679
 93    84.739 55483.68239247 34.88 270.649729  36.591498 14.096
 93    84.829 55483.68239312 31.81 270.648729  36.588228 14.096
 93    84.655 55483.68239376 33.18 270.647739  36.584948 14.096
